1000 1000
3
(99.99999999999994,732.8065950352732)
23 80
116
(486.5413705312139,900.0) 2
(589.2506900132648,742.5029439007508) 2
(621.9021554472417,697.0165370420084) 1
(633.6907903618571,663.9964440473289) 2
(602.9234213479838,697.21015959905) 3
(610.6571530971219,662.6299156160346) 3
(615.2147302085184,658.4446895755668) 2
(556.4689017041651,825.5074446942733) 2
(547.2904477987914,818.0864878451653) 1
(538.7114791184532,830.4522669198857) 1
(510.21172812801143,854.5061461198788) 2
(313.49121018789754,862.7351047935572) 1
(354.17056471726454,834.2725889105388) 1
(336.38335404550793,827.6112282465756) 3
(286.3244760320821,860.1249237844477) 2
(338.4387319587812,801.7030407119944) 3
(503.863142364078,618.5174842099655) 1
(390.19180734562775,313.85983774807073) 1
(385.96934619800095,317.21844441032255) 3
(375.0110541726218,312.02042345624045) 3
(355.69720410906484,410.92803850115143) 3
(359.64040195293285,382.68148623931165) 3
(311.1751865249079,342.4899116132384) 3
(292.7177439250826,274.70712261063636) 3
(877.9679871167444,100.00000000000006) 1
(855.9471447653589,104.8480109471577) 1
(236.15016918708494,639.1457335549001) 1
(526.3829351503628,602.1414840983057) 1
(674.7760075590855,147.47103806832095) 1
(723.5093157583381,144.09381385242352) 2
(659.4500374679345,110.06837296550874) 3
(643.9006567340939,112.7977063174741) 1
(317.7136713349952,439.6586471555294) 2
(292.8517903106963,444.7449627882667) 2
(298.2136457357754,423.934261418425) 2
(322.91541579996516,386.40127344075466) 3
(288.7149699096543,338.9414059045682) 3
(255.80285872543183,303.67975946121726) 1
(227.49300678167305,284.6004905726167) 3
(202.7353840569432,252.1836063131992) 3
(209.62015536386076,164.31992404038445) 1
(313.5396158269265,141.8224723181041) 2
(495.5783310294626,476.87886023343435) 1
(488.7084537655674,388.8141083820667) 1
(496.05866391137755,353.38862746745417) 3
(435.1680932366751,406.541742882263) 3
(462.2454631348856,398.34629580498813) 1
(446.32000781922824,393.6919074150045) 2
(442.7863961537127,387.2688514366207) 1
(477.45972790442727,346.7086492499774) 1
(451.0823780203302,345.9043709361626) 2
(449.4849919249674,288.11176117399555) 1
(457.542669105873,717.6075512797838) 3
(429.33335195119224,700.0884333795193) 3
(758.1900945305638,428.9014247083063) 1
(674.8616483051412,421.53632051987074) 2
(698.3607244092982,303.4042196686109) 1
(724.5667928007548,293.16456521032944) 2
(703.2832055705094,295.10451429137004) 1
(666.237997496265,344.2511321799951) 1
(612.0422990817972,269.1851562245221) 1
(744.9381199067285,231.82344973962452) 3
(740.0156387449882,212.4984291439331) 3
(731.9095559250537,223.37108042325656) 2
(684.0587197640283,158.5149708402849) 2
(623.0936788752724,245.61905692782278) 2
(591.9353412365599,216.53471475589708) 2
(619.5004910381965,178.87140390323628) 1
(600.6781443885566,175.26704553389368) 3
(674.9919711802639,612.5710376028733) 1
(693.8031472973724,601.72817440933) 1
(681.1134227910168,598.3137150862735) 2
(655.6446095201713,654.6913907778528) 2
(665.5901066322007,633.4078035476073) 2
(668.7662612694129,619.22122773457) 1
(661.4383921881364,609.7895751009912) 3
(733.9537633057956,511.6787913485161) 1
(689.4094046571051,530.601672787234) 3
(745.7126101343663,466.5572885395882) 2
(654.7174553528772,471.5095577865795) 3
(751.5771395058938,444.55878725260385) 2
(299.7589026816182,736.1506346259293) 1
(291.0793992116728,677.918650599762) 2
(461.6906600389172,241.41521333397392) 3
(432.93398680977924,220.73111132836706) 3
(390.19180734562775,211.68670380873942) 1
(366.551237834875,148.62160287830457) 1
(428.2423633122398,136.4755109355182) 3
(420.50490805261074,118.6324476032215) 2
(126.6640602092348,289.2399849198425) 2
(338.9153413296759,575.7827517675898) 2
(850.0044216692868,262.5870952427423) 2
(863.58778874693,232.19580081081793) 3
(261.1572671295289,560.7137039157963) 1
(163.79863254055493,513.2352188260966) 1
(162.32412229880367,505.6839391019981) 2
(184.3561351821915,474.01920400647856) 2
(231.38035196500093,420.8065124202417) 3
(229.99892949081652,407.4577265174226) 1
(126.53001382362105,431.69405774232297) 2
(122.03201288325556,395.6839856459619) 1
(635.4669049713716,625.096927638232) 2
(608.3150648591077,621.8649203402151) 2
(621.3138407547377,566.1686471089714) 3
(611.007163103914,576.8700168955221) 3
(592.6874904001934,517.2640574165493) 2
(581.0701369787477,425.3082368712305) 2
(580.9547081466474,423.25658246884507) 3
(588.9751502205261,305.8431191849475) 3
(566.0197066803353,323.77927028507565) 3
(558.453532913876,296.158267822899) 3
(554.6927870946506,257.3741802459024) 3
(515.5549659995772,277.220492341291) 1
(553.981596548535,199.75285197650817) 1
(519.6284867185678,141.20809305057548) 3
(519.1593243691843,118.37180185337289) 2
