1000 1000
6
(99.99999999999994,732.8065950352732)
23 80
116
(486.5413705312139,900.0) 6
(589.2506900132648,742.5029439007508) 1
(621.9021554472417,697.0165370420084) 2
(633.6907903618571,663.9964440473289) 2
(602.9234213479838,697.21015959905) 2
(610.6571530971219,662.6299156160346) 6
(615.2147302085184,658.4446895755668) 2
(556.4689017041651,825.5074446942733) 1
(547.2904477987914,818.0864878451653) 5
(538.7114791184532,830.4522669198857) 1
(510.21172812801143,854.5061461198788) 2
(313.49121018789754,862.7351047935572) 6
(354.17056471726454,834.2725889105388) 4
(336.38335404550793,827.6112282465756) 6
(286.3244760320821,860.1249237844477) 4
(338.4387319587812,801.7030407119944) 5
(503.863142364078,618.5174842099655) 6
(390.19180734562775,313.85983774807073) 6
(385.96934619800095,317.21844441032255) 4
(375.0110541726218,312.02042345624045) 5
(355.69720410906484,410.92803850115143) 6
(359.64040195293285,382.68148623931165) 5
(311.1751865249079,342.4899116132384) 6
(292.7177439250826,274.70712261063636) 3
(877.9679871167444,100.00000000000006) 2
(855.9471447653589,104.8480109471577) 2
(236.15016918708494,639.1457335549001) 3
(526.3829351503628,602.1414840983057) 2
(674.7760075590855,147.47103806832095) 1
(723.5093157583381,144.09381385242352) 6
(659.4500374679345,110.06837296550874) 4
(643.9006567340939,112.7977063174741) 4
(317.7136713349952,439.6586471555294) 2
(292.8517903106963,444.7449627882667) 3
(298.2136457357754,423.934261418425) 2
(322.91541579996516,386.40127344075466) 4
(288.7149699096543,338.9414059045682) 1
(255.80285872543183,303.67975946121726) 3
(227.49300678167305,284.6004905726167) 1
(202.7353840569432,252.1836063131992) 5
(209.62015536386076,164.31992404038445) 6
(313.5396158269265,141.8224723181041) 4
(495.5783310294626,476.87886023343435) 1
(488.7084537655674,388.8141083820667) 2
(496.05866391137755,353.38862746745417) 4
(435.1680932366751,406.541742882263) 6
(462.2454631348856,398.34629580498813) 2
(446.32000781922824,393.6919074150045) 6
(442.7863961537127,387.2688514366207) 2
(477.45972790442727,346.7086492499774) 1
(451.0823780203302,345.9043709361626) 3
(449.4849919249674,288.11176117399555) 1
(457.542669105873,717.6075512797838) 3
(429.33335195119224,700.0884333795193) 3
(758.1900945305638,428.9014247083063) 2
(674.8616483051412,421.53632051987074) 6
(698.3607244092982,303.4042196686109) 6
(724.5667928007548,293.16456521032944) 6
(703.2832055705094,295.10451429137004) 2
(666.237997496265,344.2511321799951) 6
(612.0422990817972,269.1851562245221) 5
(744.9381199067285,231.82344973962452) 2
(740.0156387449882,212.4984291439331) 1
(731.9095559250537,223.37108042325656) 2
(684.0587197640283,158.5149708402849) 3
(623.0936788752724,245.61905692782278) 1
(591.9353412365599,216.53471475589708) 2
(619.5004910381965,178.87140390323628) 5
(600.6781443885566,175.26704553389368) 4
(674.9919711802639,612.5710376028733) 3
(693.8031472973724,601.72817440933) 1
(681.1134227910168,598.3137150862735) 6
(655.6446095201713,654.6913907778528) 4
(665.5901066322007,633.4078035476073) 5
(668.7662612694129,619.22122773457) 5
(661.4383921881364,609.7895751009912) 4
(733.9537633057956,511.6787913485161) 3
(689.4094046571051,530.601672787234) 4
(745.7126101343663,466.5572885395882) 1
(654.7174553528772,471.5095577865795) 5
(751.5771395058938,444.55878725260385) 5
(299.7589026816182,736.1506346259293) 5
(291.0793992116728,677.918650599762) 2
(461.6906600389172,241.41521333397392) 6
(432.93398680977924,220.73111132836706) 6
(390.19180734562775,211.68670380873942) 4
(366.551237834875,148.62160287830457) 3
(428.2423633122398,136.4755109355182) 2
(420.50490805261074,118.6324476032215) 4
(126.6640602092348,289.2399849198425) 4
(338.9153413296759,575.7827517675898) 1
(850.0044216692868,262.5870952427423) 6
(863.58778874693,232.19580081081793) 3
(261.1572671295289,560.7137039157963) 2
(163.79863254055493,513.2352188260966) 3
(162.32412229880367,505.6839391019981) 4
(184.3561351821915,474.01920400647856) 2
(231.38035196500093,420.8065124202417) 5
(229.99892949081652,407.4577265174226) 3
(126.53001382362105,431.69405774232297) 5
(122.03201288325556,395.6839856459619) 5
(635.4669049713716,625.096927638232) 6
(608.3150648591077,621.8649203402151) 5
(621.3138407547377,566.1686471089714) 3
(611.007163103914,576.8700168955221) 4
(592.6874904001934,517.2640574165493) 1
(581.0701369787477,425.3082368712305) 6
(580.9547081466474,423.25658246884507) 2
(588.9751502205261,305.8431191849475) 1
(566.0197066803353,323.77927028507565) 1
(558.453532913876,296.158267822899) 5
(554.6927870946506,257.3741802459024) 4
(515.5549659995772,277.220492341291) 5
(553.981596548535,199.75285197650817) 3
(519.6284867185678,141.20809305057548) 4
(519.1593243691843,118.37180185337289) 6
