1000 1000
10
(0,0)
23 80
150
(881.180132422037,958.6688286245436) 9
(983.2399845683492,293.8129500535611) 8
(397.2318119935819,586.9976008674715) 3
(216.81687656798886,178.69671758189122) 10
(585.4920663371693,159.32521649373575) 3
(546.4295245894773,308.7990688833544) 6
(98.33643631732247,68.94220664511164) 5
(843.8448312389348,181.49009422494288) 7
(49.33803060597619,854.3021626356718) 4
(257.18678099898017,842.1528426381362) 1
(275.2135425733535,566.100287207001) 2
(807.256346158138,584.4659753553398) 3
(80.30503052724302,339.7889044195235) 4
(793.2529195350718,365.4937552656221) 5
(690.5649953407473,96.61629053447041) 5
(565.9153979258651,734.2554344886198) 4
(165.67425148224524,843.4237982513945) 2
(88.99967154642118,144.60669004609184) 8
(955.1818755291462,135.83210788503507) 8
(24.626289174087603,929.227719484376) 9
(899.2344445996912,115.40534447289164) 1
(490.36445439997624,370.94122104311623) 3
(484.2131105515571,569.0892516229687) 4
(533.0903282893747,967.0409781984259) 4
(368.20163187439937,340.725610006339) 8
(553.1351757924248,164.95267396592516) 6
(496.09760245960854,837.4085565088862) 8
(812.7394944237803,235.28502007193865) 2
(899.9161968675191,48.96156788804007) 6
(397.41669844129825,693.0125040731953) 10
(462.2888372573064,775.6973275063201) 10
(124.9399031459807,297.71520386392905) 8
(259.91241076003945,19.833281565406867) 4
(607.9978742113199,715.9292819064863) 6
(843.5094311405065,252.87070833750823) 4
(111.00023963152339,940.7292485266689) 10
(468.338927391586,647.6373296418992) 6
(421.9002584555973,558.676484961279) 6
(559.2399929491263,911.6949965816368) 2
(131.83354829795246,976.2470378033275) 7
(168.49754775830039,491.4724190845594) 2
(847.0644318332069,597.687500947284) 2
(963.6480802778004,697.2975249463728) 6
(275.1414575524784,169.56220361942675) 10
(58.6081981946297,211.49054414529266) 6
(233.98794428614,387.49426062834505) 8
(863.8469860909241,414.1521747993414) 3
(391.54804085467134,733.3299344675248) 2
(436.05386220801654,756.709563130847) 8
(113.30945674860693,171.96665990453462) 6
(833.647117427059,44.80185454886176) 8
(45.2629987247053,933.2460882650887) 7
(86.17471076864757,558.534790223933) 3
(806.1601624429206,423.95373372891856) 5
(241.11210527665438,395.0010030774821) 8
(678.9384155723066,125.30267581265787) 6
(619.1680410413887,921.45781276357) 8
(68.94720705371704,35.35290612632469) 6
(992.7478394454083,117.16895433886798) 10
(965.2917493355478,851.8828057133746) 1
(190.6716508269338,796.1555270403319) 6
(883.127517562734,329.98882088262627) 8
(520.3619961921921,616.1477683959137) 7
(770.2828769416886,26.540309515138194) 2
(777.0705400987724,237.28175387576934) 1
(793.3160607078767,365.7637484499375) 4
(390.1006325341432,404.99932460604316) 1
(468.6869549774447,766.2342019534863) 10
(736.0377890480627,785.2005828596986) 9
(63.859280823472034,559.4471764291201) 9
(31.491046144804248,385.1625955574938) 3
(596.5969486963293,293.6816371355662) 1
(862.4956596149516,678.4628413460957) 9
(420.84619510303577,740.5146528153707) 9
(554.1955667371602,76.60461919233319) 7
(832.3966394269623,257.6543074121792) 9
(883.5902647319099,89.11265246686273) 8
(256.3421976623723,378.71160683136964) 5
(0.36157976081341303,416.3402218318087) 4
(419.25724055361326,749.5300117982537) 8
(817.4826852889518,371.1131587858487) 10
(361.77929349664396,177.20082282247495) 3
(861.7034811758018,642.089656245908) 7
(961.4573444148426,464.29859177699893) 5
(270.61882163091985,761.020798638779) 6
(277.7216642572077,170.19651412158476) 4
(647.6524356839723,343.19016001403315) 9
(23.221643779551272,378.9510307171766) 1
(928.8113419386311,804.7836461338895) 8
(561.1613530038287,967.8229545621795) 3
(32.29115901030166,532.7361803513415) 6
(840.8836240231185,487.53462917204837) 4
(498.5639339646883,163.24086187687425) 9
(382.48708124850407,352.07962396143387) 5
(469.5956935891604,429.5530301047746) 9
(955.3828222493506,439.9710789328909) 6
(255.45839250301194,289.8526084618838) 6
(679.4438564752965,134.20204058691365) 6
(888.3451775214189,123.52554245749559) 8
(757.9653424937906,771.5322568830784) 1
(739.4794377107017,181.13983687505197) 5
(715.7632143030013,511.4552432965954) 6
(182.27109679015996,775.7733842355486) 1
(955.5556996746188,714.4798770305674) 2
(806.3244355204922,912.8984354590199) 8
(488.58022276694714,1.6765271666027148) 3
(191.74617872847833,461.71594552178783) 10
(134.31875824814153,783.5658991282615) 9
(865.8937318984505,363.60744742387453) 9
(109.41683335845632,389.62796887239557) 1
(224.50295625735816,30.12296625980426) 4
(484.09792910848705,508.5904709687119) 3
(726.9752671764397,836.2665170415697) 6
(924.0168240464881,632.9618150717228) 10
(577.766056127598,292.42447989632217) 3
(375.48585252539544,576.5739266392914) 5
(431.1362370074715,677.9429912412804) 10
(26.558643040943576,880.9146171857775) 9
(284.7056050942829,995.2294892014112) 2
(745.3125059029971,215.85321030011318) 3
(512.2638592116623,850.324133134959) 1
(421.3156075583683,928.1410001980761) 1
(591.8543072718011,11.691989430512528) 2
(544.3906263961197,600.8432944296082) 1
(303.2414491024666,295.7696583497557) 5
(445.6349404757862,209.32173742700533) 7
(443.4018512770145,116.50880515514295) 3
(217.41302757758075,501.805966235256) 10
(276.09643058451894,401.5189076292303) 3
(141.3051496930845,996.0558289907161) 1
(685.8438091013437,202.7930444351971) 7
(970.3144142222059,583.8934882277307) 1
(709.5552276555403,373.86872253090473) 8
(265.10043770225246,1.8507327902559378) 1
(71.38354369790612,247.28631229121612) 10
(115.25367751356485,995.1067916522142) 6
(683.6527967997789,274.3041027387876) 1
(85.21113416685355,838.3246887989721) 6
(182.16132066157041,586.0995653177604) 1
(801.1044720280291,19.45380652128126) 9
(596.6539066296892,687.7011518550879) 8
(869.3191794079038,295.83154882005925) 8
(276.8605841417985,54.67019408990903) 1
(313.366874116191,514.9880673675616) 8
(609.5804716500422,778.8360201883856) 1
(688.5411504168821,835.7685382326018) 8
(758.2134644392269,746.1351645828462) 2
(884.9719749893892,1.0656749641088092) 2
(983.1114168687286,942.0253968916667) 10
(788.3626555145286,935.2965794362087) 8
