1000 1000
10
(0,0)
23 80
150
(590.5867044458486,425.59600323153234) 8
(115.73505144750173,767.433982920823) 2
(849.106015992579,775.889923484272) 2
(32.99835756197711,804.4719678679968) 7
(745.7567023136771,277.20265168499037) 9
(499.7878419399926,925.3563132633711) 4
(969.9920373962447,830.0312739314535) 3
(420.69836819237184,663.6606582130141) 9
(964.4881485865075,785.978997429726) 6
(267.37941350068826,276.5113602396969) 3
(107.99756337391165,729.4456367367577) 1
(410.7925616145216,841.2641636556708) 9
(904.4741910845501,217.6085622692868) 7
(769.4211298628287,87.65485771169479) 8
(275.783733269677,900.6293321073555) 1
(203.29720068108102,361.41171484000836) 9
(124.51961755453588,706.9280984619635) 1
(791.2954065104823,777.2723089606819) 4
(129.60534513863198,557.9247271761456) 5
(829.860464576017,318.0419034203716) 6
(770.8920634624635,392.55160674895217) 9
(880.3002551118506,658.9713085584515) 4
(88.56863321258413,356.39126957897594) 7
(516.7380277431151,285.9702592564407) 9
(682.3653411169238,488.4957740217287) 7
(419.303209489389,570.452541114481) 4
(954.0503439898602,77.02562939639901) 4
(544.418805742346,529.5858868953142) 2
(32.026659116044186,971.2492790688821) 5
(938.6294241388656,279.11587257332036) 8
(966.2045901976344,762.0138984728926) 2
(118.61175047155514,680.6625458331492) 6
(294.5872541201008,610.1334140690111) 7
(206.46553015196645,429.7384833344039) 6
(595.068861982653,620.4268158103072) 5
(116.41359166874076,121.41576145397681) 3
(618.7576716444001,759.1607770778982) 6
(821.2174810963555,615.4493441448274) 10
(414.7330460393208,601.902585851641) 1
(279.3989241862799,215.79390023121746) 5
(32.86402241628128,14.169666922887124) 1
(799.6319040933352,425.9592127052063) 4
(127.87897182147823,242.78775871245983) 10
(734.9084140215617,675.459311144181) 2
(199.75906354101204,263.0307995541703) 8
(279.4665776955089,152.10805501302337) 5
(654.8897405165579,856.9913422694083) 2
(515.9911476899915,988.2167939795187) 7
(420.59983496390487,672.2490357844761) 7
(762.926500623211,982.078105889169) 8
(28.787666819819812,449.5514829767654) 1
(877.5600191570903,747.5294010800842) 10
(389.1502105712752,830.954609688765) 10
(514.9952559695336,534.2661891416683) 2
(484.2983576743145,840.3581281851666) 6
(863.293627310718,162.29967933439406) 8
(184.1785025851165,345.3137256496367) 3
(12.569614496947935,334.0513210892173) 9
(386.9711445527044,637.5430690591172) 4
(738.9667445454094,594.8255906289286) 6
(383.911150443215,686.5259362592934) 8
(373.11125392916335,693.8292224256862) 10
(244.22915054290917,841.0394429784573) 8
(841.686513832326,770.0959206247711) 10
(322.02002680349653,666.0817323912938) 6
(588.8324931987286,735.9327220973688) 7
(888.8879868332813,289.265916417381) 6
(492.78968016473476,464.3717212019428) 5
(602.6385686494732,696.2159254834874) 3
(288.2391385848705,404.9379340974838) 8
(709.9400148613153,822.7527765667336) 10
(119.66051274715505,886.5099419362941) 6
(111.23032150435964,727.8241605518625) 10
(888.0797939304878,236.34573726441423) 1
(431.3681137835922,701.1046507545634) 3
(673.3368291069557,579.8421639128295) 10
(62.90247168692132,169.8418154342236) 10
(129.64627402082508,240.8758529234657) 9
(558.1436847351242,983.4417474147932) 6
(701.1976210785328,59.538577350341626) 1
(272.1020959342716,601.3049848061258) 9
(923.3495389567146,913.9133974432631) 2
(507.6541244686208,116.75925448879399) 9
(26.128193218762476,733.8153705238057) 1
(534.9832688019696,751.3807600559641) 9
(714.9813987139498,751.2715370981596) 4
(140.40195212375673,441.06808710833667) 8
(22.497092779173443,891.9734143026774) 9
(55.37945613178585,587.2463852845589) 10
(101.78025122718238,613.0263734333367) 1
(242.15398704036096,290.00775780185927) 10
(112.84589034830172,651.6547395628195) 7
(904.433534603364,124.80710397969553) 9
(465.4628125329744,928.4707118741148) 2
(791.8771213846178,17.899771400638365) 2
(137.16583847246088,375.160746685708) 1
(216.48756438447924,772.4769996001031) 6
(945.7741627168361,882.278191650905) 2
(379.43306303241076,957.5206897291617) 3
(130.6804787478345,444.9728463955849) 10
(590.2019975656681,391.4578195556473) 5
(93.17981919058127,686.7684418197031) 2
(161.9262868128837,202.15234352118705) 1
(165.84946351395448,682.0128041222631) 1
(861.2585010582784,761.1856351698679) 8
(705.2042871695004,381.6985077219236) 6
(921.7277366278258,942.8051639902648) 8
(486.53992191568574,135.29947676078103) 1
(606.3902246333105,822.3681393099173) 8
(500.94743763323004,213.7036643501271) 4
(305.07441983117656,779.4186218435042) 5
(275.8341763821371,704.2372721739762) 5
(128.3436453708007,912.4163607233896) 8
(679.2198697479728,997.4341998924916) 3
(529.9206916771003,372.88531496342125) 5
(705.0618414668633,755.5833493492744) 7
(136.98304717972832,318.36046047263875) 10
(741.1572082376732,180.4146721299128) 9
(93.38976601637505,509.4989977985858) 6
(7.901228639691671,389.5416800703014) 9
(683.6366161200012,733.4998594339183) 9
(525.6057671447332,126.6232196299164) 3
(296.07942909029305,428.6783152794065) 10
(583.5235404255411,597.3000379593343) 3
(959.6520878255714,436.9630460948689) 7
(545.4718119634214,242.80425875201504) 7
(897.9447975172351,951.6539568828883) 10
(34.52401900703639,768.8300220838285) 9
(186.27941519603564,992.7817618314132) 6
(623.8107054492542,259.77022080376236) 8
(54.49286964870148,855.8282041480796) 10
(953.9669542452348,179.44902300453248) 2
(620.475902629548,948.1353155094481) 6
(122.30577764950723,6.460052771925517) 9
(236.1941300119641,852.6526866803267) 7
(64.2144812145885,113.78614936489639) 7
(455.4182140762536,521.1650878702254) 5
(501.0848407078038,545.2328906224844) 7
(448.0233249822715,653.6703276963013) 1
(435.9918056257597,742.1199173887168) 7
(456.87879489961705,566.9700614531092) 10
(842.728813403028,144.73296849784734) 7
(93.1816543938655,524.7691143450991) 5
(325.3887673457395,15.301951995785323) 6
(49.296550413932664,858.7735291424538) 6
(572.51357064077,434.4051204368725) 10
(231.53589840986334,499.04474142592545) 2
(448.7160687692675,1.4154815343833116) 7
(806.1491925351149,311.03163379012346) 7
(809.5114501443351,195.9443806025064) 7
