1000 1000
10
(0,0)
23 80
150
(529.8958234453248,545.7195107355788) 6
(614.6114628839275,33.027340394013336) 10
(158.44114341916216,490.8287151272323) 1
(639.3943412970408,874.4533387805052) 3
(593.5643559407222,617.5845590571226) 6
(490.4158763457704,958.4569219755002) 7
(63.9795028509923,322.0990528354589) 1
(606.0502779207009,747.4980876744563) 2
(910.4479768306637,311.9852896470935) 2
(531.5226174063025,64.86058381400683) 4
(487.93268206092336,78.70264117694137) 10
(794.5795307253177,375.3376350792369) 1
(105.7591115508283,933.3222999297473) 7
(957.5360812589529,116.39215496779698) 8
(437.82704047939114,69.1688249697493) 6
(914.4509255665865,646.0367360996253) 6
(897.524320309758,928.3968925104979) 4
(957.8753393477742,471.13908955276406) 8
(655.0431195357851,426.0341974757221) 7
(850.2422504820356,958.5255851850106) 6
(82.25492288362346,664.8710399047155) 9
(55.6691973285961,24.30012605081977) 7
(667.7482007352203,333.0975727037042) 4
(890.5974048113387,211.91313227803178) 7
(289.74178124962526,701.5065545084859) 3
(884.6165580226124,722.5373996493261) 2
(760.6380327478676,97.11199828140515) 2
(682.8958815986587,926.0451823879952) 8
(339.11907606658264,396.52359394475957) 7
(623.2018321627629,439.3049248772424) 8
(534.9085091250033,386.49207694196775) 3
(963.8854016942323,399.74581788633765) 7
(984.1362268792125,271.7321366426615) 2
(931.4254892655619,807.7476184577276) 2
(703.8691685743078,222.72223468624784) 10
(427.54276759991825,794.355438681586) 7
(476.07738975972825,256.4924419378709) 9
(608.221833764393,90.18085742584603) 5
(748.070743030291,538.1374816722883) 10
(354.9910603585091,339.75441875768496) 5
(158.22481812199675,517.3237679617417) 7
(430.18012598972354,653.4119003524662) 7
(645.2736416602105,871.4045067880501) 6
(862.1812652695949,241.98201159912125) 10
(768.1227871406924,187.3972752770007) 2
(408.1336826532543,904.9177989795405) 6
(440.26158557027196,727.8025772415095) 4
(486.0690433856838,774.2417429926847) 1
(437.48589472508456,44.378227784400146) 4
(589.8312464425095,241.80833743095909) 10
(955.5299424214462,50.806213597504815) 6
(761.8507897390268,123.91858498294705) 9
(126.43105321463288,794.4611906975294) 3
(203.80011761342976,436.0009734649454) 9
(148.09545592000774,310.722313154462) 4
(872.4153662289457,733.326350076899) 2
(574.0520349207488,481.591040856174) 7
(467.86814142679214,612.416882433829) 7
(893.0824842943766,109.14955311889895) 4
(378.4106771526144,35.87544098532369) 10
(324.9656958733683,62.988488203628904) 4
(234.09738030692995,996.4834119275256) 10
(274.61735856852675,699.9138472890024) 8
(656.4877827245391,97.68715330676059) 4
(393.24703496298076,362.44421516739624) 8
(610.8185850855917,56.63248380927821) 10
(471.3946054178437,667.3043999876973) 2
(103.31094930509144,749.6306301505864) 9
(848.819844648458,470.70691917554973) 10
(971.1073788120483,954.0511548805287) 4
(72.24147652482738,827.6962722917705) 8
(195.28358080384888,907.2838386060357) 10
(202.26482801468205,877.5005942680301) 6
(781.7200064299327,23.229756218202112) 2
(438.6562356736352,370.67632908578884) 3
(505.254657558178,809.586815965773) 3
(266.0058427205898,100.26751562813952) 5
(631.8140801688626,152.99006194207377) 10
(141.6178259549604,518.3032386687487) 2
(666.0389145719467,199.22064717260136) 10
(778.0408006390786,791.7922225818664) 5
(310.7924736678965,530.6953373236292) 9
(501.75707298803707,569.0142595638353) 2
(603.0650680784164,643.2341500503082) 1
(137.54028032908906,852.3421526418223) 8
(405.2781819734962,41.066967284100976) 8
(283.98090016248767,434.0118128805812) 8
(819.4137129499288,863.2882210917014) 5
(853.1147956597181,113.05098860615259) 6
(414.4658640998886,185.2304178943448) 8
(240.14225888144637,693.3508211557693) 7
(488.9728189783942,999.8729595072076) 3
(864.1287524465557,64.25378059251285) 3
(176.6321173002293,36.83182013027142) 6
(849.126040595893,524.2392964150981) 10
(214.71243177806144,586.0029064271807) 3
(211.41521690806263,657.5224350277468) 1
(876.4063511889217,198.58405490542395) 5
(152.8714628556762,679.7962987788858) 10
(63.30059978528446,581.8674535644403) 5
(842.1904825882755,663.6901799522141) 9
(147.32551500738688,196.30816664841166) 3
(545.5956443856103,426.7750246713907) 10
(852.3849712684028,539.1740520572371) 2
(806.2552226429455,261.2975294177209) 3
(736.0204087792695,152.7498844185724) 8
(854.6621794019354,815.4473768693366) 9
(665.1466461341276,668.4989006229702) 6
(431.4472887473838,299.19820288846046) 5
(436.5204044307297,772.8472009119174) 6
(251.4372547496334,740.5525642392142) 9
(295.1975276645745,207.9861065946933) 5
(511.4441728412624,753.7632162636772) 10
(309.62562380188194,987.1714772974178) 10
(233.86473489828873,769.2311412233299) 9
(137.91166129761535,861.5622466399232) 1
(121.31920700673315,265.1040767705414) 9
(356.75782194829384,686.6823910430907) 5
(400.3789256422622,561.0301352541625) 1
(16.904879370100765,77.3478934509536) 5
(94.02026706700106,376.2065992156265) 6
(623.5791512647382,992.6560252766832) 4
(445.76633212728854,612.9235321162689) 7
(445.7012816533109,304.6278007533142) 3
(450.21889071044893,266.70811882489795) 4
(936.1596359843239,748.4641576395031) 7
(641.3498912601824,950.356443315027) 1
(156.40777724336908,443.79749886837095) 10
(14.183679078866307,393.95685402768055) 7
(353.84494993528546,380.4687772679305) 6
(239.61968590090387,535.8906266289633) 2
(903.0572202839743,881.956918563236) 8
(302.45600999406963,495.0898650943888) 7
(783.1482401039978,172.7508197676989) 8
(560.3249393186793,620.1678324808065) 9
(442.74753961665635,349.92709096872034) 6
(215.61370345328857,924.3494038416733) 2
(705.0479464600844,591.7758837001011) 2
(239.10397801714322,585.4677034008852) 1
(860.5325402663673,21.23895478587057) 10
(510.00037925296147,953.2366182671101) 4
(158.2341567024107,624.3369502692656) 4
(298.40609935940074,669.8239875334174) 10
(410.9092577045341,284.2699551127077) 1
(256.6855809056635,570.6497053194495) 8
(511.4567267456044,71.32047414137254) 9
(713.9131542017806,856.3591901447024) 1
(47.85003970122392,771.585714950199) 9
(298.25852083193917,606.2983294309516) 10
(327.04043700527177,36.60056540772205) 8
