1000 1000
10
(0,0)
23 80
150
(961.0978436434261,923.2614115274805) 2
(664.5701413124765,605.1041585197756) 6
(543.0487818917354,549.052365261527) 1
(408.51157522396807,888.1241096766016) 5
(907.4057483044811,436.4450776409873) 5
(319.77125565226885,242.95570522283805) 7
(259.90339877882775,976.2553476071971) 6
(914.3313864625948,971.4640319674616) 4
(380.6934304614854,962.4639465494395) 1
(583.4377323354738,840.9747068598704) 10
(984.7525516239633,995.8716529717052) 2
(505.0970932830262,278.99846503211023) 5
(26.327152384192587,796.2275249732254) 6
(412.4728085841577,721.9100747119973) 8
(93.11591871984947,858.0807886823046) 4
(315.42342008973753,353.02817013319157) 9
(481.70253944300146,666.756522191396) 1
(870.9856407779553,147.29745850795283) 1
(379.9946702077318,859.8728422072152) 5
(880.038025019664,839.6762831458204) 4
(117.04507495265537,713.0617632864548) 3
(658.5239096643425,700.5419068523911) 6
(709.2263980105929,557.0645135813227) 5
(127.8296631953606,782.989533458544) 1
(228.04241324550756,241.51438626346533) 3
(798.531457771691,98.90721441595696) 5
(968.4340454213816,382.10868747719974) 4
(31.742533331209465,559.8065918007045) 10
(823.4963919072783,854.7386951095953) 6
(558.0156861156024,625.9221601396571) 1
(762.916795081184,506.09582560472745) 7
(774.5458928018138,15.589504650142306) 3
(656.4196148151789,410.77524395897535) 9
(776.8642184918541,316.8372464854332) 3
(251.70615501074468,731.3745916782113) 3
(334.24661958881353,790.4819976818372) 1
(536.1740800143508,663.8260846590588) 9
(954.045991337505,334.1933671530733) 1
(245.33459778859378,844.023624038505) 9
(963.6318700680574,224.80344879227187) 6
(114.57379423715442,56.04486310056134) 7
(397.5558794408827,986.3054214296951) 1
(220.0707061314674,522.3683072964848) 8
(187.97987247082025,758.3350193865219) 9
(382.2018119632287,818.9463900033644) 4
(313.34635917106533,43.69202206885814) 6
(850.7471583199149,328.95912745332566) 2
(236.00321739848528,118.84937249928618) 3
(293.58296182153754,803.0789107474932) 10
(394.22417259749744,595.7780487744251) 7
(160.26991494236398,667.8971554963629) 4
(804.9951885007464,821.67268256356) 10
(854.5534762306102,371.543164404305) 6
(795.7463762966668,187.7198146834137) 10
(243.60330113863472,664.1267902814486) 7
(543.2538295849786,224.33031294370653) 4
(840.4668678230886,308.73033573592744) 6
(666.536155480025,893.8623609085703) 5
(635.0192354992353,493.01440091345563) 2
(327.1866320773965,132.34601448677418) 10
(848.663839692869,799.2763806548443) 6
(702.7136989868023,10.802309686103406) 3
(336.78898205841125,748.0108903707124) 9
(551.5019707694621,589.9934969046046) 4
(35.3972897710485,310.64941230955634) 2
(643.564499219129,90.77693335899961) 3
(794.7796088807627,63.65002069991077) 3
(502.6409956311334,983.9340548889066) 2
(72.8203280683829,113.36742011769785) 10
(918.8907769540392,402.880199078134) 7
(626.6134136506903,734.5137535283103) 10
(595.3609105845355,683.654739453546) 1
(561.2726809444837,900.6097607602809) 8
(269.4251149730913,865.3556987443782) 4
(309.16553615898636,230.84585912497514) 10
(381.89464031520623,813.589523651634) 7
(956.2583102178535,60.067135896451404) 8
(519.5088179033335,157.91558044184185) 2
(345.89447632512014,756.0099835654352) 6
(635.5632591722759,523.1387884940136) 9
(505.96073923398575,356.67325567653705) 5
(450.47082470156386,901.4896406249493) 10
(754.3720458154359,847.0376387893768) 3
(627.934607601736,940.146596868141) 5
(317.10573627586814,138.22484517063728) 2
(30.73035483037789,193.7212047550505) 2
(338.49246921269616,951.7352747590091) 8
(44.50050054423227,20.408205771558443) 8
(189.49258833727768,582.4967684097029) 3
(266.7407867252967,131.6797659206207) 6
(139.30960588091523,563.1977280966047) 9
(939.8581739818039,952.763354722859) 1
(761.9419119219414,119.1602637072734) 6
(593.4180467237408,232.63790563085308) 8
(258.97454582927594,728.12375216602) 3
(637.831024222961,985.1526997106324) 2
(812.9845931383672,972.7252361830597) 10
(190.49848712988816,947.3894942798563) 8
(809.0558308665168,264.85271764473873) 1
(905.128887962473,484.2369202965631) 4
(262.40686223327117,838.1381925641256) 1
(328.371632170658,438.45650189958894) 4
(544.8479762990073,782.9923943498061) 8
(356.12171666590865,723.660680023749) 5
(111.39739083666478,53.54562254708295) 10
(810.2384864573903,812.1447188515393) 7
(295.8544010695401,126.35495696520394) 4
(521.9435008694002,93.17954829320341) 2
(861.4359524225289,507.0415430986002) 5
(27.56919378307665,745.651467068194) 4
(101.83548475236437,904.313590038717) 8
(742.0350242613387,993.2791764671081) 10
(831.324386040257,478.53540186105323) 7
(356.72155638005063,21.08524850690774) 9
(893.6341463275448,817.5074043916244) 5
(304.84849385881705,403.83595331498066) 7
(1.8764355156387635,244.2727964162962) 2
(754.3994617951221,352.4836602817214) 2
(709.707969335357,135.26602630567785) 5
(596.7826873336971,491.5583506918929) 8
(752.3122321440218,823.319156350326) 5
(570.77672483973,695.6215393430283) 9
(278.0386179652059,791.7574184828941) 1
(537.6938194380057,789.4451170773641) 7
(29.106471788441944,191.006934669002) 5
(373.2685612294507,180.40195415313698) 6
(231.70300772228492,580.229085403055) 9
(4.100928612562615,34.68537053199627) 7
(858.3913465174735,121.67841735592577) 4
(33.59763690609952,859.2066117966277) 10
(802.7399067458872,108.72656051286856) 3
(327.31693032081233,694.5528158052339) 6
(570.6508089360829,474.78325927512964) 6
(329.364219394502,746.693971098238) 9
(782.2420745037613,650.8797145384702) 2
(809.9252326724946,34.388947404264236) 10
(775.951350631788,897.1320160380101) 3
(680.1138688506398,611.3226672723229) 5
(849.3572189189571,884.1620551937726) 9
(497.41411272561777,652.0611727667119) 8
(379.5067547623173,142.95903521477936) 5
(885.2469863519179,231.94026033774907) 1
(722.6606600343051,680.6471066726599) 7
(67.50034332551935,553.7439169887266) 2
(239.6184321485546,463.6166303866155) 4
(447.21758051636107,484.1927353396103) 9
(224.48464893491592,966.2987488624799) 4
(647.2863521720836,773.4990844492331) 3
(259.20774273580395,619.7074646329162) 5
(613.2352236924343,427.50358773707984) 5
