1000 1000
10
(0,0)
23 80
150
(114.38845904876183,693.5522493227862) 3
(590.3018393047595,489.4584802501418) 10
(740.119535731024,405.4899322794886) 7
(727.363733398319,600.5518595641463) 10
(934.6055316601911,675.7100343128861) 2
(646.1437472018855,494.4838984371325) 1
(518.629191444149,412.21379588389283) 1
(648.941690744592,111.8262539403776) 5
(320.5040632356667,469.04734180905825) 3
(279.25689852995384,607.3854561479193) 5
(730.6080873661306,109.18249531411995) 2
(541.5231763960256,758.6303409111409) 2
(17.975507251616897,9.904419846217593) 9
(144.58750158250132,84.7749963718989) 9
(775.8009055086001,795.9228157419429) 2
(909.6960306066486,774.0668187827815) 4
(545.5537823229989,402.56920510806435) 5
(204.24493214547013,481.0595787309127) 7
(708.0780423101553,66.10682210645614) 8
(241.65739517657892,907.4044389077256) 6
(871.696640340073,828.6970266918828) 2
(126.43614824847305,850.7601896675716) 1
(730.0917407296838,290.57350980318097) 10
(903.2038882647826,337.48893647890685) 5
(316.38044643785656,987.9521979045568) 7
(953.648029902124,101.52580780860676) 10
(553.143176741278,530.9553286035001) 3
(275.6104697938959,924.7811432220203) 9
(79.38638661758613,948.8569111467898) 5
(597.1729867261164,146.04598961051286) 5
(142.11627472590138,634.7297143926966) 6
(761.5450707586964,10.596493113353866) 5
(329.66941460648445,826.4073938353978) 4
(364.1897058428538,115.39840086495002) 5
(835.1484358711022,481.36793071628693) 3
(113.02432737241863,992.0334252328443) 6
(482.6558259854783,629.3921506000873) 7
(862.0266106243383,329.5687632491239) 10
(838.6646908734739,616.960245316156) 10
(636.2484214020851,363.154488477291) 3
(283.4997374845438,839.415036169193) 7
(880.3606078108749,41.13158062081479) 8
(152.9657160933221,909.8234225729649) 3
(922.983252889966,519.3630911186593) 3
(874.6344193225755,81.57819034535841) 7
(119.75708742821445,797.0800118721897) 10
(97.60195440050646,856.7193018308375) 5
(792.9335155603964,665.9985599025333) 4
(834.5418608211836,689.4681841119507) 8
(10.0749549102207,796.2650476732723) 7
(392.5546507587955,875.4342755795934) 3
(768.4926902948096,406.21440373583073) 5
(961.0338908650245,331.8889753453471) 10
(36.85780886631329,654.3287352659617) 3
(903.9395382359321,56.71909116594287) 1
(27.314561657420853,177.15099275896262) 6
(841.7438787212028,810.0370713295486) 9
(705.0668840239649,901.2526212388045) 4
(495.5712904240982,947.842403212338) 5
(385.6623055102225,961.5832823096376) 6
(638.4215895583137,176.68123420523173) 8
(285.7090649128094,677.386066027237) 3
(577.6801265953101,678.6091133818919) 8
(668.7362473491276,82.17126945537578) 9
(572.1995662990237,259.1154328379498) 9
(394.07345292517704,188.88679203129476) 10
(659.3849947362686,609.4618278348912) 9
(946.7664017640207,472.3242223125397) 6
(951.1843839845214,678.3677199187691) 8
(978.0011726517471,844.8438533936861) 10
(786.0251972073504,822.6259584153652) 1
(316.51282144005177,358.5814935325411) 6
(402.43943538339045,844.5337015714138) 2
(269.50571020594214,286.72591055908237) 3
(367.87164239573934,786.3654369007556) 7
(127.21901231111099,606.1779104580402) 9
(399.6637072450364,512.8316296181343) 9
(31.802363340813542,910.1313815910685) 9
(315.63070080530207,313.1027848096585) 2
(731.5559015725333,514.4933578910465) 7
(896.1490652555385,971.4815283127538) 8
(668.7173607364159,576.465350724498) 3
(202.4599129473008,316.01563145455856) 2
(954.366828377185,62.46510687262641) 6
(511.8317766858181,752.1402746301156) 5
(195.03501681206993,439.60771546590837) 8
(684.533154271837,164.04143687955187) 9
(897.5614879833427,418.2774378693264) 7
(234.2326308982553,574.0376161023312) 2
(960.823705611195,845.7282026212135) 2
(744.8820467633252,961.0440055477609) 10
(128.49350653755863,976.6311502839229) 10
(753.3797372312338,582.4709657025755) 5
(398.4370465169711,68.65293655228344) 5
(110.16591617606208,88.94331007640943) 6
(933.3439085972518,740.2205740818405) 6
(234.04735484493767,192.30258731847806) 2
(224.60717633392136,884.6985289721745) 5
(616.9651845398625,762.7365856206045) 4
(192.9075128165405,731.3554491388945) 10
(75.7628361270286,8.25668697663895) 4
(70.49945047533923,937.5695391661405) 2
(798.7162803057068,16.76972182137837) 5
(304.14572496154614,8.246524937004507) 5
(779.6540507322261,68.99239821025127) 7
(203.81543396959634,824.5814351373269) 3
(117.27765557226688,410.50184131852166) 1
(642.425851482217,381.0611997533727) 8
(346.62954165441886,588.7835358323988) 4
(1.2242078309665505,359.8238206844846) 1
(907.0166881987562,114.34513549215886) 2
(401.5134885082883,779.2462599527863) 4
(205.10741686340617,699.4005887436806) 4
(483.3545781236613,855.6805103152541) 4
(381.900163899928,308.74279350886815) 1
(765.6763042456614,779.618307493508) 7
(124.82359188599246,542.3194109031487) 8
(693.0740427837068,898.5433491941462) 1
(725.8793908535471,927.9997566264664) 9
(152.21827682640975,870.8551458305974) 10
(453.88087418997293,741.7872463391017) 5
(89.81870727788022,642.7820951185597) 6
(638.2193409330387,939.028314914819) 6
(793.3143690901239,853.5677738796926) 3
(443.5948517182896,118.91425054914795) 10
(420.7051990729047,502.64750288503336) 4
(785.6013596853886,226.26712573870145) 1
(689.579411001495,120.30880732848415) 4
(25.164738825139032,713.4168916206036) 1
(763.8678938659443,398.3630115264389) 9
(814.650108659474,190.36449855541971) 8
(399.24277534083285,144.2909652248524) 10
(757.1557636917051,527.737676179617) 5
(940.3681014998316,760.9608886863806) 7
(735.2605449553486,470.41383665714375) 8
(629.6007645434231,868.9966103024666) 5
(886.3982536217123,727.8791602394148) 7
(498.35477058984935,503.9379636652601) 6
(652.1130151711807,104.78913646856492) 1
(329.34146354707104,549.8272959053905) 3
(591.6755118032672,293.4414741880611) 8
(631.0242901110191,766.5138051569543) 5
(767.6802532229236,480.8513899705558) 5
(385.0622680821678,318.36442530627215) 10
(690.903572547655,275.9155709895108) 5
(662.8098784787545,817.4375119958033) 10
(60.77863438672249,643.8237961179824) 9
(80.21043466070066,865.0198192488557) 3
(967.059918975101,898.0223107933122) 9
(300.564239084654,926.0586466855568) 6
