1000 1000
10
(0,0)
23 80
150
(859.8598728670969,29.097933648992157) 8
(545.8180755154198,177.94055615742843) 10
(665.8536493826366,443.87428513137417) 2
(176.72807601304663,325.38618366419234) 8
(298.2077938387915,639.0123088608432) 10
(544.2554481575929,586.0215939644647) 2
(973.5755766955597,895.1925358409039) 4
(320.1398203909721,856.5419303485756) 8
(708.9391706346581,170.79599194859784) 1
(511.0564233821349,659.7314895231762) 5
(383.0025088734064,683.1765857146312) 2
(894.1280115984079,67.32254122858372) 10
(204.63533956614677,214.81889303948333) 6
(450.33107164264527,692.662724895941) 6
(406.8683283307865,555.0448046011941) 9
(914.1065173922046,316.7529532586675) 5
(781.871090795911,664.1577321923123) 5
(806.9372214937237,599.3493277729714) 8
(341.8536123979022,715.4472568220997) 4
(623.819497141915,877.2283995739157) 1
(151.06488951299113,363.33470640738676) 2
(675.4261182752123,707.107182287987) 7
(774.490222227955,410.0411873244404) 5
(706.8126492288427,75.10601299683373) 8
(850.1097849016077,558.3141888385719) 2
(658.6140079952893,547.017157832181) 5
(732.7469989179034,335.56450172864294) 5
(72.30324578368375,965.8208397693364) 8
(35.60774663812805,88.83747883104675) 6
(454.5901649596272,424.39925653940105) 9
(993.4410705146728,145.29314687276906) 2
(567.9962433496811,47.652764594017015) 6
(328.3564247011989,254.59200144263784) 3
(288.7760700658486,679.5389184188654) 6
(936.9237325876045,469.04881724987433) 4
(300.40830741299317,492.41358195026964) 1
(230.19279057563347,908.7608485697289) 2
(624.9795664103173,102.1569146730309) 2
(144.04621256790418,862.6853000323102) 1
(402.52196399809384,31.123724632725835) 10
(983.1946795647398,837.2187207986931) 2
(286.4310133582174,871.8492371847307) 7
(518.9096922130632,611.7811424352304) 6
(412.58598230736663,476.73058126430556) 8
(202.14968582769643,936.0661251820046) 6
(269.6494489108671,226.73071897901232) 6
(732.2385034966037,881.1435621237325) 6
(863.7902115655169,22.178044197702086) 2
(469.8087806563045,119.75148175785178) 4
(957.0804949507756,556.8852293365496) 2
(413.3105460522961,310.933944641001) 7
(341.70456993349086,336.7845301730642) 4
(735.4496815907951,576.1734831666625) 7
(829.5417210521265,85.13568238246837) 1
(697.1598718529847,168.77872787137804) 2
(254.29007220187384,891.0925507971725) 10
(841.86582448604,790.5376294222251) 7
(940.9216695136047,255.08045508565368) 10
(67.17077295465424,398.0712313649503) 7
(537.2873618645538,766.2665795877477) 6
(786.5439749681269,434.30436792526075) 3
(322.75645772349617,735.8046960841567) 1
(242.55320911891675,186.31586459165794) 10
(718.9458863875558,639.1923734063746) 1
(90.91808064878504,693.6125266307868) 9
(836.1871200964399,233.59301863271332) 2
(817.529199338696,444.2134595417352) 7
(68.05550432832331,902.7520913404095) 8
(813.448809714516,251.31206829191876) 3
(902.9918536826207,75.71750990584714) 6
(258.1189968873543,475.87972976385674) 4
(425.32269276800207,740.2111134183615) 4
(740.4777385485157,738.7374948426339) 8
(500.392339229497,322.39410376914134) 2
(980.9193327596578,356.0965478437903) 4
(88.81332153016197,797.3670480698055) 8
(284.0322378580549,784.8415974978365) 4
(518.2256590110918,720.4985995936102) 7
(326.1245960556624,207.65205458150905) 5
(785.1351360413223,584.6002561973477) 10
(802.1895085965045,72.59120274019482) 4
(526.5125894013963,931.1888690707685) 9
(804.92190827693,937.7210750670017) 6
(945.6036983960968,319.115974217729) 3
(527.7500994893492,175.55664946372374) 5
(98.81503770552425,237.91199060265967) 1
(100.7253606994013,649.1365346895191) 7
(469.00060822057435,260.66694082949857) 5
(609.0936096350007,539.383890185058) 1
(980.1550886748428,500.41790507014827) 8
(517.332493242741,196.74377045747238) 7
(795.8752481118835,741.2884962859185) 9
(364.01325968771727,957.0391467160631) 8
(212.56177741009628,94.31430952232034) 3
(695.3327768071482,791.7291666883033) 9
(373.2398655860973,733.0937778302421) 9
(793.8461922775007,518.323412168445) 9
(936.2744733131866,902.1414456145657) 9
(540.489067092778,98.33019520351394) 2
(727.7561143160598,609.3194085711993) 7
(946.6447390557794,786.7364561371751) 9
(821.8795460883456,682.4888393685429) 1
(492.97344755701886,752.3532413600257) 9
(726.8390680125876,450.98665654241245) 6
(587.8303342383563,395.747100175031) 4
(874.2621674993181,391.6261075849742) 9
(700.900737570935,464.41602670407434) 4
(44.97047843776436,346.4903877079575) 1
(25.54886503385456,897.1674875711828) 4
(471.18457921644284,23.965536466262094) 3
(784.6779467128905,943.7272911422198) 8
(230.92158033159416,442.9564417292292) 7
(954.3388636795888,96.5044321066858) 3
(991.3875725818341,445.00929165726797) 9
(130.88941645396125,923.3564832106157) 5
(35.88954338632844,882.7002927566806) 5
(184.5808821756898,445.3068880965303) 7
(258.6994760921779,175.32302531089928) 9
(280.0818203448925,49.404783166591585) 1
(129.48323092800274,404.1157639569383) 3
(413.56602699648613,766.1093286813981) 5
(420.1742066924582,665.1977971564064) 10
(568.1327449888893,379.54749302294823) 1
(638.0780360865116,341.6252478550957) 8
(227.47429657761842,166.02629676938906) 8
(537.260077891936,630.4598737512368) 9
(508.9290000678158,478.0638162213595) 3
(168.69501013559352,525.1057101825961) 10
(13.34932712187964,233.28138832669342) 8
(365.2963267301058,554.6515900926642) 5
(316.9372638447905,592.6491167808153) 1
(556.4217167766519,715.9016063960547) 2
(991.7754238805936,773.5494543664156) 1
(132.40514148638295,738.3081183077217) 3
(218.00699699492742,377.7122058377118) 10
(718.9582699150048,661.4677071550343) 2
(732.7211611255792,76.9882283983484) 4
(976.8393753729256,65.34957088053595) 9
(378.86040036147295,915.8089159802781) 9
(559.9299831312895,333.09168908411425) 2
(479.09986260400797,861.4998096355455) 4
(662.2085487827252,361.12224315902665) 5
(351.26481586567894,602.5438652364195) 4
(683.1881491462565,127.92714403854345) 10
(7.876101076444764,230.69645506436586) 3
(185.74257523693217,202.12781602517782) 9
(48.50633636300938,856.939597485618) 8
(630.6839038337071,119.09216109985299) 2
(998.4998525245688,736.1903174989147) 7
(691.9180517005302,431.2210118563158) 8
