1000 1000
10
(0,0)
23 80
150
(135.85461817210464,816.9203320608127) 1
(875.7100600862409,806.5615562897957) 3
(481.33072398973167,155.48845870884708) 10
(25.252730984111626,466.8814392936802) 9
(24.596675048746185,481.1880215791065) 2
(787.9674508926067,216.5170973530096) 8
(868.2074359880849,229.80011180642447) 6
(72.01154335286486,479.21575971031217) 5
(659.3005025403447,339.6559451937997) 3
(899.407201103051,737.7803451656736) 10
(759.2323683486223,782.1448865668298) 9
(239.38146968748475,656.890197727537) 2
(978.8712482058874,778.187301108663) 5
(245.64720170391809,735.3389539139397) 2
(24.68411037319873,424.68055026510984) 4
(453.9922162778623,620.590593956293) 7
(174.4061559074741,703.4265548842401) 5
(416.18591348523756,727.7648115717203) 8
(935.567569874167,401.85398558339256) 1
(312.08285878420486,423.5878632810773) 2
(548.8135916737353,622.3416950133743) 2
(669.0943151525923,300.99505024086784) 10
(123.85799038966971,438.9175524817117) 1
(543.8934250231404,215.5260159626301) 2
(809.4802441031462,98.21060845279861) 9
(328.6589232576629,60.59410237009655) 1
(768.0751287998048,346.19043184072507) 2
(210.09767140628165,653.7359734830242) 5
(24.811437512112235,993.4543908191309) 10
(528.9387140256567,78.53948233492669) 2
(15.40648863444838,558.7713931443917) 10
(954.5776997488173,955.9963072401364) 1
(99.75321977266604,382.0088131765202) 8
(872.7849881913352,184.69329319562044) 10
(127.81597487031982,155.2861127791717) 5
(41.538640976168104,272.90264404791395) 10
(487.8343335111751,420.7783522381861) 4
(196.25490793233945,840.8214066122484) 1
(314.84590384395415,730.2283124780275) 8
(299.833119987697,782.5577100365331) 10
(163.87892494418165,369.24391200046244) 1
(367.0144800600563,142.10328383577698) 10
(526.0476613968746,357.2195857054441) 7
(666.7845786094074,511.81381786811164) 6
(211.4921051305374,790.8240502109504) 2
(15.282598463146947,845.3398089445534) 6
(247.81871625790131,805.3474769125851) 3
(18.170705290539434,301.64672917135573) 9
(204.72112317207203,742.7996831788615) 8
(704.811299821745,750.7433390192749) 3
(111.67177866418577,79.56526133253861) 4
(541.6234597346944,677.3781087247414) 9
(602.2919419814518,930.9874639489424) 6
(76.19511789928002,611.7365099907511) 2
(124.65536314198467,112.013418065943) 9
(731.3771742617656,875.9017922977088) 10
(746.2178509648278,166.36299256958586) 5
(643.4992229624536,559.9384140076751) 6
(972.6780494296249,485.66082731336) 3
(862.8700466628673,52.66486745571663) 3
(973.7230005760682,350.9553006274304) 5
(688.433162793434,427.410556309731) 4
(933.675807727272,173.7482842997107) 10
(218.3285725067613,233.21913579623043) 2
(968.3100522781048,820.1310097336533) 6
(534.114683424868,530.442002529887) 6
(818.3805966023162,682.438151583643) 1
(446.58931023841285,373.7132655660262) 7
(574.9424686706255,731.0891343010794) 8
(916.4281125549021,564.9030997251763) 2
(449.8572310643113,530.9021963558525) 6
(610.3924850962871,743.1048037597774) 4
(751.1306962608189,767.3069754054337) 8
(288.12590370152446,957.5388584017855) 1
(680.6933479060842,630.8667611353625) 10
(465.5336007606665,919.165288871352) 3
(980.0854017843686,151.89288267631096) 8
(314.26746600584187,552.4398699505344) 6
(501.88594912121766,5.960900399848867) 8
(915.9244067539975,208.4006862876404) 10
(23.605826561572172,356.8547307083451) 1
(684.1624138108826,169.1112079699797) 7
(358.46290264363836,709.9966267696637) 4
(892.4756080402221,491.3618432441145) 2
(205.4567027571387,93.65941605708628) 1
(617.090781342956,334.5903117856144) 8
(287.5025132816823,184.7926144003761) 3
(194.79372608399325,909.8880915150701) 3
(677.0853559174154,923.3830676747392) 5
(339.5127088563845,586.9390934056663) 8
(824.4311387755719,301.35001223235867) 1
(278.69907027867424,801.3778862566292) 4
(230.0391429353964,465.08958527945896) 1
(875.3312128440699,139.81254706963352) 7
(710.0700101392493,571.0219916019092) 6
(50.906148932137626,378.55114954691936) 6
(111.89956637022802,411.031368502439) 7
(28.851712464124326,21.611198332856073) 2
(519.2177356526772,592.4846952884053) 8
(295.7086976797546,502.91066016043715) 7
(246.84354627857462,776.1457444980418) 5
(730.5710897855113,810.8203236959268) 4
(386.6332067515774,161.7352066466351) 1
(623.794213226923,603.012777964621) 10
(11.892491481716894,71.77598714772337) 4
(233.38114671626698,185.62099980650626) 1
(690.1457046146388,609.8558309123234) 9
(711.4446889864778,286.5777011359938) 5
(545.2537392377943,536.4875578640722) 5
(192.55020054179795,56.30518805155826) 7
(915.7025121157632,647.6172559266679) 10
(547.4854401626341,953.9988274308691) 2
(115.5085126601183,881.5221891216183) 7
(71.91043897448746,898.5154178410565) 2
(839.9733895450757,290.79893075220684) 3
(620.3105387173857,910.3342721136711) 5
(700.3963565121613,181.1117126370847) 10
(466.1419129332032,468.2822833444327) 1
(135.11295085646069,700.3868755967271) 5
(983.4249197936786,548.6452826681812) 1
(837.4877630878956,966.4624796406414) 7
(87.050664959342,610.412481056752) 7
(290.05632883377984,826.8497816856718) 10
(625.071637845089,275.3411377985694) 5
(821.4135075036029,103.14257626577839) 6
(257.0584326189951,209.77393744000716) 2
(95.03837446190278,263.5288326816463) 5
(442.5547710774971,328.076075389181) 6
(936.8778152914476,747.8090646177619) 9
(631.7456058229347,346.4393572426381) 1
(895.0132429228926,976.5306900815781) 1
(77.13762576229787,533.4070207554367) 8
(559.6578969379801,745.1281017067483) 3
(248.25967483061717,68.6340034937053) 7
(299.1743874592584,443.47632639783075) 5
(296.53950654019326,888.1912885901555) 7
(259.51146499824654,126.58557707499862) 3
(91.43592784525222,187.8360866460096) 7
(932.0904203505472,69.41438126377619) 4
(134.69801129040272,179.46126537386985) 4
(623.2993798160297,862.646649473398) 5
(805.8154364543988,660.3506186960178) 7
(710.5369937284106,258.74113693980337) 10
(520.478570798848,558.6050348209068) 10
(40.893688130488435,615.8490351247464) 10
(645.3798471055593,593.5554006455053) 6
(759.1023977483388,253.52262865302555) 1
(930.9690121556171,243.02281062457064) 7
(847.19478417939,280.80882176749543) 1
(185.63531375315802,564.9199200393284) 8
