1000 1000
10
(0,0)
23 80
150
(511.84575527444474,319.29632359235103) 10
(92.43627370555419,220.27983170250587) 8
(504.0825667137949,619.563745787221) 9
(82.18105837435208,879.4859627271746) 9
(329.15185455762975,630.8805622071153) 6
(3.7788974372523487,962.7967132415317) 2
(835.3514667030176,437.50876264496287) 2
(401.6627688652906,825.268329682927) 3
(272.86633675771424,926.482272479336) 8
(350.86356490144857,633.685951531019) 8
(25.932998741768245,325.1201832545615) 2
(986.1430396344755,2.9541343350676375) 3
(753.2452851764415,183.63437111054049) 8
(544.052118266175,155.59446094836994) 10
(364.6677159043502,378.5099217838477) 3
(995.0162583945396,711.7837813742326) 3
(606.6020663549613,649.5246442500655) 6
(149.2427838451079,32.35417806886287) 10
(859.2736660943576,7.589096473793688) 6
(907.2077190713622,33.19663274356544) 1
(843.1826082951111,629.5002615151597) 6
(192.7412715212652,90.69714781099391) 1
(740.6465661197641,69.36311432956055) 8
(919.5809711192534,557.3119388860093) 9
(25.103593685105064,545.0185353172357) 7
(422.7397546477518,823.7218640953896) 3
(906.8597190392137,583.7469977457336) 3
(135.5289446477007,599.798603544362) 10
(876.1011705931377,568.7172863690628) 5
(137.95588999726195,293.9622348724722) 1
(28.58625896072342,458.0333597945258) 8
(370.22740297428646,884.7055162034081) 10
(990.3794191609776,34.197640722990805) 6
(706.4185807205811,230.882026027588) 7
(319.71638948161876,955.6826677626292) 5
(358.1677912947344,888.3310033766135) 3
(987.9081157658636,297.69885664466864) 5
(319.0085270296268,368.15660919407065) 1
(702.0424939339051,590.954232300085) 2
(871.243762133341,874.447045940299) 1
(196.9590303910198,38.750598561607895) 4
(983.6239409287898,705.7278702345424) 2
(594.017658603801,786.5943062516371) 3
(295.46423297460035,456.1263716619349) 1
(696.7659097564272,672.9039878466614) 4
(122.03006002310568,67.45639239243606) 7
(161.02856514822471,49.48243578090239) 8
(809.5797402560871,437.1788047499) 2
(909.5922687881578,815.6809902512916) 6
(698.4237524947246,404.4474955114256) 3
(249.71264369439328,484.49780277989186) 1
(269.1912776973848,313.0762175599256) 4
(515.1752236463348,344.5986222150464) 8
(765.8469450693196,351.503065317625) 1
(158.31120968265176,40.6097195341808) 5
(656.6229599354436,633.8755188812837) 7
(251.36997738842325,586.6342533931212) 8
(394.5161663183592,4.827887720642465) 2
(244.93654120831943,538.5475243595333) 7
(859.4636103969997,226.3341524471989) 9
(329.9492552846551,552.2521684364602) 10
(944.5987847667128,553.702619916825) 5
(909.2535515805218,878.5554906589263) 4
(688.6946569636416,686.5272836854897) 8
(326.09374739193044,776.785378162399) 1
(64.91946103242208,642.3564982092227) 6
(841.5038278283998,564.9489846678092) 5
(535.1866651496157,477.3560672211059) 7
(283.84589253049666,483.94950510760924) 8
(969.7620844147813,552.0279522035563) 7
(560.3337628733041,79.3413754877682) 2
(716.9576817464474,186.2609660611867) 4
(791.2736858667535,259.8803491840942) 6
(655.0116582110468,948.6972755924596) 6
(988.0489242126143,611.6719148416288) 9
(205.97422592122172,20.458590593710248) 7
(865.2774887006744,789.4117484131136) 9
(589.9045906389135,974.9947238889132) 8
(866.0150760479247,923.8765784337634) 5
(598.3086716346971,251.8254941693009) 10
(253.87344558968005,881.840651450515) 10
(658.5614892456974,849.9803245340067) 8
(536.3605043713437,570.6221420944764) 5
(354.1617836005192,337.4250347723188) 4
(56.75018322969905,822.1949193420144) 7
(216.35924083514945,915.9705420721591) 2
(434.15893172547646,514.7863753098226) 8
(184.7119103708641,851.4175172153326) 1
(414.6216095187304,312.9098850374646) 9
(985.4163856524829,152.25456524715176) 10
(521.1657863987742,801.5911182791406) 8
(26.78110487705043,703.1171812485343) 1
(177.35021776351235,205.29666356748754) 4
(74.85246838221515,35.14750449122983) 8
(341.1332746453407,165.78067137130427) 7
(628.5731566926515,852.5960043851331) 8
(500.3499938581776,925.7435567826353) 6
(750.6553417251108,745.7906150302117) 10
(444.735908109902,878.5863511530835) 1
(970.7296824946785,246.97499079560802) 1
(4.653241568751687,994.1094024271824) 9
(419.62755593456,27.33089680167089) 10
(652.4061503061307,370.29976604539206) 8
(798.8661109290426,743.7859475573217) 1
(865.9942220077003,48.830092305360175) 3
(633.8552172591307,814.6255460640299) 1
(830.5831432528807,915.8770046814731) 1
(15.664602970843378,878.2159359411462) 2
(550.1527325803709,39.91282711446298) 4
(695.9397466434509,286.8934812302325) 1
(781.6263851785232,701.3253040150636) 1
(161.08474382015214,202.51280400853977) 2
(642.8088603802136,817.9374274533832) 9
(768.0723592233081,831.3049027166751) 3
(663.6413941148529,435.63937464306315) 3
(170.45186458772977,524.4680356314668) 2
(282.2778958026739,759.8255327901577) 8
(640.9221196988277,56.07990642150706) 2
(276.68574883906507,391.2388949844132) 4
(187.56848151698813,82.21650692053717) 8
(559.6149974863332,809.5863663337728) 7
(755.4327841475823,263.34473818809755) 10
(314.03818756076464,235.3592575561627) 9
(914.6832059639597,549.3661576217822) 6
(49.66570654309932,765.1809497541701) 7
(74.17673514230484,931.3225295640502) 8
(50.97461680121618,788.1107778200884) 10
(321.04314698061955,980.633180177271) 1
(325.77747005827297,195.28948961760463) 10
(800.843988718067,294.6575245563061) 3
(276.01179657330533,864.5803724395382) 2
(975.2192993499965,582.9452531615127) 9
(907.1600487172481,802.7638265487624) 1
(616.0593013383963,33.09876350597452) 9
(827.951198231665,618.8732455668435) 10
(567.3881366043133,467.6344206122257) 3
(371.37809179520497,588.1063254378822) 2
(180.8649236319726,642.2348905850038) 9
(470.5675506704374,960.8938683295406) 7
(387.7370650961417,835.8613868199602) 2
(365.20327284180865,284.54586685751104) 2
(87.357864886074,909.5807003518252) 9
(960.6688021580956,226.9627971861925) 8
(88.23540064737989,339.0545392328692) 4
(61.77452795447136,496.63128874187555) 5
(884.56925783087,795.0889904177668) 6
(275.7476398529335,665.3917128945442) 1
(915.3180010849277,875.4156338269679) 1
(641.9284456184565,934.102362356158) 8
(940.0381638138658,479.5303197879217) 1
