1000 1000
10
(0,0)
23 80
150
(581.2202221097018,758.2973260159748) 5
(207.34597036035885,862.1332198182686) 8
(655.9316173519812,292.5381512442302) 10
(48.324262255253544,889.4852067117536) 10
(870.3993464131745,917.9108677247367) 8
(927.1293094779869,228.21122811571104) 9
(863.809378285847,793.2502368887413) 3
(522.3634504361631,100.63365732280172) 6
(288.36153251463116,793.1895764995112) 5
(442.6044473630349,724.0702233669022) 7
(755.1430882777271,616.1581243717009) 10
(777.2925370020358,399.9230973028155) 8
(836.9438285984297,957.8634372625653) 10
(220.98452231533315,909.658962982171) 3
(343.24205067170476,22.697248224493592) 7
(295.1901800914908,315.75365163366564) 8
(25.879089182227034,600.9124058714419) 6
(544.4400806555929,617.9640205845852) 7
(127.22433180212522,439.38054024716735) 2
(61.31327857993163,774.054710304972) 7
(256.30711206192905,786.5605455181698) 4
(383.6812481033738,311.93141034574114) 3
(290.46709234292456,973.652029604914) 5
(328.51243339622283,916.9535502879845) 8
(855.7399530828089,213.5580543039225) 4
(211.33614263155653,680.2803879906846) 1
(236.93135423507505,998.1534769183584) 2
(43.971110117166475,809.6359025529028) 6
(374.9888014037492,224.99519208076845) 10
(746.2171110934789,407.97332872445855) 1
(274.45597331305873,466.8348621216507) 3
(228.2565950490755,673.6507712343683) 5
(579.3942957266318,415.6775152399673) 8
(429.75035054542775,234.2272556700743) 6
(666.9280949888201,403.2281291854907) 9
(755.9742932627538,829.1273796755374) 8
(82.15645815932982,672.4615020321586) 4
(439.26389209755143,442.5768592339564) 10
(826.6481721695599,440.22573029515036) 7
(797.6469692392401,139.80453960956484) 8
(416.06693038397367,376.06399540956625) 2
(888.5348543972374,54.655781258780564) 8
(701.9112839523133,452.9995563342089) 10
(758.23589587143,516.9354297571908) 7
(704.295408623645,594.3309525481206) 7
(364.7091740396489,819.1814468112952) 4
(436.7666703230365,512.5383606017996) 8
(98.6303693685624,928.4015696512824) 8
(664.7734889895332,73.94818160169991) 5
(744.9123947199316,634.8781742319819) 6
(137.68097817675218,521.2474072436917) 9
(924.0002455713203,870.2191697826827) 3
(46.731748644060374,73.35134821179501) 4
(208.02551211841168,704.3165041846258) 1
(381.84035410949747,42.287145888121216) 3
(271.282689830067,192.3022590736363) 5
(55.84590751725504,925.9463732081521) 1
(844.2655977198909,681.6873627359198) 6
(579.6967435824849,576.290038707038) 6
(341.8790835999015,456.92971937885807) 5
(258.0120275041402,682.4311976532209) 8
(521.5227502145304,32.211437614431794) 5
(86.09353832543553,741.515732531026) 6
(573.2989626350383,39.71688394908246) 2
(375.3619325806078,451.34241153873046) 10
(713.54486854916,943.780187840586) 1
(150.4789509116451,958.0357596078355) 4
(552.7694905376884,183.87123739540445) 5
(756.275734484073,181.43098337247042) 4
(646.0749113129517,868.3831277469831) 8
(910.8271112115033,943.3392960509734) 3
(2.346647695394166,70.03990677851846) 1
(479.66045172118675,539.9912444121545) 4
(240.5282997022189,752.876174348282) 4
(663.8377403741194,615.8084883949855) 3
(828.1020137154226,466.4214053828162) 9
(529.2566389885865,671.5217457007694) 3
(167.54918932915575,704.1669000802083) 10
(797.0280850697898,111.56721355760013) 4
(41.693855082015396,159.19496320037075) 8
(646.8732043982754,206.06956559935398) 3
(39.6204717392713,708.7726206058079) 4
(33.79423791505487,637.6924731287806) 9
(462.62659318517984,199.7375597053104) 1
(863.9937399937922,546.0952751827491) 4
(351.1517524628413,791.134978106989) 3
(378.1459836389858,919.8430620583728) 7
(342.15685257308223,614.7059965647421) 6
(467.7119336592938,208.1918338403914) 8
(852.9074190755048,546.1535593916097) 1
(266.0063825973336,812.5744586653302) 1
(584.1035990385546,195.93245034418993) 8
(100.46748467162526,356.0970958791871) 9
(678.3205048040679,17.655037567771316) 10
(531.8482719820641,833.4741926880985) 3
(431.1700845986852,187.6969565210389) 8
(219.07334087969932,448.67095659274094) 5
(752.0949267102666,521.5812199015728) 10
(854.3736571287391,642.1170413972932) 10
(244.2088386425142,0.4706451687419566) 7
(262.8589021481014,882.2490401745579) 7
(205.90155391638797,998.6125848757555) 3
(470.13677572589364,248.0027135204823) 9
(457.13513066853915,906.7387842476923) 9
(98.67837129172707,68.63303010819388) 6
(927.7151946103193,246.29592538330735) 6
(546.984766423997,921.8276460941537) 2
(970.9302738790153,508.50839373431387) 7
(746.894892445867,537.1082883771455) 6
(995.0168435908764,193.77956509345273) 7
(943.1445338431583,386.4308322151532) 3
(254.20908734686276,989.5089879350354) 1
(818.5289137087525,690.7416502982499) 6
(863.0574020216038,938.1070655840242) 1
(730.7377907994547,809.5400116216333) 2
(893.2246084791747,881.9793069515198) 3
(1.2902722724607019,287.04835051804855) 9
(189.59218958862013,113.81172116289218) 7
(686.4769478951551,569.9927954119793) 9
(392.8357955920019,715.1604806511301) 8
(375.3533203009344,392.7391857421545) 6
(529.0946956653896,47.58848894585843) 10
(782.9702713147766,861.2077680997209) 5
(911.7490298079629,447.2226868396033) 9
(428.04368668231365,325.4031408410685) 6
(865.3325110242099,123.61765352448795) 1
(425.1491403264137,991.9720617609705) 3
(84.41581033076973,384.5813887658387) 8
(175.0009718566765,334.8220811044757) 1
(99.2557610488567,117.09098921403383) 8
(710.7339671650292,646.1915642276559) 10
(163.8988088775193,538.245133816524) 1
(56.80504735147029,922.680903321298) 5
(977.5110042531019,630.5110112524527) 10
(813.5791040904106,271.8811031717851) 10
(850.0048388858708,536.0267270062633) 10
(430.9258732207438,783.9878262100088) 7
(773.5185508044747,128.98935374373477) 3
(658.0795397999467,455.7515319207619) 6
(977.559041193302,724.7275344694411) 4
(520.3456726798846,464.0049011587406) 9
(637.8455595277705,355.2697491442918) 3
(417.22922170867207,836.229450703943) 6
(194.11998653898087,322.13997757543314) 9
(430.97058569937207,554.2275732045655) 5
(184.65074115786928,930.0428026966831) 2
(471.128850182577,853.7344458060313) 6
(101.0799200639545,160.58924554458042) 8
(940.6425339022671,381.4575202299145) 3
(893.6033566258352,619.5614658197198) 9
