1000 1000
10
(0,0)
23 80
150
(951.6527779976518,6.639390217304197) 6
(893.9593882607315,770.2988749981794) 7
(601.6149405540878,854.3586386552336) 3
(769.0187547521973,175.59341032829468) 10
(553.5187475465543,100.26694763101085) 4
(418.9063562731583,518.864128332447) 10
(728.8127870633507,8.672353955350044) 3
(173.94468389745822,983.4069102905079) 2
(253.45721552930456,877.6793320041951) 10
(603.5376536717023,105.17705747107742) 7
(352.86048066618025,164.6614147522858) 10
(211.99358754628673,704.8517421528978) 9
(35.31611685031755,62.55968777448295) 2
(800.3202084696153,4.228788255677074) 3
(171.55098190708262,395.65746416165325) 1
(236.2137964155786,626.9654560433692) 9
(919.4853497581728,413.5025921609683) 2
(640.0053073427796,892.2961878095869) 1
(149.046143678359,445.9979666488386) 2
(332.11006423605227,661.5100220469695) 2
(675.4028901716704,963.0549994196831) 4
(469.9393568409035,350.73416329567476) 6
(900.9172541925242,867.1550863242852) 8
(246.11823764907982,299.07955484780655) 3
(55.55724954368513,35.544798740285714) 2
(523.8090854918837,224.42969530531053) 5
(508.08222365161436,917.9322956686613) 2
(847.5160193258902,628.6427308667797) 8
(949.100062277608,427.85704662635726) 7
(512.0622054836484,589.0557746776378) 3
(12.575276355386688,213.2812024492695) 8
(728.6490116275085,43.28289698875631) 5
(505.4035311187681,716.047586605886) 7
(825.9612639689752,153.9839173770413) 8
(821.2778252099685,231.69004415007933) 10
(531.3979326699412,20.443719145413986) 2
(509.887121462593,242.8254309075507) 8
(920.1638395725088,705.1578682459768) 4
(710.5550274803945,200.53362587157187) 1
(252.65972766373667,621.389911442511) 5
(843.1179616444756,44.104320714683844) 7
(22.02373568127747,368.31704080382974) 3
(575.2437439043936,986.905549794076) 2
(912.5888179753567,924.1424670002766) 7
(213.15191347384533,778.2814074886047) 9
(569.882628199311,159.64895794787205) 7
(465.4352171097902,225.92125310993038) 2
(369.62242764355324,893.5039418725132) 4
(865.4128828784173,815.923701476495) 3
(757.0924439513064,115.54041810906423) 6
(102.61079634584169,189.75724677344454) 8
(594.7102509553958,143.96160213377962) 2
(825.1441674195395,287.24930195306206) 3
(869.2959301981189,121.61684575306997) 9
(144.58749592927978,387.8116551813786) 10
(569.8167946730584,850.2788461537594) 7
(907.1644747542229,665.9938688612274) 10
(335.06337782112064,462.88225584912425) 9
(343.41526083552577,787.4392474654808) 2
(991.0020626666036,545.5905598955733) 9
(835.6134861128822,639.402575076232) 4
(544.906561899882,241.28544042526713) 9
(838.3165834681664,134.46914320105031) 7
(631.9006804526362,632.6757436778955) 10
(510.4586212137738,265.3222808824318) 10
(321.0787655642874,861.6765775795253) 3
(296.51374162754763,712.6426740529074) 9
(638.6060044744556,523.6000002538295) 1
(158.2378407926327,48.6113363970464) 2
(436.3412357518305,421.2673597315084) 10
(37.04774664000554,80.20717312552961) 8
(92.81076721859804,693.001262365117) 3
(749.1008362165497,751.034021391772) 9
(950.4242261379592,801.1707768904467) 6
(175.18076320821874,442.8984839949167) 2
(768.433981844578,663.8992984360824) 6
(217.92886097085085,672.9784515102044) 2
(749.3585128805232,10.42149582294638) 1
(559.8990284683812,654.2042709080499) 10
(569.2274584869633,632.6522557470971) 1
(862.8165775360808,518.1520099709757) 5
(251.13763012410828,214.2045942069245) 2
(251.84301418043597,944.7532779485059) 7
(174.4046705209351,32.99824714590483) 1
(653.2141659141876,588.678967794254) 10
(45.828085243903246,474.43699422007404) 6
(356.6670550198482,309.0650000568992) 3
(919.0241001006119,458.26388960633943) 7
(513.2011013461942,839.3666077881882) 9
(423.6601953191883,825.5313592008811) 10
(769.9297828206486,272.8592510550698) 2
(940.2213452786274,687.3288358702863) 10
(247.4758785125478,77.70701302542071) 4
(103.71857800613493,183.0031652131765) 1
(648.8231070764068,818.0719709951951) 3
(397.42721035358807,841.4530364222497) 4
(242.61976223026062,376.0450740605584) 7
(275.11045347189724,400.0989495062135) 5
(176.21102765023255,567.814508754509) 2
(360.2141655529343,577.6606320548462) 9
(752.235513454082,767.3207853974285) 7
(735.7814260569179,455.44188265102525) 7
(982.2357739593384,337.6772732879574) 4
(281.0466249534156,527.7080304270105) 7
(657.8263936635559,441.87830557978833) 7
(884.315965697764,994.1142902266647) 10
(241.16129270632024,794.6126839405656) 2
(317.1069260283257,833.0482944915187) 1
(756.4802113924619,899.6375811888768) 6
(859.8347018001907,832.9863241799316) 5
(446.8174668646979,95.9921806164895) 1
(511.24393549226545,564.2949027075707) 2
(856.4643553804294,727.6426492471704) 1
(812.2246206227735,588.4682955756828) 1
(328.3896968167032,520.2482197183125) 5
(491.52724241770295,540.1354106130896) 9
(848.1995661138433,189.62769185637939) 9
(673.1354508880002,419.08254197690496) 8
(98.44858724411965,602.185605135404) 1
(706.7093642210691,986.8876219095727) 4
(763.8032173217215,298.0858483860268) 4
(686.8562494046116,487.6793275362489) 3
(819.513406117746,990.9902127040272) 8
(683.3460901269019,51.216258187597234) 1
(23.085979702933912,2.042351109266871) 7
(776.9329631317997,425.8567832098834) 9
(621.0598101430697,242.73066500887697) 2
(916.5744363091635,330.489719832924) 2
(907.0902766799446,410.2737703618925) 8
(847.7873948862351,457.9446221386957) 9
(699.5602205559371,424.8378565179078) 5
(810.5295815779291,385.26658133666416) 3
(241.9832986391146,949.5393945236677) 9
(502.7004588649129,916.6626090434469) 10
(823.0480252067015,944.2823104989444) 7
(75.88568334776524,836.717778406855) 7
(800.9114610700642,822.7462258158582) 2
(691.6222896022284,331.82293271015493) 9
(278.2196551021401,400.49530293598315) 10
(402.8612141364421,48.01160567945839) 7
(578.0160890554793,779.9260071981082) 8
(939.5956551216564,675.7550049692219) 10
(960.3280739184688,729.701698613603) 4
(9.0985198775676,7.68276543468116) 7
(531.2619934935238,777.5255945807321) 10
(184.46361509438336,363.9617346312642) 9
(605.8578426627489,140.04405690201216) 6
(578.3011797620014,54.9763603552923) 6
(885.9667186451923,131.6823715999078) 5
(438.23449800700376,540.5933027120113) 9
