1000 1000
10
(0,0)
23 80
200
(288.1398677473386,774.3261392334953) 9
(918.4942497600739,622.5589539759458) 9
(642.303603665751,55.48981410662124) 1
(251.33308433228274,150.72039162978956) 5
(869.8716545334786,661.3843482220466) 2
(460.97344088819005,832.61782690851) 3
(644.6466151775477,158.45528198246316) 2
(272.9216123156536,385.7438956365644) 8
(236.50416494622428,435.40847838700427) 7
(895.8821501257077,919.1210736757505) 1
(950.0409101781546,677.8629728489017) 7
(376.84492123723754,711.190587911273) 4
(481.20867664077895,356.03191202095576) 5
(229.37301238854357,249.8363593003603) 5
(404.3516708647813,677.2825022448965) 5
(735.9047150524189,394.5535714907752) 10
(350.06470856142977,861.8853029041809) 2
(691.3249955658983,607.22170010738) 4
(398.4701445930482,271.793493341887) 2
(420.78925886554555,957.2235294641445) 8
(93.04532013541578,93.11053910509959) 7
(37.80598042783456,700.1808061363635) 7
(529.5417726832146,952.6350327365002) 10
(644.6779510834183,773.8227354135911) 4
(737.7667278809515,764.2205543245058) 4
(222.78149889603839,329.73190695629484) 5
(976.3053118333123,115.90299010807459) 7
(441.77127782486826,830.1666337297916) 2
(715.8976907870016,244.54799540786243) 9
(361.40460761934787,599.4920329226203) 1
(652.8776249520574,2.2307145979039156) 7
(347.37480824600453,872.8043413472291) 7
(386.3882169094173,785.0671322190215) 8
(677.6770795691912,209.59129429515045) 1
(653.4781184716089,606.9684866026091) 10
(227.32227378413728,779.5891618280755) 2
(875.179240952262,901.371073453955) 5
(690.2147901514984,513.7097221092963) 2
(622.5562883287893,229.5819745738481) 8
(895.2853632712913,961.3727315955356) 8
(198.08967180383962,28.1073669845181) 9
(956.730738947615,68.5100318579236) 4
(781.090294067229,440.69842652867277) 2
(396.6190800886142,549.4278027529343) 10
(195.73020838582977,254.96937107060126) 8
(208.27840421328037,484.03250390833773) 9
(487.51919225069184,724.5322480015683) 9
(949.2051805716818,446.36354845105876) 3
(646.9141880094363,750.2538190422878) 7
(930.6443204717888,177.53039220570653) 8
(632.8448652386021,402.98806867273265) 1
(318.7619111701223,67.50517327220118) 3
(889.3443844115699,419.1779234773294) 2
(212.47184912580565,256.0935069814666) 6
(778.2253905950602,32.52047342484465) 3
(760.5301250677296,457.3383428165987) 1
(293.2370476731543,635.5227537472302) 5
(344.281357557507,949.9595980774477) 5
(717.07789405342,533.1247203947266) 6
(517.5087365274813,34.28821171884755) 4
(751.8244997259601,412.25412428505945) 5
(318.7307916476526,23.31184832474409) 5
(972.1519995747769,583.5333938114159) 2
(409.97629836085616,869.5089990773577) 9
(716.1605972633894,943.3827012445809) 1
(662.9688357418946,237.05230376081587) 2
(766.1644763277834,519.2654198833986) 5
(862.950346152692,515.9053282653631) 1
(868.8896710999153,104.77287481098251) 7
(985.3220533044478,219.8586828544803) 1
(559.6290113488602,816.0122982105512) 4
(223.64566622033166,224.42731248854398) 2
(812.6249943324001,46.500818848757895) 8
(905.8513905869154,117.05915376418652) 5
(206.57685876152075,970.8243515173691) 9
(688.2315536455058,556.2016000785451) 7
(904.1953101980819,810.507745784234) 9
(672.7405916300618,71.96190209290975) 2
(279.24643421718196,510.7603401776772) 4
(936.6595351231994,676.4702380680217) 9
(146.13712052164541,113.19537965691617) 6
(737.7032958633013,174.73659356164762) 2
(238.63201309245053,416.1488668233646) 4
(125.00311652319618,746.9076286351204) 5
(618.353594993588,173.05999445956755) 9
(229.30362802476301,280.99248690085744) 4
(739.2862017200152,877.785020725278) 3
(88.74149512263685,967.1207757226591) 5
(923.6061423963636,325.8330545679935) 5
(999.2385006513817,814.6755958941183) 10
(783.1436990382176,399.9529306351205) 2
(121.3800176227381,105.68583182742842) 6
(952.138858362072,889.2219936368457) 2
(529.6315927987977,759.0619387695775) 9
(211.80083725383403,9.615105118996103) 10
(523.2371623301897,845.0820104227555) 7
(64.19785406199152,123.09611288929977) 3
(62.56689711198027,259.9729447863529) 2
(181.4404764363825,933.514003642741) 3
(495.8143910522391,448.19759139395467) 1
(722.4226825975131,114.19525997730184) 5
(928.3383710760345,472.1909070956085) 7
(891.047164358766,59.89191631937574) 7
(193.80348376567636,887.1991888770191) 8
(95.26031425427672,754.4116830165618) 10
(790.284421680078,962.7954413920396) 9
(498.1749549414082,718.8580458776277) 5
(824.1562392399101,827.1911137772236) 9
(130.89677010309575,39.85517291415375) 6
(712.581059781567,826.5428176792093) 9
(776.6589405615994,876.3774391406436) 5
(93.54704991229923,663.1054257901761) 7
(583.1257359553192,580.7194065740224) 7
(808.1195423154975,4.17092337351832) 4
(369.3788706699033,389.4888487333188) 10
(432.48317139474557,601.5513662364526) 2
(717.89397155531,953.114982211403) 10
(985.7622646904967,549.0535308785733) 6
(508.4596253716267,323.01007967216333) 8
(17.01138566073346,983.4426159089803) 8
(979.0747539765426,112.10397493982616) 7
(179.0550665028442,429.120229007377) 5
(476.53460958652704,455.9474331834122) 1
(587.4786104528973,69.17587288400485) 4
(175.8034981105222,573.7883762804962) 7
(237.18580609006824,629.9394532094142) 8
(107.43420162903105,534.242346091901) 3
(321.4370135515172,785.3738801343259) 5
(430.2179241707982,246.1833746932114) 6
(799.2673130885814,226.6967800761135) 9
(458.336974074862,680.0785667311906) 8
(987.4650298872982,20.464443572765113) 10
(932.625644777835,175.95495041410913) 7
(177.2706353173723,483.8871883654684) 10
(45.07144176811651,889.1910451774065) 10
(707.6224488818075,331.85626793530685) 1
(504.7008393395855,354.36948932897303) 2
(11.475444446797267,469.89981562416295) 9
(394.1899252459879,73.78437965917351) 9
(936.6729873741401,598.9732174035178) 7
(779.3449257134196,135.2579552717641) 2
(894.3782533773727,119.62982876898731) 2
(316.33106104844865,757.6190303610487) 3
(117.82926331834464,427.38019298699004) 6
(59.04483832785446,188.95924844390487) 3
(27.413382553493125,152.89253052644636) 2
(361.2378782104718,565.1087809544202) 2
(466.9637168724647,925.2754252009249) 8
(382.6969561645581,657.8758785096923) 2
(501.71170170695933,927.6725018955575) 2
(165.6103779739161,565.2903776169278) 2
(562.7145060600576,53.52615181401465) 8
(607.7261501368341,163.59758497159714) 8
(191.2416466488307,179.08775883411354) 1
(6.28892633106648,837.1635049739258) 7
(330.8859590275064,367.514851409791) 9
(529.816385132498,594.8289479144198) 2
(989.6939139713752,967.2307014584561) 7
(89.13054962916212,771.8733654082195) 7
(98.69692852092426,430.87848765261674) 6
(630.5580008110285,547.2356034570602) 8
(345.2337256423972,224.51364586095758) 4
(523.2133536992889,102.75769635539234) 2
(545.6290758367948,405.7165496731303) 2
(814.5732029212052,16.786417591164838) 2
(742.3573386331307,250.1616995613447) 9
(678.7429523805635,928.0308070276966) 4
(790.3093991557807,991.4027588455378) 10
(650.2508760480409,392.1436054590229) 4
(340.06988357018906,705.3399452327135) 10
(693.5914205421413,805.0568542644006) 8
(922.4844263732774,136.0378338227579) 5
(587.937680208143,307.3237901455125) 5
(855.4041490461472,565.8550635131287) 5
(384.7658659307809,519.8210871945734) 8
(301.98434322569534,449.0400523849546) 6
(212.52370125853415,823.3777089504866) 7
(38.20457518728604,798.4426595661738) 5
(520.8587496535173,121.24276596570627) 9
(289.328826570179,209.8832568283624) 5
(581.4356928598215,850.3872093090188) 10
(664.9530005453685,516.0317214250531) 6
(576.8227959637644,674.777177852209) 1
(294.75928453068354,219.1252554112403) 1
(273.82847837694754,336.24304443716693) 6
(925.0371370843133,202.4435946504174) 4
(473.0402480204863,34.82576414655281) 5
(244.50461547984682,497.94898521753294) 10
(647.5418270680375,223.62881946205192) 8
(370.2883736911065,365.83027432349746) 9
(784.2401790524488,260.6117926242089) 4
(63.47373694444902,608.7345547210977) 6
(258.1695766754497,251.96955804744846) 1
(404.1458538546279,350.2374818068522) 1
(744.7238822487329,583.5881079477559) 7
(147.55098207674823,698.6982600179299) 5
(851.7484632163174,874.3631588644737) 8
(308.14574846394936,410.1044875249713) 7
(660.8271829930026,30.382214898338923) 4
(856.1174300131437,248.23052631758358) 10
