1000 1000
10
(0,0)
23 80
200
(773.4262147495166,906.790251071267) 3
(710.1532865425778,924.3558567175231) 10
(327.5213741432753,87.40100118711314) 7
(137.16241815525876,436.3459744378879) 8
(484.6198406559994,386.99009072662903) 2
(943.034329084117,617.1358003443114) 8
(761.9803222511255,238.09383826757514) 10
(872.3299964685812,269.39064884846056) 3
(109.94983557682647,437.8076729447911) 1
(590.9890345854732,86.78303072754446) 9
(340.8340850880973,291.320529525574) 3
(68.78091684389575,8.668893277894218) 7
(33.191780803400576,433.8638156213636) 9
(706.7021330289076,378.2996302696521) 4
(36.17219542800698,992.0545369025401) 6
(565.9755517754841,273.3080103081835) 2
(410.9456144923793,760.9570959864043) 5
(24.50748499555533,545.4259393752038) 4
(993.0468981889961,100.7730998330394) 6
(527.2278868025622,205.47700029820314) 9
(46.09790688493276,340.5031058685206) 10
(457.45986540629247,508.11298107209126) 10
(394.52937110053,190.73303399048035) 7
(368.8882424154375,595.0357119189727) 9
(695.5004440040079,36.05228062000443) 8
(543.101425167066,846.1105103182929) 2
(264.4776629005472,784.3249668285707) 10
(627.886456485911,926.3829920958807) 4
(937.5361189697535,573.2440289937819) 10
(423.9820307405832,41.596470237880936) 3
(342.69857387748436,213.15167553628356) 6
(459.8890350554378,604.8936337737564) 2
(437.6754621721948,831.861213298468) 9
(174.00267203288544,629.6441546338818) 8
(897.6085995238722,310.7679285296531) 5
(260.74117079138273,777.8499735742805) 5
(640.8645473192402,719.9920824116516) 9
(737.3271824514342,412.5994690690494) 8
(525.3985876865221,4.241210255645167) 3
(803.0647273305451,327.95774263028557) 6
(684.3475000489364,27.419536827241075) 5
(841.745959560525,679.6753090623974) 4
(370.3766778259828,893.6408568768343) 10
(487.10176889992715,2.788716539713354) 7
(192.5042521096497,992.213202721203) 10
(589.7226779212068,541.3958650638505) 5
(644.8057850830992,743.6466035188863) 6
(234.46056753949983,530.788066734786) 7
(932.2530954083077,236.08718569263098) 1
(521.1908579089956,391.8870406047036) 10
(240.6152793146832,878.1209759102364) 8
(29.536392056031424,481.2350650675715) 9
(989.5762507971721,561.1390217808855) 3
(890.2081528734396,318.05560448103154) 2
(666.5952055201742,623.2481191103607) 6
(666.234569215544,7.697289533281526) 1
(70.29899073871904,69.33092313541533) 9
(31.02258322581719,308.11184235617117) 5
(655.0548819700552,825.3091725388035) 1
(358.7468169961248,426.98279588537315) 1
(209.4063607663903,742.8845361154351) 9
(754.6343893762355,983.0169796746874) 3
(942.9758693677198,414.4700503677718) 2
(652.0573409477851,746.3035093163737) 10
(974.1504789733211,384.6108741290275) 4
(539.2362891563715,192.74417880174434) 10
(786.5593336345748,329.2311421087126) 8
(15.169438218180066,966.4222443599499) 10
(875.7315989205315,354.78966875079954) 5
(831.9578455926535,454.86461331508707) 9
(73.40989109698714,727.3007250676452) 8
(296.8383617864343,197.88943610959808) 8
(374.16017682619895,462.0282722375627) 5
(630.891472116908,353.5521817795314) 4
(468.45068534322456,261.6853518329062) 2
(840.3637238265634,118.66153078109198) 4
(674.4429701062721,801.721725561138) 9
(835.4230589015472,241.04293892856677) 6
(938.4071540458419,958.46420363296) 3
(335.52658463734184,563.4271778352578) 6
(692.4638094713738,749.0176252484125) 1
(170.48055204914925,274.8467420460527) 9
(378.5423272927777,370.1086497840658) 9
(634.21329792235,913.5696248925811) 9
(745.226171565779,388.5765747379495) 5
(211.97841934868578,976.1711823439122) 2
(986.9134970332434,641.3401816106467) 3
(864.0690885850346,1.233838147637778) 9
(337.0562429631685,585.4582196002526) 7
(320.0699642779913,748.057025535143) 3
(167.68057184152428,272.7355540447357) 5
(202.74377791683364,115.46877567279523) 6
(365.4577102657528,625.7204393600064) 8
(889.3904979710136,864.9429044674246) 5
(169.64393379931064,748.5370402397057) 9
(412.4174827696151,338.86533426596753) 4
(62.512741151267484,408.22936058743653) 6
(307.8162026106647,10.147858801657584) 2
(144.12707749868224,123.42825391404321) 6
(534.6317473827429,254.30569500420162) 8
(710.7573324240935,827.1023281671291) 6
(764.6820555936695,156.65328778034637) 1
(750.7308513476688,311.189503746769) 10
(180.35767179478447,340.0168738615735) 4
(960.1239495546995,472.22850208245836) 8
(23.355398479660394,530.2210063096733) 5
(759.0954676022138,688.1347377197776) 8
(968.7500584721362,574.3007302765109) 9
(873.6029230806145,216.5946938573058) 5
(688.1543505846397,357.2618721929105) 10
(281.9181866815309,272.562789819942) 10
(995.6037980994895,18.22266531237693) 8
(521.4666431268212,191.83381805353562) 1
(553.6324542898099,743.4268615461114) 4
(299.31113228271477,855.8570141487692) 10
(516.0726935159413,85.56162437592386) 8
(797.5849222050018,681.0067417784778) 4
(518.7475339474781,675.0206747131344) 9
(837.2778611982491,623.9715482384402) 4
(419.90666888737024,424.7001463398029) 4
(858.5122422490713,319.728205758214) 8
(855.7135495281259,704.7884027114113) 5
(846.3605325809227,275.4274085980708) 10
(809.2214376898984,217.39871289103675) 4
(636.9218654139243,727.5900311549585) 7
(186.6925118206757,147.31059757805153) 4
(105.22036325481965,268.90902902124594) 3
(609.1821238252248,963.1634964037424) 9
(93.31153581125962,621.6869612383204) 10
(609.1702508322544,585.8441155625023) 8
(17.60973448422709,502.7542941276674) 3
(6.768272316217572,573.2973416220467) 2
(462.2938151888648,813.8304643813751) 7
(841.2729720549,250.68487216686663) 9
(361.1650780589153,569.9354248449044) 9
(811.043761324408,632.5808087576238) 6
(967.1220132113289,480.617183490075) 7
(590.2808544815659,987.4567498511916) 2
(964.3967285295918,244.6394988229089) 9
(289.756189375564,325.72012221895574) 9
(321.1215562564379,282.70514385821656) 9
(116.29158505768477,128.12828668497744) 3
(216.6086804371009,290.13274011529234) 7
(521.9132163483132,758.451204369393) 9
(327.97948505779505,233.65996215404516) 2
(43.90006907091981,435.09346748339016) 2
(859.2502257352808,366.5301656594758) 8
(292.0568110207793,441.9231377466091) 7
(421.9383753331484,134.75498641143247) 8
(458.6802093605663,88.34000162688282) 1
(191.72166448393912,435.6709119136143) 2
(468.47266158049814,99.01079089705833) 1
(756.0480432502637,668.6973392549365) 1
(556.3751102830273,398.10215771472843) 5
(651.8647170928356,729.438938441581) 8
(707.3924752399678,658.589166574919) 8
(694.3166786484092,736.323619236652) 7
(196.8829187381219,326.63044246671103) 9
(268.79950284334774,378.6540850117136) 2
(392.03404628320817,771.5638613885901) 5
(751.2913897465683,786.3060924062432) 4
(959.5048198989542,358.1720874010299) 9
(390.78950246830004,431.2052396905951) 8
(171.48647766978598,215.87883421834331) 6
(287.0921145780778,229.0567040771051) 8
(652.522333923813,401.2433362374066) 4
(973.4912637352184,461.4741899797632) 9
(913.642808141726,438.27755036273777) 8
(632.2123472737891,674.6582851491954) 9
(740.2643595273582,157.2675405565467) 8
(86.5238177331531,957.2154503199079) 9
(907.3533803515071,434.1887728989794) 1
(331.3886110808869,318.9484590528241) 4
(78.60033122663646,850.8038641510784) 1
(403.98494094235616,848.3127234089101) 5
(449.8385791922842,19.169175670032402) 6
(139.28573533505673,54.26915860116643) 5
(241.55231828885516,606.1019650694902) 6
(172.22589220822172,4.673274346641443) 8
(621.0179267595315,785.6470758492346) 7
(99.94292013790907,895.3273369450785) 5
(171.47583468623884,514.3500741759522) 2
(859.8391819081828,897.24800629711) 6
(358.50886631661274,38.47384265165843) 7
(949.6638768090304,337.6522266980792) 6
(640.4377507494607,796.0678278953114) 5
(657.7148341306807,533.9886066035982) 8
(88.92032156711738,21.375353222923053) 9
(406.539833180895,894.7996036898775) 8
(322.7691569408426,844.8468200740894) 4
(973.6223457928527,260.5708823614689) 6
(934.4288999866336,947.3191938436894) 4
(863.3802509182807,821.37300346074) 9
(550.1925371823618,198.92676288044785) 9
(25.94776928409692,516.0606685758604) 7
(769.3424269559333,635.6615942040851) 4
(381.005762863561,240.2916804686892) 10
(612.1016296219487,964.2616987618972) 7
(808.3649978623476,67.90876440173277) 9
(55.180510273612704,576.714416668965) 6
