1000 1000
10
(0,0)
23 80
200
(220.51886098904026,657.4293601048868) 8
(943.7748294205182,796.4297609387069) 6
(375.19212198012787,594.1577563216723) 1
(645.41651016607,838.4755724450547) 6
(805.7854583818134,58.330397569303805) 10
(277.89422849157995,682.5067703914877) 4
(38.34118876839388,169.6632800835508) 3
(93.64432272572098,362.9191250090226) 1
(143.41536698295664,863.4831756506168) 2
(544.188056978794,740.4995768925468) 1
(526.1051708621984,417.6792124825074) 6
(444.3387263511649,951.0779943128746) 9
(513.2611139308731,228.10515419367184) 1
(171.3300401714166,17.81489946871573) 9
(862.502127665934,186.16989842106202) 2
(848.8363605311448,506.20599382673726) 2
(368.29474211981386,241.33327917467673) 1
(982.1382202470381,969.9913135895409) 6
(843.629754334267,103.3917037517712) 3
(176.73578294710458,46.66811038182617) 9
(239.31827549058204,809.0683757261309) 6
(685.4261995454482,812.3254394154009) 1
(417.4635524803708,681.0261802028077) 3
(228.66204253204236,104.60724982502) 6
(863.294376948682,156.14542438792012) 8
(499.30130548952735,864.1526080986985) 7
(560.8146061869568,297.1525258203942) 1
(274.78696301819537,323.5062191088155) 10
(502.9332715711887,407.73207462720984) 8
(678.1515119170757,617.4815830541328) 1
(359.06636865414987,207.99878149609674) 6
(861.1972714007869,664.8093575572029) 9
(695.8569790477513,562.3021382201398) 1
(903.9810499873748,874.8233532480039) 1
(705.1304265802397,659.5677685621112) 10
(330.99373598914696,150.06797951023188) 1
(89.0867854008227,15.55967308877948) 1
(447.61156063187667,415.08240393520015) 8
(22.42993381997205,128.78178351962276) 8
(382.9822815760601,0.12399313034983095) 3
(604.8287022986035,946.5852722663252) 8
(996.5950269456177,282.2562046479686) 10
(873.0221102065996,789.1678847634734) 5
(834.474034690544,480.9612305329188) 10
(298.70933657638767,327.8912290467712) 10
(894.3688707229854,511.4930573072791) 6
(606.656425930737,415.461445995742) 6
(812.3743988716606,973.6757824396279) 10
(104.97064115054,244.08515333122617) 1
(261.1956996168704,997.3601012803889) 4
(618.1158022050705,323.1981336844828) 6
(648.2663059616638,778.6642381237737) 2
(480.83291631273227,190.62550597167083) 1
(176.71667631895804,228.70590491165078) 8
(17.245141594073754,432.22344571557727) 10
(345.3010536517683,577.4471711417915) 1
(28.93119294615809,573.7945398142278) 10
(936.4828610081294,311.3944210737499) 10
(843.49872624444,813.3628620872588) 5
(832.2373332225909,666.3574297494157) 4
(887.1998066311781,233.42336078262127) 2
(867.3665679587288,929.6567950050796) 9
(377.8485379952964,821.9030235847216) 7
(47.90612106727599,514.0177067945112) 1
(299.9350364545259,518.8463713292925) 4
(77.05207271114134,566.9009980770408) 1
(158.39602833984046,140.63023495519445) 8
(363.7623071667295,298.42162262742124) 9
(858.1722870941278,951.8758899361877) 7
(397.56811999235885,969.134499931048) 3
(338.96379638073836,790.2792567681785) 3
(231.75532537385502,75.14175558956182) 8
(23.956654960094802,224.5454944271611) 5
(187.31597911123987,127.25257253431165) 6
(635.7606944120515,102.29461257859506) 1
(344.2254615807937,336.4944968779372) 10
(534.5715694601197,28.559104159744276) 10
(335.1808930917469,730.5742112046341) 9
(893.5816463383866,196.17473037937404) 6
(70.43091755418696,742.9346433512537) 10
(673.4849502408857,900.4032312225827) 5
(569.7923589997351,225.4896789601739) 4
(822.5336609571896,378.3413739165472) 5
(331.7006715685128,79.33157723206475) 5
(159.75930774398316,470.02125622731717) 2
(727.635617081389,109.9127199818949) 4
(813.4265435514968,765.834186365055) 2
(999.8671653541682,554.8105471607072) 3
(133.900242568047,613.8061718679943) 6
(188.99854384113323,511.0091527084668) 4
(55.0059365094151,285.899460962997) 8
(963.9324240511211,821.4546873434988) 9
(575.2496013348936,754.8026211689413) 4
(506.84406370653636,299.90010478717255) 9
(367.9934733265615,35.981883707310814) 3
(39.220500976944294,617.6048903490631) 1
(388.00702102650274,386.0888511025866) 6
(771.9494879457956,396.2130924892685) 6
(514.6931620911511,513.8338507346919) 9
(457.31343365626674,572.8195716471567) 7
(252.06843324816154,676.0636571889332) 8
(662.6177484205703,771.3754001721047) 1
(569.1112233269465,465.47105857933303) 10
(25.820106870494296,790.0641104079897) 2
(514.9253553704393,574.829398755387) 10
(551.4682464506326,501.0135056318101) 6
(199.96280436990156,800.4744426510829) 1
(837.711726474302,354.84737503381626) 7
(783.8465197521348,346.4771850476596) 8
(568.0510828198612,323.06458506127854) 6
(479.2670160341479,441.12297361335715) 1
(239.98601714482547,914.3119477949612) 3
(489.73547783724405,281.3943155376113) 4
(196.70535345144646,635.5995444381458) 5
(925.9844408551172,531.2834888778638) 4
(464.4628985077679,640.8527394117391) 5
(612.9914797858701,541.4200251180472) 3
(636.9494906269106,208.0787396985213) 8
(230.33768464053628,230.81639090751105) 1
(241.08492328472485,679.2451066483411) 1
(67.59151631707716,742.4083261443637) 5
(340.3621160398094,607.7891797065423) 1
(694.811265240878,123.86038953635048) 2
(564.5650057671838,225.71521283512485) 7
(716.966018564141,594.8055778500444) 10
(762.6916265671197,172.26949467677355) 3
(53.202607346746866,590.0835001439738) 5
(843.1556457192215,856.3616536205544) 9
(697.2212598189246,308.46567599012917) 7
(352.89188022904494,882.4060757224224) 7
(618.028933176352,172.44062443780282) 7
(185.97656944128792,609.5282295892465) 10
(425.505978346439,508.6818389349642) 5
(16.59704209389645,304.8261386403628) 5
(176.85308155867185,591.779398960556) 1
(808.3906066052571,919.4214666012401) 3
(943.8693782794406,944.5998239564116) 1
(661.0211797084132,601.6925110997822) 7
(164.113833544261,18.83466270367984) 5
(673.0209628030394,587.8211414836122) 7
(845.1973023670286,971.9619610937801) 8
(100.01937867371402,900.1444734183682) 8
(468.73406775476843,453.391810834755) 2
(462.20381040737215,124.23413021434237) 1
(103.76832412357095,536.5901122155412) 2
(412.1231569393506,394.82209286372824) 1
(903.5353722892291,237.26904986008947) 5
(188.02724931121827,352.90591567734987) 2
(727.6338773193372,894.120255504726) 4
(803.4747428306555,85.35991589502179) 6
(955.0784165644712,233.7722601023372) 1
(587.6826346869207,947.5227266799752) 3
(225.51408618879964,590.2384395547693) 2
(819.5618182420753,605.0293653795529) 2
(237.38348800177877,236.5647290742927) 10
(426.61803551337783,754.159909074291) 8
(535.487424436844,601.538734890359) 8
(863.4657475972601,224.96777616817786) 3
(827.4451320398748,236.9574354225803) 3
(283.8477396401182,127.72810822392222) 7
(615.2508433107012,16.602937588216736) 10
(662.8579970381923,357.6742529011623) 8
(6.751744332903709,717.8566646607215) 3
(714.1941437947149,39.93355779565289) 1
(17.373437925480406,35.654259771173756) 8
(384.6420453914775,94.81523921998469) 7
(488.726938736617,196.0047356966499) 5
(964.6609389520264,829.0736912609976) 4
(453.10575249690186,282.49324428485147) 5
(635.8765875385435,881.2035913671749) 4
(158.70780893655433,284.52902386243926) 5
(79.90537904470962,715.3742477988922) 9
(80.91204556039212,571.070029574141) 5
(804.6181274218799,147.05430337123704) 9
(177.32730317485445,761.7590666353141) 7
(475.1006162447583,455.2945695521491) 3
(397.5469182973772,582.9526648477964) 1
(81.6668788089363,540.6418292137315) 10
(40.773790115526396,341.0468639011527) 4
(643.4306678449475,192.91889634583802) 4
(828.1840833065004,845.3554088374844) 7
(874.0522504778066,230.49535748668237) 1
(228.7158416323044,228.06183484134368) 4
(895.0174964250775,600.064052245776) 7
(869.9718476869263,965.5785437630522) 9
(949.2583436627746,599.2837890486314) 2
(902.0698404980815,802.1039923328353) 4
(828.1313032776633,234.0072261106312) 2
(180.18361152118933,429.2752221514825) 8
(453.18451228986544,715.9207538614985) 5
(38.64773555693613,870.4962920560358) 7
(878.8465528465676,301.7385433920354) 3
(96.9732640547013,591.6769230830939) 8
(638.2888261833459,72.90478332179562) 5
(335.2577168605973,495.1353933645145) 6
(335.4162571878959,719.2705678282423) 3
(883.6191300823205,833.742052151594) 8
(621.7853184092447,768.8215049683271) 10
(448.5005923755302,649.0450565806744) 2
(227.39674302745217,404.2626288208958) 10
