1000 1000
10
(0,0)
23 80
200
(169.6807090797785,499.6623265939626) 1
(462.06630367599143,540.711492532047) 7
(6.836833312015123,952.6194658252546) 8
(342.80513719232954,618.3973075340351) 4
(955.0207118729179,215.35759738490233) 9
(882.6844567152867,301.5048536219505) 6
(810.5299765390325,285.8038290355175) 4
(487.99345562358695,138.02598256648625) 5
(320.82709938410613,532.3639588750941) 3
(327.30897077328444,611.9965060679384) 10
(140.31066185645724,486.07011893698206) 7
(106.2218695928261,414.35002557647147) 2
(855.264313066212,528.6088595409148) 7
(265.99680853249106,157.95990022411942) 8
(381.9840275404562,89.59951951185452) 3
(7.467242789004347,957.6014778853304) 4
(619.5319895319619,231.26973474403357) 5
(320.8421773413682,462.8026268945856) 6
(696.6143518074961,278.7633641309457) 2
(6.490372810297185,937.7188585163186) 2
(700.8808700705184,483.72857905039547) 5
(909.8357514368257,886.819515527896) 4
(116.59710772917175,11.224201496286446) 8
(212.0572600110674,813.9924037036416) 3
(30.640740467357432,422.47932808287857) 1
(154.6307358920722,144.247803352225) 4
(178.72375744861446,274.9933215289687) 9
(664.3209004020908,827.3615170164969) 4
(75.41130173862753,554.9358187443014) 8
(504.36766429278015,908.0665906451026) 10
(881.0490421956007,272.6972710638068) 9
(885.4235508773877,765.4853992595257) 7
(785.1841344444815,964.3133144953783) 5
(510.47048832743303,227.20575162969646) 2
(929.5089413669623,279.1817710359523) 10
(329.62848895792695,103.6057681973741) 10
(668.4453082780431,878.7079019603707) 1
(170.0081321206497,833.3790786902696) 10
(630.4747914436622,305.6563971495442) 10
(417.15805371303907,928.3502627543402) 9
(503.0501903433345,196.73630977369515) 2
(637.5563308946182,727.21363508045) 7
(322.1760543001342,590.137715141837) 4
(184.88376276430242,835.7319174304669) 8
(570.5832811625505,107.28440143099927) 3
(812.8779644183727,262.2934173636476) 7
(712.6977518983869,877.6963984841447) 5
(731.4769690374642,893.321115059121) 1
(823.5076566151996,875.6623648883443) 3
(159.59684672854402,254.25355150964955) 7
(305.21228565796554,29.400121199178674) 6
(446.40901200182816,2.389576384112857) 7
(182.2275102629851,38.110307554725445) 1
(474.83110300317156,750.7694799351658) 5
(731.8958147059061,94.23784466378338) 4
(69.13902475443845,645.8247146674736) 6
(742.9686507427161,786.2744183402527) 3
(244.9974966570526,917.4539267057532) 9
(160.95585795985434,441.8076664763757) 9
(661.6002763754797,169.93378032440108) 8
(807.3031146831712,968.3180230005851) 6
(579.1137111237146,49.25843037024447) 1
(564.5909615207395,260.65286750487513) 7
(476.117818084995,808.2585251264354) 6
(742.2902091138064,623.7976984454292) 2
(711.4747265735082,676.6670250427387) 7
(24.208635565242997,538.111958543684) 8
(395.5867297559128,296.6997723194713) 8
(738.1587522132311,998.3841297410233) 6
(528.0137625436986,676.1970996080748) 4
(889.8815384871002,26.56452559965605) 6
(851.6851555065346,948.4248416386687) 7
(21.598983803816864,490.33521712971395) 9
(786.248261020175,287.23230783154827) 1
(150.28845814427962,941.8023586076501) 9
(322.20461500281306,646.8179196416313) 4
(834.8934730315317,738.5236036170203) 3
(17.239334269023022,20.85219620087009) 5
(973.1569917474558,285.63967517475663) 2
(281.21015281907137,534.0582509707633) 1
(4.627989334820226,288.39645755510224) 1
(427.81589194018954,189.9392893298223) 10
(258.71805918125256,941.4379466308415) 4
(804.8210226833942,451.64088639420396) 5
(713.7658662180369,417.01861424697483) 1
(735.5854086311119,23.32626465109511) 6
(497.62491162610513,488.49666043121107) 9
(837.4333890921379,587.64832186705) 4
(788.2734389951888,963.0107646531158) 10
(629.3077892385319,858.8871048379671) 8
(686.7831277019022,559.2292456415296) 4
(708.6184231427668,705.8729688026663) 1
(170.63432186491377,733.2710458924143) 8
(503.7588673960374,989.3136098792714) 5
(233.30933470324334,55.55000006929278) 2
(509.9340499282914,626.0021715360855) 6
(412.07322752824996,475.8183420181582) 6
(866.062066957875,861.2524941528302) 1
(810.0798009749711,49.53814963399772) 8
(778.3030303486325,938.6360811361981) 6
(61.55625306537049,310.0270659280644) 7
(838.7177975541824,241.36252564418103) 3
(808.3446601143489,56.05943638916444) 6
(216.7336059627414,31.252365638346102) 1
(470.4213124988826,641.1497647131823) 3
(653.9173812271406,109.87592033131988) 4
(751.3848716054192,456.06075807247214) 3
(523.9532594303306,442.92640087863975) 8
(204.38095912695863,991.7637485416471) 3
(650.7309101952195,174.1263869434625) 1
(524.5160895376487,847.6742229032324) 8
(47.663219699613954,370.7179893499456) 1
(278.1504459081626,260.5764422192305) 7
(551.3094748738093,968.2485634509658) 10
(16.775737179109072,222.737331286738) 3
(749.6523099889178,453.0173953624843) 1
(194.97486967116774,389.95735333421254) 6
(629.3858555987698,160.6010488406652) 4
(483.2612620838642,618.0137602589268) 6
(327.1287135502989,13.79882723082304) 8
(545.3513426813463,838.0784313564699) 1
(58.8791021109174,707.5285444431953) 7
(139.11127460966088,643.7275475251497) 3
(683.0035886709658,530.7701288839905) 2
(858.3713004443549,243.98135051065995) 6
(853.6823565172773,881.9404571411899) 4
(66.70698521714912,569.2101896193067) 3
(705.4584880307544,554.0421660061248) 2
(434.9408519040069,434.07054865450215) 10
(595.9728204892149,591.8334101616807) 10
(395.60453990039645,204.7484488494926) 2
(683.6865719156815,862.4041019347171) 1
(272.99242842692075,604.5202932300351) 9
(175.714796420112,256.10817574297783) 9
(478.84821058870097,890.5718356813541) 3
(714.1892703312275,486.67239984688024) 2
(250.319750163149,483.60465222098617) 7
(23.21883390438739,477.69754393109076) 1
(469.4448810439037,29.818759640420133) 4
(800.2553455580753,710.8613229358969) 9
(327.23986085383285,293.4434687534887) 8
(153.95862283190553,722.4545939529453) 4
(546.9769035099396,235.35406863956422) 5
(985.2463087384531,59.921995944150595) 3
(612.1842386593885,622.057953442787) 2
(364.3918683276516,484.4724040199182) 4
(88.39154525530324,907.905305599609) 5
(536.4593633884647,409.72036505088937) 2
(128.48599150019447,286.53104755244107) 8
(55.5901599730515,255.13807942720013) 8
(387.8575869980827,944.6876480023161) 5
(70.95656974626152,995.2159035400606) 5
(516.7049492688221,209.2542063118722) 10
(903.0308621983422,116.84329543787354) 10
(3.0607731594822774,286.89921120454454) 9
(742.6353954886008,450.24383386869937) 10
(4.2281381134000595,914.2896405226877) 9
(268.50657305369043,181.80877657475713) 9
(144.78929904175797,44.52820908366895) 10
(97.62462325394084,715.5083596428232) 1
(99.88586604555671,288.77959869010374) 1
(543.6600393350542,570.9016002457645) 4
(663.8227216322916,999.8366427245965) 6
(576.4944491844728,991.7708823426757) 2
(458.37535182675106,775.4984648970064) 7
(980.5975332704862,256.370274847325) 4
(486.5572616074457,870.4863407975262) 7
(569.9983010829112,131.98382916026154) 10
(350.13388120117094,391.0964162882684) 8
(991.4269788518554,159.6350485142053) 3
(493.07485812293027,185.040004486115) 1
(827.1858175909705,350.1377890243824) 8
(609.7242822820685,355.182691938273) 2
(278.8694388799473,257.15462159981263) 3
(108.94842077977896,459.18138187497726) 9
(502.6943495424424,9.02913582641407) 4
(574.1989303141129,632.4575573503677) 1
(9.748104076851671,989.1718976666014) 5
(847.2041034545381,27.798453768608677) 9
(99.32414488282804,969.3202120047578) 2
(514.4324882564903,986.6393951516668) 4
(391.3681334794913,685.5731943821339) 5
(411.8290938931184,856.1523827678111) 6
(449.1882452625815,895.5166485799728) 2
(22.265602642984604,241.68723278276116) 2
(275.90530687857785,54.643554329980134) 8
(452.2323903210941,340.8316526023183) 2
(839.7668842492,629.0101848374777) 6
(124.00172540191068,773.2812455284038) 5
(253.35114709758867,527.8261858116925) 5
(854.2740100219642,219.80566597679228) 4
(84.71522433595734,400.23463277566196) 7
(863.62027099492,914.6327365610323) 6
(626.5087003356682,203.40769314676066) 6
(838.0006468925382,650.1298023620187) 2
(771.4804086068169,532.556222671612) 1
(952.1678317066671,884.0988016485508) 8
(462.4628779287674,831.999729100894) 10
(836.7770980083136,792.348333207243) 6
(870.8621410306857,920.5126946990038) 2
