1000 1000
10
(0,0)
23 80
200
(386.74845320839614,944.1285736812059) 10
(33.281262404869835,388.4136882994426) 4
(381.86124588367676,583.5033518932336) 6
(307.68122321498726,729.499617895525) 2
(145.95238843236768,858.0539594655589) 5
(579.9201878864737,177.3689654805022) 9
(479.72705287377573,691.4595628738707) 10
(611.7616818847401,437.97814250025766) 1
(521.5897957850301,846.6418229247115) 7
(272.55804256136065,704.7621046685726) 9
(988.066895966124,380.75230460401076) 2
(552.9850686596636,461.7747031819157) 5
(205.88359160355796,250.95823733506572) 1
(506.55835420239526,125.39882437755945) 4
(713.9932297526279,276.60656187683975) 5
(756.4983158257921,831.8396346797274) 6
(630.1307942007891,220.62702053997728) 9
(581.6151619084403,510.7426535225142) 6
(79.1791635594713,648.3239832519329) 8
(475.46495770405807,965.3471568892696) 5
(414.691079131823,527.4253947201817) 2
(402.6241576349634,425.24834986827256) 7
(405.8440022962069,507.09736738865695) 2
(204.1652326303106,719.7134507590805) 3
(606.0613149185211,95.76598388088398) 10
(116.37317650718315,764.6433765165121) 4
(926.7825485785268,827.0229386706113) 10
(371.75198910782245,795.2511340075923) 5
(784.6633843052256,409.94594340181146) 9
(291.4480036519255,709.4147275999569) 8
(656.4438846576514,284.84752954558303) 6
(860.1181248621937,901.2003178405201) 10
(190.1158698992974,236.0817738083666) 6
(780.5867792958198,802.0919089917318) 4
(90.45672353360823,397.4323900847622) 6
(802.7811238017985,127.85571029136223) 2
(63.468945286784816,400.669717461571) 8
(414.7705995604155,156.20567672129638) 1
(457.874986521957,49.60611433005757) 1
(863.411837160957,798.6378214260816) 6
(721.9042849006624,789.9293249352936) 8
(370.3057987188789,537.2428403806118) 8
(862.558314907053,563.0542656648072) 8
(851.1248770743563,407.93844443326145) 1
(443.55356987801207,501.8080785905141) 4
(529.7741059632128,975.6788210736729) 2
(482.31772034197627,36.78172230437404) 10
(152.7285873897326,503.24878609892176) 2
(512.1553708883403,596.327357219573) 8
(201.4646894893336,154.46796057878254) 5
(280.5273064967716,646.1391731762797) 2
(622.1934507825943,870.223618646969) 7
(315.86785733301394,574.7618652619136) 3
(590.1287514942271,923.1632179351366) 9
(963.9064124789738,876.0143996008505) 7
(4.152554094621785,709.9228003670723) 10
(532.2338415020289,290.87239801088896) 6
(995.3589345037259,669.5613079395929) 8
(680.3753742843312,244.42814460596253) 8
(935.3342322223693,788.8045150121657) 9
(255.02868380223433,103.97513783770063) 7
(138.4302330148047,599.5144255929126) 8
(34.292178105645334,600.9867908220983) 5
(369.0505273092223,538.3408107336779) 3
(450.8085009037723,28.491348714096752) 2
(350.9163342566942,445.6839325269728) 4
(944.8387666335307,799.3650429314355) 6
(581.1554385081503,938.4882709463132) 10
(704.5032849201026,110.71563214382519) 2
(279.4549702419018,89.05171322587502) 5
(39.52958146261831,37.633937926592196) 9
(926.9819170631246,867.8289216440553) 9
(48.767080859164594,695.6024213648477) 1
(145.37251226671742,486.9217902055135) 1
(348.11851231886635,831.5176403476054) 7
(133.59480521441714,317.29377201278896) 6
(482.1222151845568,538.3990931879947) 8
(223.8357069633038,36.036863736856326) 2
(845.733794121163,654.1948028694472) 3
(71.769363966399,599.7411162522358) 7
(845.8631480178202,260.1356424185699) 7
(932.8129298525532,978.6633101948435) 8
(364.15712337617623,335.6755819855958) 7
(757.5017234781367,508.03791934472065) 3
(449.7596984754592,733.7816534359979) 9
(501.89083853589534,154.39254753176735) 6
(675.5791686213179,308.9431277321595) 7
(855.996361598045,699.3175497173712) 3
(747.5898852846092,892.094709933014) 3
(720.3837260844355,636.600065961144) 10
(437.92019489669633,114.16576805285217) 3
(630.5371702951752,9.733862418756289) 1
(395.802788748327,528.9010557642035) 2
(234.5404253666813,79.82657481619948) 3
(205.89270461628084,891.9058232994682) 8
(966.1678186348366,485.02314924984836) 8
(343.5048803106846,215.69379382441113) 5
(688.3159842705784,130.0903572005634) 5
(27.76302452532797,532.4393722518143) 9
(707.1563846465385,991.0544897363101) 5
(935.2666395178305,273.05475095572564) 4
(292.1505095369495,288.33563005804655) 3
(713.0216827766395,175.46201574205244) 10
(43.84397900215819,342.2899924647781) 5
(273.61232563302815,479.74049271521733) 1
(378.59132741234504,194.28342897484873) 10
(934.9543123210155,129.55509499452145) 8
(156.81913288915496,771.7454205900882) 1
(871.763246599375,371.7475849460706) 10
(437.0714305009776,153.12372486400605) 1
(829.9352164919342,96.25363848380597) 2
(766.5039247948199,488.21365077793024) 3
(685.8133516146469,372.61280620060757) 5
(476.9683680172483,96.22713290630902) 1
(199.57531006223817,314.55478571671216) 4
(255.04806531175106,803.3666764671794) 2
(941.7632867473552,564.9271749151156) 6
(92.14984251160053,699.7699811592395) 3
(259.1102092594397,630.5849194878758) 9
(89.12037350754376,748.3304046037182) 4
(59.403533688792365,430.8495117727292) 4
(337.673261088998,317.33408208660154) 8
(894.1265348060447,924.0983790139097) 7
(535.1436810668764,406.9048326976442) 9
(670.2304189133374,884.1067515293258) 5
(40.114960769650374,405.7899186798987) 8
(513.1676326301767,304.29704446778373) 4
(516.8106788744336,32.18336063913474) 9
(656.1365361228894,125.8748072116238) 10
(95.1749714467437,284.477525498627) 4
(131.20859922214035,203.1142770868757) 9
(219.77585957470004,663.8505904103332) 1
(213.95926033877456,934.5430368077384) 10
(606.8069606878663,876.8093826911211) 3
(618.0270351407205,28.032022493224783) 1
(447.5362416657526,793.7475852873209) 5
(6.459210307773633,854.2517378751423) 2
(847.3645196830167,146.71716342179886) 4
(363.6129716821911,214.35634471807487) 8
(43.830909511446414,273.4337641454393) 1
(769.9257865323239,158.96042197377923) 10
(314.85069300452807,395.3024423460213) 2
(978.9459199230351,309.9707636701905) 3
(381.02742973650595,319.26480920329226) 6
(99.07805479026388,860.7446436780577) 3
(569.5223862603403,48.37568580761176) 7
(775.126695354814,560.5688464415994) 8
(296.28012554713877,247.3740743427848) 6
(647.4704542619041,249.38299547413445) 1
(524.2641929229903,469.69146734321976) 6
(144.46159200706853,542.4243090632623) 2
(649.9989891100283,257.208956363394) 8
(469.9027659513669,82.64182103984086) 3
(122.32783485460708,698.3170335630139) 6
(81.87387230499732,764.1190607570479) 2
(846.7429242535765,430.83783201348183) 4
(585.8051049860917,553.140215854891) 8
(114.67369060692845,296.682944571028) 10
(250.68168782652856,173.6991502507642) 1
(968.323409252569,76.91012146759924) 2
(361.81549467289466,12.79025179997273) 1
(25.302952140050184,352.3519303771301) 9
(352.3718045733884,723.0719862337808) 6
(503.8359962576888,357.9630701754692) 5
(308.4530100389857,302.55178204517273) 4
(872.7394913692266,757.3043631787258) 1
(323.86141166362813,804.3913995089226) 8
(425.4970772601973,786.2126306313091) 9
(701.7564221805403,934.5747837875829) 3
(273.32908919868447,81.79023817265552) 9
(715.150404069735,400.0313899603265) 2
(285.88317537581264,340.0621797616191) 5
(252.93944508560372,420.92581781050563) 6
(105.9403651207359,595.1888872158903) 7
(358.3166683320582,767.8773588152316) 1
(197.6454440451395,255.56510679197365) 3
(137.4784363458993,434.63100359297937) 4
(21.109227102619087,744.1518669288706) 5
(76.63618552893826,178.63362271941196) 2
(852.8293852087011,556.8100639448019) 4
(399.56508909003753,343.60835003264634) 1
(921.7997899709505,288.12291709254913) 10
(521.4545967802196,15.614305001757312) 9
(219.46077050623336,108.57695463582351) 9
(710.152467026733,35.121090755136365) 5
(865.0858340083503,974.2412636632974) 6
(28.29786573947246,626.1718953916572) 5
(29.056716974703466,301.4882699588859) 5
(69.35735076702242,774.6341669599772) 3
(783.0243853449098,523.9072712026356) 6
(724.7876401297164,852.0248285482389) 2
(27.913784405135367,431.5886607917555) 1
(49.89955711900285,970.5334546958908) 3
(801.1637511211784,819.1348096016344) 9
(755.9281928758297,152.4888020811339) 10
(288.2536925801763,109.77679685810915) 2
(476.07192728236834,889.3239082685193) 7
(980.2215173778413,659.1955376519151) 5
(419.62637880295426,121.88476371399982) 7
(281.9269537001039,317.1906406826879) 8
