1000 1000
10
(0,0)
23 80
200
(752.313247356406,468.89914737097007) 2
(851.2532662685157,128.22962299929642) 2
(568.0369034574792,11.927658790980345) 10
(377.27043877105183,925.1020935950648) 8
(859.9448242003509,786.0043805775111) 6
(303.18495921485,30.972399926815886) 6
(186.9415799026285,741.3482742296294) 4
(251.17054038424158,643.0086808715754) 6
(322.2626010005596,205.23200458255985) 1
(663.6002824598297,259.56675704896236) 8
(48.316418092116066,759.8457599421473) 10
(372.97874201460365,639.8380387468051) 1
(284.3400302580403,580.4295382527829) 5
(883.333252328524,528.7817933177898) 5
(627.6905133798512,94.32420945704855) 8
(219.32654995133805,494.26983564309967) 3
(124.30680735519361,306.7516862653319) 9
(294.7913661067839,908.7727032087498) 2
(232.70995581392683,117.80720916801745) 2
(697.0436553402153,989.5887125602425) 1
(598.2564481473502,136.1314511862527) 7
(568.3247526747233,200.43690258959955) 6
(664.8664517759846,907.1303261160774) 1
(56.6359213592138,412.757293892393) 7
(170.69986049736497,846.5936139193105) 7
(735.5913914337922,324.4768221402753) 2
(666.2800752079772,814.7743450458445) 5
(775.4476003898543,153.96243980900047) 4
(289.6649122012712,11.890592649408728) 7
(640.055195783086,532.8337136236973) 9
(589.9254868571423,495.69178367923297) 7
(876.500749686353,197.47759839811096) 8
(825.5113313704206,740.6403238679441) 1
(960.6349575565441,751.8080110882568) 3
(719.0622206457758,896.9374949775918) 4
(828.6304030727628,756.1777291333384) 9
(629.0758048212844,188.14326618520883) 5
(230.46780532938604,661.079521266278) 10
(995.0165184283182,239.62149242410356) 9
(287.6707602400842,411.19834259869634) 7
(192.24350890191522,24.356648446462458) 2
(639.1343508946362,132.76403717249096) 8
(686.0245571856524,370.69422043407366) 6
(169.02410080813135,662.6791720352458) 2
(502.6453533499036,258.2895224985715) 2
(473.83365311030536,574.7510811980968) 10
(26.61168475666653,667.613575284812) 10
(634.8952381391742,313.6353529559691) 7
(330.9354491395749,793.9422076670432) 1
(73.3482707832891,308.35511520540393) 2
(275.0216897809987,59.3368943662429) 9
(62.36406428358021,650.9274118943506) 5
(198.805571266505,675.4966823374497) 7
(307.9464599850881,52.24963897287294) 2
(56.98604125394291,410.26052865155873) 9
(367.08233028957204,267.85571402297103) 4
(994.5373711690565,67.88494430555659) 2
(251.90597792307477,666.6185475603527) 2
(314.865848392937,664.590464441639) 5
(796.6301581729158,68.40870422494882) 4
(20.244112809521543,457.70711206305793) 6
(227.71406099614066,128.24072405429965) 9
(204.408896038075,742.4949780322637) 2
(951.2836317946366,623.8444876729873) 9
(978.0235872877488,487.3956733744296) 2
(107.40295847571136,482.238269372) 5
(672.4024606203731,127.71603446184265) 10
(748.1458944510327,127.37158151786898) 2
(126.40347300924893,788.3066165509885) 6
(706.8750329303589,810.05481800324) 6
(999.4151183205331,430.8394108211113) 1
(429.2871426813005,396.0624947324469) 10
(542.3527720610672,395.11241683041357) 3
(287.21353760110327,619.146310299518) 3
(40.584470467183166,29.168498230795258) 3
(850.1310458788819,713.6421677954106) 10
(121.26397578208537,728.0241430846681) 6
(249.74029030667754,227.79769181011122) 5
(364.3634326365673,548.9963365304903) 1
(525.1268831283106,519.89168652806) 4
(713.8794839929245,863.9528256098682) 3
(299.1720187467236,500.9091327905656) 9
(747.2724799909738,181.85815641652826) 8
(370.2662667703548,345.25081245275044) 9
(300.764901691289,507.88333411482137) 5
(14.74920737867258,684.7846450859015) 4
(320.127377623894,245.81848197581903) 1
(719.1083608621663,899.0199578420516) 5
(832.5277929323103,739.7051003226353) 3
(984.0065312529201,987.7173825030916) 1
(25.25661665602563,851.9247821725462) 2
(733.2870321891052,611.8610554348419) 5
(539.4441808614644,351.9678084867992) 10
(950.8466680320969,886.4631689589601) 8
(796.9955143716174,66.13740754421738) 3
(611.1894022167625,619.2889683663005) 3
(711.12523928552,252.23501014448124) 4
(642.97584374286,104.38629147900835) 6
(687.7641598615571,215.67970684620929) 5
(3.1369184393023053,916.9832873736295) 5
(566.669124653692,36.70011393650074) 3
(875.5749115546657,486.898538035996) 2
(537.3592704791776,477.057544074915) 2
(528.715363451442,415.44025375137795) 8
(481.5010772828227,260.0040406282665) 4
(3.459333143382981,169.2646167535088) 2
(607.7733442010538,541.6627360329761) 5
(460.6740186936584,686.160566198864) 4
(794.9913256610491,979.5011991743675) 10
(272.8034211780479,20.623640461685966) 1
(345.1338064601193,168.308564628902) 4
(14.100516986706557,512.3801427314291) 10
(836.5505749695163,234.6410241036888) 7
(333.75673949866126,214.09220656991056) 7
(141.73199088641496,717.1960894485705) 1
(790.9832353952594,454.4804690839073) 8
(180.57828616456507,512.3190518207723) 1
(745.6210919139586,161.1838558322862) 6
(121.11485747030105,668.5673834902807) 3
(897.080701931963,582.4929521014026) 3
(718.5782783455508,693.036789300387) 9
(993.6393005522687,325.4774405575948) 10
(2.094439298735984,519.2513665818685) 5
(699.2585808963827,540.8018900748049) 4
(506.9121609437347,759.6896499932753) 7
(218.45709417001424,867.7789381249369) 10
(599.2508719879175,249.98121409490537) 10
(571.7235154530559,521.4043089380082) 3
(894.9264110080479,430.9339768500916) 1
(410.61169960292057,245.6549072904479) 6
(416.7571599894845,515.9364903811752) 8
(380.3415950473048,608.046358608025) 6
(881.8682632169945,852.5254418471703) 1
(85.4503858368576,419.83680008197774) 9
(559.9512551296017,13.042056212916986) 10
(734.3046776120926,641.3144713897514) 7
(634.1457025844906,805.6879913452484) 9
(414.93814402524487,842.7984029343314) 7
(541.7846412606682,294.7518303094484) 10
(274.38092034468275,777.3391993211405) 8
(938.8818550986023,724.3680825189008) 8
(663.2447787335767,658.9043155305716) 1
(348.7252311606326,310.2635428356191) 10
(770.7753218596166,60.8652208887317) 2
(739.3044087446202,894.2098429337825) 9
(412.64800899688925,143.07872545785804) 2
(792.2563603423471,715.7097952805766) 9
(36.39237025082198,34.327847436904314) 3
(69.68647782112447,79.31361588962571) 3
(98.28673482854423,284.9634172800838) 1
(979.5754854949242,357.00997437989145) 7
(937.3884778044812,178.2264683794258) 6
(456.8966291576721,448.8415459738333) 8
(942.8841868276825,200.59051168037612) 1
(462.7354747642607,74.3438071895619) 4
(15.021618475263953,126.27314825854496) 3
(693.9393750167947,321.1032703963427) 1
(234.60306207404258,378.06016643384464) 4
(730.223907413052,498.91315875728435) 2
(714.7991647044425,781.1595530233712) 7
(415.4121920198649,193.7061269282472) 6
(618.300895477563,961.6152882371084) 10
(762.3227741042909,243.28773404027737) 3
(44.59012153749376,156.0193645434783) 9
(485.8500037546579,293.77318239367037) 10
(906.0578883611149,575.441462463466) 8
(636.589017695759,372.4639378784791) 6
(481.60620797611034,762.4057378062952) 3
(91.34073047709867,245.19161929956869) 4
(140.91551758156683,727.0567028872994) 1
(535.9619779072664,595.3521780109369) 2
(279.81435985200443,969.2307121238305) 9
(810.1319176183109,410.37022948657574) 5
(146.10114821292464,84.98753798337776) 8
(770.9443677061424,786.6995024860828) 4
(800.5813686793318,762.0039679687643) 8
(944.1126967097101,598.6141209555243) 4
(606.3601642126058,432.6364173646522) 8
(371.36141813856494,171.94424783186568) 6
(289.3030899494463,230.01381514073748) 9
(784.0907722429981,396.5046472920719) 1
(419.5024846807034,951.4896442234124) 8
(506.26172986016616,332.90939923226205) 4
(426.2934502087544,673.8502411327285) 7
(106.88107205387986,213.2662725237411) 2
(935.367170221222,469.135218043866) 9
(712.1042472578621,779.1622143347996) 8
(974.1612347083179,72.30863718770253) 10
(681.4879176283705,106.14458555615703) 2
(994.3594602985344,323.72614073802475) 3
(147.2846162297533,347.90729637060144) 4
(115.55235884585446,815.3506929038615) 1
(769.5767006730416,111.28665238307222) 7
(351.2106582424283,876.6787859512743) 8
(27.571819212838243,296.70318416287023) 1
(531.8844158268494,969.146101938395) 2
(13.52990142047117,341.0420066040617) 2
(46.346105629748166,112.20322663432015) 4
(141.05825074078126,384.22257296703987) 8
(861.7017621542781,690.362359721061) 2
