1000 1000
10
(0,0)
23 80
200
(159.34626171841094,110.5352598912216) 2
(572.5835205802535,288.7078713908468) 7
(38.46509895550631,82.7704064140925) 2
(833.6509917909495,781.3478898263123) 8
(526.1790832908142,271.46103232762954) 10
(120.19501551829215,115.22255386688873) 10
(863.1658457223364,845.7485095169972) 4
(949.1828539890347,237.97566332933596) 9
(390.3892607855749,988.4462481657141) 8
(919.8857201855643,666.0131690348336) 8
(922.256716834177,314.4305873922091) 1
(514.0758591130563,508.9879437073972) 2
(667.9347593295059,937.974542541464) 2
(834.3389742231809,295.13988063893856) 1
(535.9547001749477,249.66483677347705) 1
(311.29327535700025,640.6744306625393) 2
(976.6118282663225,66.59014879799308) 5
(816.1000241461842,501.615494764736) 7
(757.5869796683378,952.1584885377147) 6
(746.7492102811495,567.3903557592062) 3
(28.97059653621281,774.877053374938) 8
(708.7379448444631,767.8063437994591) 9
(410.0370292411513,377.2559722202804) 2
(569.9091984747528,664.680396143075) 2
(278.8599843499869,885.618878876465) 7
(905.56643123762,555.3312315121973) 3
(772.0153733425796,179.37813112658617) 9
(881.1398621786718,193.72529478580412) 7
(462.0512111795162,143.81485574493746) 7
(87.91077675176695,509.6199417930055) 5
(572.663128130468,287.8433919447376) 9
(792.9775406623693,370.4314886785684) 3
(806.8319071652032,552.8252863445755) 9
(294.8867399634746,359.61729062818983) 5
(916.2797690860224,441.1288330568287) 9
(5.852094441433642,281.3200814358053) 6
(288.47329549777,145.1405596652857) 5
(77.70886939644627,697.1872683760898) 5
(269.97096279409016,395.83669305657685) 2
(797.2292244648802,982.0262268022152) 6
(542.3826545292483,624.0277762218954) 2
(15.054573747113276,259.5572847467261) 2
(310.894232623826,527.8596705842971) 9
(717.7881208089832,558.4516313578503) 2
(247.21967161215096,780.4512654250568) 9
(287.1465179903182,857.0714895544387) 4
(849.3371899463344,601.3150488687581) 2
(340.16579309080544,768.2270741741236) 7
(785.8230780439025,11.618786057366215) 2
(178.52171863477295,574.5494341642059) 3
(952.7040075908843,124.45275501258767) 10
(312.5161840293595,356.1847960285437) 6
(649.8969650982552,925.373798308017) 1
(564.1647174735012,82.9521664874554) 2
(33.176925344054034,707.5823489011638) 3
(901.5275996447282,863.1824324147287) 3
(915.9559614062224,792.4932364549451) 4
(942.5805516602594,450.0373738896535) 2
(481.2417653144838,106.69827476530725) 4
(453.927536821334,528.6557588828297) 1
(802.815978538239,770.3259251011106) 8
(638.8102792587638,353.8111846507307) 1
(115.49213925949164,677.5405435743991) 6
(600.7949542048351,746.7306704683716) 5
(189.21595292773873,565.9248192585852) 9
(130.42700831455988,633.9652086624134) 5
(209.27004864861388,917.8362522282038) 8
(830.5296885900789,909.3399827031326) 8
(595.887876960054,576.1034609599781) 8
(216.15119673857808,524.91876512199) 9
(978.7734439501327,692.8347702239055) 9
(480.1870366916037,108.44074637813405) 4
(345.90158113244604,584.4697900406937) 10
(541.8458018235787,727.6483178488147) 9
(551.6546100332389,19.273405875569914) 6
(466.5577304003029,972.9859819582572) 7
(365.33264909140775,234.1499179477694) 7
(987.9191404502809,409.0438547337313) 8
(543.4098953812806,417.6244848349101) 10
(35.37685149594283,217.01154961037295) 7
(55.20171567880383,363.8340476283638) 9
(873.074048037079,463.1845843574122) 5
(6.499005177724171,638.82043340612) 9
(545.3917727288559,276.4249804433443) 3
(390.30016678119597,769.8737043939352) 1
(819.4884755376968,667.4096410241284) 4
(740.7757981012325,539.5724578260854) 4
(438.5645260347949,582.5008076822198) 8
(389.6211367909692,285.3950787852737) 4
(42.59321845924347,661.0661342091399) 7
(288.1653533482276,728.5043359644087) 10
(360.91284640337074,390.55068666198457) 1
(81.65696186127114,357.5661315472981) 2
(210.78697159299574,305.71979365349046) 10
(826.2495815541771,271.7950867620548) 10
(678.7807757905504,289.75003710731795) 10
(105.01030124731992,367.9755574025455) 5
(55.14852348101007,804.1091236308641) 6
(417.0346095694739,879.6008414565123) 5
(773.5246742830958,566.7155260096524) 4
(876.4603476295779,101.79271118666566) 7
(433.8814608968576,363.5308981771261) 6
(384.8934165932245,804.7877664467877) 10
(754.8689685364045,454.0554047875466) 8
(749.4014397071263,259.589791776516) 9
(271.71844362745713,562.0061799962765) 4
(459.2137007099838,152.47014117512535) 3
(816.2112496813005,662.1628815620704) 9
(370.38170642950996,906.741731288532) 3
(41.01141367891592,465.2569257784062) 8
(441.6585499291513,29.77847666712108) 1
(166.71304036003198,546.035659363808) 2
(834.8646082930616,262.8324271241067) 1
(313.4885749522165,558.5941672655944) 6
(371.1302232653374,847.84793742932) 7
(375.8786664220318,635.0293938720362) 5
(853.393389262232,511.7321360873619) 3
(383.2015686656667,131.8048872332629) 10
(17.399521446840094,211.60993900975788) 6
(183.69940407684447,287.9513530891802) 1
(195.4478913522316,233.8359976511063) 5
(614.8098057121998,546.5023000508945) 5
(17.131341665839408,612.0594569144022) 4
(656.2578581185526,266.55461691784933) 6
(360.1654933451018,558.9529639984007) 9
(226.913538376459,148.23548262025244) 7
(156.35299779067435,19.730390433741253) 8
(40.74166268154311,661.1844525512594) 8
(665.5591119542665,271.8955261443905) 9
(357.6232128030001,226.96661033786037) 9
(726.6258639982369,32.52011571042346) 9
(50.348105818849966,586.1798540126867) 6
(720.4061544762504,872.7782613530483) 1
(557.1074244193622,429.71192999135286) 7
(252.11723642035443,209.36682312869593) 9
(505.9525617891384,795.7688227584424) 8
(735.5306746393239,464.1920336323021) 4
(297.2871556440381,32.19299727812264) 2
(454.88453371148495,498.70011599318485) 4
(243.5122745596908,103.70480042761798) 3
(714.0562774939996,922.2549677156695) 7
(458.09659486810926,94.90484906880158) 10
(930.380715008266,53.53890501575187) 1
(522.4190686079834,481.7599342126334) 6
(652.1528258496204,566.7111739958059) 6
(913.569186574991,746.6150669565109) 10
(668.293498072637,848.1950744934351) 5
(922.3898134572075,994.665761083999) 5
(410.9280623934228,405.9496599563721) 9
(981.1456153703755,7.045863306812894) 7
(323.34725151516807,572.1360557734674) 10
(333.34231365025977,804.2519993235458) 10
(368.539277665783,864.2384349925752) 10
(419.2350358205192,493.00916328238577) 8
(776.8693366165874,596.380874730402) 1
(475.50352216015557,676.52202981593) 4
(381.0134225313604,264.9765309409331) 10
(388.1372640278733,297.5387922578221) 9
(71.2070820003391,939.0416028473041) 2
(967.8638425987765,733.9491151203304) 5
(256.9287178302294,272.7419983770585) 8
(794.7656012890976,729.6070180904699) 5
(297.58062501690483,174.46339904841923) 1
(330.6244757714767,810.9688344555364) 1
(67.09339188619768,686.0437600814702) 10
(266.67215846577,683.4434277298307) 8
(578.7052683362915,944.6426390530839) 6
(579.6109168292104,320.4492977573458) 4
(452.573747894911,806.4844605365906) 3
(81.63693083125933,513.9185769486853) 2
(147.78068773526988,972.9460325464448) 2
(723.3735993008745,273.5192885358302) 7
(834.7966107702298,556.8482298766438) 7
(135.88823759047074,281.0454138789461) 7
(521.827634209721,369.90378292940017) 4
(975.7091467097214,244.02104671261537) 6
(553.3284238290572,656.9999697457079) 2
(875.8495937436531,837.9954635646034) 1
(252.1455216543359,58.452392493557824) 2
(822.8826959002413,586.6928358526945) 8
(624.49403428738,598.2817370491331) 7
(916.7112113538069,767.3993612203484) 9
(890.8145740822632,881.9995987915397) 7
(373.2797042963982,990.054990503942) 6
(90.44754369444297,535.0941755567619) 3
(422.0820988393081,419.72541182087474) 10
(478.7478039999632,661.7983926118131) 2
(713.8090960417597,126.97875656737322) 8
(456.88568755428594,960.8666258987668) 2
(628.4655159178308,147.33875737230616) 2
(641.8460819595434,994.1880525260137) 4
(458.05980519400424,30.90814862113056) 9
(718.6205035100048,875.919086849977) 6
(51.46697062916461,352.8700567093831) 4
(252.81060153178248,656.7606055207817) 5
(141.96474830499818,764.6494726080905) 8
(453.1619957185751,546.8647926541645) 6
(655.2119159079181,323.463283121042) 4
(964.2981342684319,884.4305948254549) 5
(69.09036193043005,488.37658665315354) 8
