1000 1000
10
(0,0)
23 80
200
(358.21970697169,516.6096726297667) 2
(539.4645997135539,357.90803764414915) 9
(601.4645484745455,809.8590297099888) 8
(8.237087231005358,354.03258999119237) 5
(186.76178306871427,108.35190751553647) 5
(309.0128268921916,504.1695197839461) 9
(678.8871327348968,244.99562058559553) 10
(796.4323474106894,10.1923812597835) 1
(700.5909204790521,912.3346140358304) 10
(114.9279627054346,458.00405644781284) 10
(31.694435470187244,412.364689203929) 5
(517.5998298534614,362.4644817996738) 8
(844.0403071972021,534.7831270689405) 8
(468.9840208887617,654.2218226619088) 5
(683.8795195616683,676.574558200232) 8
(233.99326183448878,886.4893725334576) 7
(11.687555508372638,588.6216359805888) 7
(141.45739447858108,493.39523232786684) 9
(578.1611334959746,224.5236949790843) 2
(200.98174544040114,51.78978623677466) 3
(786.3056551554536,299.72668713088734) 5
(907.1484125519167,259.07778939875703) 3
(868.8621768855476,445.3088373540308) 5
(463.38293040716115,39.806809490644966) 4
(648.2477080427055,936.9511255429614) 7
(956.415895457498,755.7839499112575) 8
(237.99418685431993,56.92250606336691) 5
(847.9029666232843,877.0064622055785) 3
(797.9325209038434,694.3912734467378) 1
(981.1831713744003,413.9643528724518) 7
(710.4970263442664,523.7000237585032) 10
(859.8783247901825,320.20711142405577) 9
(470.20667861822307,993.0654510287075) 2
(5.669103408131648,757.4641345150676) 7
(334.9469836569434,911.9483010497925) 6
(998.5969040826177,870.552341541455) 1
(520.490744797103,502.71185174049384) 2
(992.9390372599483,50.949692026362236) 4
(665.7931340369303,661.1990741140683) 10
(15.60426848524543,320.8722075649987) 7
(564.4525564338396,194.1840133965549) 1
(192.06120891660893,78.76654719174958) 10
(181.07851823476463,879.4186730614439) 2
(424.9590232755187,967.5824452527396) 4
(359.5202174140463,626.7380520645155) 3
(752.8539161462961,930.4351959768396) 3
(866.2749579651747,94.10704421859894) 5
(336.79179621524156,667.259848653625) 5
(94.6135865406893,664.6895929053363) 9
(725.3465216976379,794.8991538598508) 4
(104.94121412977564,506.5028770818102) 6
(150.04970741319002,808.0888717391438) 5
(528.6857364081629,778.3163907614866) 9
(793.9735342958714,723.1819886923638) 10
(881.4361367009099,820.0168896965995) 2
(397.44499275738565,935.021504175297) 2
(575.1339302746687,171.0063208073116) 5
(841.4739692447628,708.7407267733092) 1
(135.44452670429285,85.4981444770766) 3
(793.2132920621309,947.9509130908036) 4
(466.5008561727736,3.9929126089268685) 8
(876.1997411416862,655.3588728671664) 4
(647.2492409905448,652.8053301391867) 10
(489.38788351931674,934.4264290993516) 7
(549.3007524260157,865.1076181640318) 7
(465.9150329963269,805.6260642112227) 2
(145.84800791003028,292.3620884084862) 5
(275.88814460041897,7.212555401345466) 8
(675.8532228695966,928.2650430931176) 9
(250.67999533860907,158.45925622801371) 3
(355.85002173150724,742.7769715032562) 6
(211.97568764210706,689.5651359126631) 7
(697.8504126145893,814.3440208596664) 6
(875.461929500276,976.5084339209455) 10
(771.7692494458404,426.61031855343236) 4
(827.0174288808194,220.90360272255018) 2
(261.7522722849197,756.3313733626986) 9
(291.4419764282353,425.6005760486958) 2
(165.01172348103142,450.60208326574724) 2
(104.94111216657697,261.60230535787065) 5
(23.047354375169803,966.3914189977415) 7
(543.9641765280468,284.3664121322881) 5
(782.7858635438556,999.0571819412147) 9
(769.4530463081871,99.29597662837052) 9
(902.115354650761,627.6128605274882) 7
(197.97983163094236,428.5904836497423) 5
(168.65057873826893,265.6905301346945) 2
(974.4786069757002,843.0369012970895) 9
(820.6214350845477,394.87836231257256) 7
(508.6106555998198,42.82415660182537) 9
(688.8151986131774,165.31941620761438) 8
(600.9505209893312,6.615626210710213) 5
(494.0852002591668,323.1651103727646) 3
(229.763484524099,255.08750170255124) 5
(544.7218873838153,804.9041969737575) 8
(749.7571342966817,89.8882353162066) 7
(684.7540282408717,398.9042929868027) 4
(456.3036584422866,55.25138875104063) 7
(683.7852139021632,643.9305131653116) 4
(333.0276065078085,802.8734434297871) 5
(238.22587829206864,379.16319690861377) 5
(268.96391925797246,342.32497785438665) 1
(56.707231122165695,347.953156263922) 10
(447.9473530856222,307.59938281190625) 7
(175.04451333442606,397.41034115474696) 2
(426.79685222514627,446.84301799072847) 4
(146.9501648036704,224.88270308953417) 10
(946.6053158614682,676.2235086087854) 2
(779.3204427149149,462.961780009424) 1
(132.83177090979203,406.6264452272773) 3
(122.57201312809151,120.42192841376497) 10
(4.831229135348836,586.9776102692383) 10
(297.68894144772196,368.38692627325884) 2
(295.9603511657713,11.922646859483077) 1
(388.54334692118897,792.9233074136787) 9
(296.26706715900787,419.55761525861425) 2
(280.7577689288632,623.9579351144577) 5
(12.68193168180054,156.291491749458) 2
(56.10940394281072,600.4198026671216) 10
(920.1785977700478,506.5405073163461) 3
(413.9895389232512,904.7634529462391) 3
(155.24794679356012,460.14254576572546) 10
(674.8978108390859,676.2700835288546) 2
(306.5958051406917,996.1961689409118) 1
(357.9373043786249,330.5790364181422) 9
(544.2967829975795,330.9537809050367) 2
(943.0316773014059,204.7946712790023) 6
(447.87101964212206,262.1440572749645) 9
(141.82224224419383,888.8138393789098) 8
(239.66946527447985,542.3174951296455) 6
(676.7262126386487,632.1426370637547) 6
(553.4026275018061,537.4188922233076) 5
(600.054574001315,292.1932125063613) 3
(261.9643367913499,187.06699804280936) 8
(206.82902303920338,726.9991955655769) 8
(203.14358223097395,418.1925674740137) 6
(707.2952140950496,356.6990111828584) 4
(501.4439508904965,790.0455563285149) 4
(517.887045245492,190.1175063813003) 9
(830.1489010911833,386.6516051995841) 9
(576.6630552839421,35.203282041649906) 5
(969.1936368260169,351.2237968606815) 2
(786.2375546924123,472.38595440815556) 4
(73.35676119208101,738.0355564793934) 8
(958.7532541337664,887.8189018235049) 6
(496.859024289804,455.3025718732359) 5
(489.38816532195216,207.74022045662943) 6
(63.08981063455465,812.5441557755883) 9
(619.0636987102322,666.9430044515095) 9
(671.5667114469454,994.1407503818305) 6
(511.9049422819586,458.333064906802) 3
(712.0516390772995,697.438228904168) 4
(385.36175179328825,799.1956864745301) 9
(91.61345911255636,178.7807512534636) 9
(784.4527635543296,752.9837401279258) 9
(760.353898719407,246.2681000383945) 7
(938.1538614486532,128.8476850482545) 7
(725.405475542655,155.92955025862) 10
(931.8763926273648,13.034510632445206) 2
(983.1865828987027,723.2068155487699) 10
(543.6299920603384,343.4698901648571) 10
(191.14131969503546,603.204114656143) 10
(504.67561246796475,730.639740179135) 1
(915.3020050253403,859.5546961440676) 10
(371.0210838355894,630.7308283738263) 8
(804.0424225788729,768.2238582210638) 4
(234.46160327711684,845.8869749558866) 5
(211.4340757839881,894.4931398310979) 4
(312.33420442922335,40.900339152599166) 7
(262.183280208816,396.50500145956033) 9
(701.7384535214907,188.22435093242197) 3
(95.20752656565612,980.5791266057963) 1
(430.0156678145195,934.1407483997517) 10
(704.9853799890808,135.0374013988215) 6
(247.3934170715739,287.1618914571221) 1
(182.63392948899127,925.4231021292532) 5
(932.5365699197397,358.53066789134846) 2
(236.25375773246438,44.698698258566424) 5
(983.5227031773941,355.5029034422402) 4
(764.2277738391346,184.8786673107422) 8
(153.44565570734548,613.9416185025698) 6
(765.0607958344772,496.000723413367) 2
(634.1195806335817,594.1108778634721) 7
(72.93711751369192,30.685079978803877) 2
(311.2584963854417,393.6011166478127) 9
(851.9176423832137,279.00974729405146) 3
(27.018608967668946,769.6807922701316) 10
(787.8447422953313,356.25761448628134) 8
(294.76461196854666,127.68581522588462) 9
(982.7295589475588,835.0733684617952) 2
(604.2422512586405,997.9816099331317) 6
(963.4508291711,545.3645027013575) 5
(882.6096709212688,642.0555837984946) 10
(967.2338976721334,63.273352556919235) 8
(933.09599598023,661.4785732660414) 8
(889.857103674469,554.62487837568) 6
(273.14302637867274,115.97055313308957) 8
(398.04728543188537,908.4319588808207) 2
(722.3510849808648,547.7945049120866) 5
(80.86798448858833,8.94357877202534) 6
