1000 1000
10
(0,0)
23 80
200
(820.1419231038851,211.40155723793652) 6
(547.1579971925743,971.603290479714) 5
(219.176236002095,434.54492437881) 3
(810.1263024900256,543.8218118941054) 2
(904.712329639041,326.4642430064646) 9
(290.9023110026372,536.6247637678605) 2
(377.4366119081428,145.15431567565074) 9
(90.6683644786328,169.37057737076267) 5
(457.8320672369104,249.15364811297957) 5
(265.24333566414793,897.2386095558643) 1
(902.2827484797875,938.3219368418387) 4
(610.4079027220232,149.94748823953108) 7
(676.9562623926404,442.59104932908775) 2
(753.4158361548574,154.6120738502037) 10
(339.2571707387722,41.66570521604318) 9
(694.6276277659498,739.6675869626611) 10
(512.4297097042349,604.1012667042894) 10
(577.2431233531063,853.3492153325533) 5
(724.9211377177697,982.0413652478646) 2
(385.5511644303977,511.1628568433911) 7
(138.20159940816112,630.1956559940195) 7
(503.59572621489934,349.6684821597579) 6
(167.087413601271,620.7980682449116) 1
(90.06797553415402,255.7543633890438) 7
(108.59983284489594,650.0031324251565) 9
(424.69897627847007,739.3620778943309) 9
(974.9310819067103,596.1159633093349) 1
(746.7886444071264,781.3565545315599) 2
(902.7552988807901,520.7230176688314) 1
(507.2766651635333,44.56788017253865) 8
(280.8014484652189,243.4497465128056) 4
(274.2663295467771,973.6590210944717) 2
(285.7831335175641,594.4291153988012) 6
(125.12283835186955,606.7530329412881) 10
(754.6226694597199,360.13368184591235) 7
(208.26412645065605,278.5635995043976) 2
(12.44319967326879,851.9217752381892) 1
(664.3700395029495,12.746365931189164) 1
(323.14967350055866,631.8300286265452) 8
(637.2431373036385,529.7346344954052) 10
(594.4383423412041,546.3626728185523) 6
(510.07820855347376,600.9074129753132) 1
(103.89996707423299,24.929268720769837) 9
(216.85460041323512,563.8850114967333) 1
(188.51416212262163,569.3020027095658) 8
(509.4528585454477,564.792347164551) 8
(489.99490657043265,810.5683009572983) 3
(689.78941491812,607.2656346422649) 2
(899.0005224496897,494.0882450682657) 10
(662.4497142768186,583.3900352416338) 8
(743.4267157427831,458.0928680738375) 10
(413.0890789477144,848.7796358130628) 1
(762.971499573706,157.0797359932461) 10
(252.04233197821156,105.03519479507307) 9
(866.6772607764839,596.1265961781347) 6
(532.8464775658424,161.54844967166093) 5
(659.9324721243532,677.1114124478257) 5
(275.22584919068714,876.3518055682824) 2
(503.76358256635746,561.7822117012493) 8
(383.8510278448627,41.316783052164794) 10
(133.09585703301428,871.9544924795155) 10
(764.5717861995092,49.10717926525221) 5
(723.6207247532565,290.3755449850919) 4
(348.1727152373197,294.2318469475008) 5
(208.41688410166958,868.3615642030551) 5
(945.4280420281347,866.320585224696) 9
(130.69845321287065,980.8227117669846) 7
(421.4841632823808,255.8325840035307) 3
(926.7055157028187,915.534511561903) 4
(998.4700549795613,497.764422082135) 5
(604.7541973839827,193.45258167980683) 6
(975.2558350925528,753.8468713938582) 2
(760.7505479781107,928.8099052854199) 4
(932.8660280005453,743.893153428179) 2
(732.5998085793145,853.3051030311351) 2
(271.97038336578885,161.51474649180474) 4
(686.3742323646518,214.6196088795509) 6
(368.11140203567504,937.3431111091722) 9
(914.4820345657039,636.761010110236) 5
(764.3251939260355,28.922192860734942) 4
(323.3090141312929,960.591187297242) 2
(275.47579534777344,324.16536221817194) 5
(151.72549430123726,544.9052323975984) 2
(780.8857036039298,393.6582637298277) 2
(106.34023081201316,281.79038478233343) 6
(236.54593386929236,10.849978293616891) 10
(755.564912289747,732.1913208979093) 9
(51.39045838578493,671.0324843005603) 2
(268.0578839116988,755.0873502637487) 5
(308.15976423183565,43.66553675296736) 2
(125.67204054757619,62.57140447341924) 7
(715.0303125540581,465.3009154195926) 7
(648.1240391192356,60.17117878818934) 10
(724.756227857858,363.22871473734654) 3
(678.3633542762284,286.617932976297) 3
(812.7006664763024,195.06819529031438) 1
(201.42181288883708,170.66004844681026) 9
(413.40303368760425,617.5519558385716) 4
(879.8443479733355,114.5530068404379) 4
(680.6257910514042,189.09423113395584) 5
(164.53764878875964,590.5800832552079) 8
(470.72277723282497,234.76923459165155) 3
(43.45126925367837,333.51686910298974) 3
(536.2351689193171,311.48838123442556) 1
(599.6455481443062,402.48785436892433) 5
(168.00833106310898,420.2026279980903) 7
(713.8644441852117,982.9918350491073) 8
(766.7512330874845,423.8007660248579) 2
(62.051045046410124,888.334923968677) 1
(595.3182979273009,728.3397149410492) 5
(147.25738253071097,769.6195821349698) 4
(122.6957418852297,608.2786342923491) 10
(403.2618924574903,154.22396011664108) 6
(413.78019001804876,389.6573736055974) 9
(850.994369408923,904.1625582561195) 8
(725.552045080385,829.9978438246062) 6
(488.8420378233883,383.3792463918305) 9
(390.18634368481406,502.8088719774447) 3
(582.7446369794444,852.0253765508728) 5
(644.763163182782,941.8514361027633) 3
(575.4737829271885,221.2731612851495) 2
(955.057347274885,388.4035142558394) 4
(164.48737728918027,551.2549656649131) 2
(84.97448244530258,448.87221934218144) 3
(414.02167611241924,395.6203577789258) 2
(292.0073241106801,365.04555192495116) 5
(49.44082357460067,441.34334349203897) 8
(537.3300283634607,211.59350508012864) 1
(85.98513152948351,784.0885417326455) 4
(185.79658115312503,574.1429182435307) 2
(93.19489424831207,16.381004299735768) 5
(684.6396895730452,849.2828181444484) 1
(310.8192294144203,147.65251633287625) 3
(417.8933298848523,554.9621759329548) 5
(30.01145855019749,298.8856864491295) 10
(488.5912693897831,470.79023516980476) 10
(547.9736161143454,345.7452649062578) 10
(323.87719798832524,22.35999621733953) 8
(344.81237588675793,110.25245347503387) 1
(22.4338394664062,102.4457013920812) 3
(66.59146640837422,82.72667553228352) 4
(64.34501789989433,778.5042366205844) 3
(243.7582074615967,936.1114276251982) 5
(836.3716376588425,540.6921986473687) 1
(774.3130572213026,874.5194322575741) 9
(221.65064505158682,642.4282886394656) 3
(907.977385252036,200.75274731613212) 1
(597.822658250453,436.4029310527621) 6
(708.5913999480725,701.0617248506926) 3
(793.6982204687448,16.93762578587088) 8
(324.0899081114588,932.5622317967482) 4
(521.9244208114623,398.62047407063005) 5
(36.95731014515147,681.2369125094659) 5
(295.1768542260845,38.37080447819741) 3
(123.97119819076563,676.1628097056788) 2
(279.82381323128527,278.8345533301628) 3
(740.1402539167808,124.11140265764419) 7
(571.5249835369442,555.4768265411404) 1
(177.18569117740768,639.6674258053773) 9
(137.5734925820492,779.4044874948896) 1
(378.50864365620254,535.7802185689203) 4
(978.410398989924,848.5758296597198) 2
(518.8561448644621,40.02160077545691) 6
(291.72393995903514,770.4575927136915) 10
(208.1560906857719,473.58769858417213) 6
(917.9853996400483,455.04690212222187) 6
(146.20099319199642,622.1246811159402) 2
(196.7304516343097,245.82031807964034) 2
(510.24764583762106,851.1615324138982) 4
(437.0891730200049,886.1480913368416) 5
(331.7311752306018,298.3099682545611) 10
(81.15847426587197,285.9242060961753) 4
(626.652031725004,13.760196593587072) 3
(943.6638337643449,712.4530763637051) 6
(671.5186366901225,771.1496394635105) 7
(720.0600811425105,53.662162034314285) 5
(505.6380343080865,997.5374337033342) 1
(719.0934327713879,763.8280961844247) 10
(466.44890919162196,6.498726578158753) 6
(145.03293088429038,676.6847613895002) 5
(535.2282500804974,391.760420292534) 5
(935.0440374280316,96.17040777400166) 8
(6.9854384181271545,510.07106290384286) 6
(357.1096096484222,775.6737096480753) 6
(623.0597818619868,796.9651343317504) 9
(923.7928889909329,789.1045477086451) 5
(73.91918431440547,805.2831386947078) 7
(148.30732110121969,454.02214797836825) 10
(26.35116386071934,523.8748227777969) 6
(538.1264738218406,790.4896762183581) 1
(117.3328320617667,870.1105076218977) 9
(713.2412702780896,811.2599926220387) 4
(731.2609665676521,925.5685547492919) 8
(240.9145844353101,932.089043355269) 8
(607.10095834459,959.6972283263929) 4
(660.8340466396409,614.6660070286689) 1
(226.18072899069497,390.90642225812735) 6
(82.02849771825515,303.54344301626867) 10
(238.71538586799556,947.4902209544111) 10
(156.7031869204487,198.13871455146747) 6
