1000 1000
10
(0,0)
23 80
200
(767.4925759790258,610.4139925339115) 8
(811.3551535258875,917.7067983161012) 7
(601.4121003002953,24.539276386496) 6
(119.41315212525672,533.753169900243) 5
(98.8815669403581,333.3297604308744) 7
(430.8080939281118,381.86571931834254) 10
(866.2147568186231,848.123845299224) 8
(819.8438928453567,576.8625958210721) 8
(455.52006919254626,116.23011781625891) 5
(726.0812293941403,894.1886750386875) 6
(119.59525649533231,299.3632361245415) 9
(84.56104876952864,867.7413050287555) 9
(488.9389436389474,853.2271665760577) 5
(206.48937507386455,126.78578250458672) 2
(612.0728120286807,429.6954259721749) 9
(733.8612070341378,415.5223681783744) 5
(863.020894227599,581.5759134831452) 5
(228.77748286788147,418.7765634246574) 8
(99.08344653141121,27.154658549481738) 9
(963.0241171349875,898.7606214998832) 5
(803.6609229359779,548.7875958435687) 8
(591.2359273065308,85.04485871515955) 1
(288.92845669594914,132.18184899678752) 10
(387.59467875727836,943.6655498371865) 1
(101.1493915651095,635.4617382456848) 8
(878.7157580578005,714.3174394353241) 6
(278.3726246165761,531.405491640572) 7
(547.7689540791256,606.4635737513486) 3
(157.54026377762298,348.99499171342705) 9
(74.67059350122985,13.562955841047163) 1
(180.78348454324967,403.61401455666135) 3
(93.84770676337473,220.46717345410616) 2
(949.6784954630097,993.1581016361012) 1
(185.14637165098824,236.00892505540972) 6
(833.6195125411234,185.88299600735448) 1
(907.0109181374651,371.1869186773439) 8
(481.60371902218714,757.1461305915757) 1
(189.3731771183693,312.0623296137528) 10
(329.4096119505663,538.2469430694304) 10
(17.0444150537713,255.0627963650124) 2
(126.49610560256308,771.1829648320542) 10
(241.628573521803,55.83434024618094) 5
(324.95946463443556,734.5105906788905) 2
(840.2515403490265,568.8970185076596) 9
(66.99105267429928,246.84670278247057) 7
(183.84394188456633,553.6170444887307) 4
(373.1540941978894,330.53981478927676) 1
(245.7751484146,578.9631443378348) 9
(186.12521694066143,388.2162565985483) 5
(206.66473164487041,391.90446852018613) 9
(945.538145389108,56.418843036903475) 4
(657.3091818414712,304.1606452963187) 3
(618.3581725488574,582.7481939430094) 9
(934.3313354098984,591.5615637563951) 4
(616.6579065585919,924.4379902305905) 2
(431.69315325653946,148.724333328637) 10
(238.63325469454233,7.703145879381812) 5
(808.6734053510878,220.67754185519416) 9
(764.1554641219041,648.5210964842456) 7
(361.8254547584241,299.4122602445769) 6
(27.474442342968253,717.5703953727096) 7
(400.2534196345904,85.14132746172388) 6
(75.78456913145126,529.0188888536624) 7
(342.1744946876468,572.4335434912642) 10
(729.404506890096,300.1871691012462) 6
(239.11362129033765,715.4129491847773) 3
(943.0368393360945,318.4689302161915) 6
(498.4492981624141,965.8577132858865) 2
(931.3203608335825,349.35488903248404) 8
(227.57114194418048,47.372909331850124) 10
(602.3103467948633,145.5694700501986) 7
(881.6264052366871,900.5778064144582) 3
(250.49835298725444,909.3663971822207) 7
(198.49617810201292,336.43988939228933) 8
(191.86028296205237,614.803199875664) 5
(84.44819475670162,272.85518762551055) 5
(348.9137722880391,238.93704388139736) 2
(240.3878254728249,143.58562492635596) 2
(874.6374943657803,242.12718357295503) 10
(750.8386953774647,107.87821876984115) 8
(294.9962491758634,421.77443160546545) 2
(42.97204615909944,737.1515038777702) 1
(711.71850607912,324.29014097986044) 6
(628.9007666166796,921.1227811850679) 3
(274.4218936229988,46.6567035594041) 10
(482.79125291742486,395.2086448746893) 9
(149.21157117501738,59.138135892359166) 10
(847.0780682039233,169.5270322711877) 8
(284.1605496872621,645.4781306145846) 1
(608.9843377018977,689.7645752939006) 4
(856.141478615646,908.7373607309569) 8
(276.19387440474975,553.6893376015793) 9
(476.880974440704,619.2881261761595) 4
(95.8050856989272,734.0560585388275) 9
(42.85120166008704,162.41588974956767) 8
(717.1721587246507,232.308361541233) 7
(868.8831849152695,462.276196889053) 6
(407.86346605587374,498.7923153491123) 6
(44.05273161356638,606.8113322991213) 4
(39.953846543440804,493.8545426805149) 8
(475.4467655370538,472.81812335363304) 9
(414.77402442288036,726.4260134230186) 9
(886.0176608307271,78.50202289736153) 7
(184.8327210695514,472.1868671203485) 5
(541.7351306288433,549.3467831149181) 2
(613.2246207551049,979.4285892561544) 2
(108.85599915581501,156.78088716599902) 1
(942.1309010139701,196.3425003653717) 4
(489.6362513150505,98.88492783004065) 9
(366.3545486720811,535.7231449068548) 6
(204.9834050075031,31.681631764170493) 1
(203.91001129373555,48.34306285317091) 10
(847.9522280713603,126.65225059769436) 7
(36.150212901254974,362.6639172011613) 7
(120.20112082229694,52.3339597029473) 5
(530.8510479241727,460.5413803256484) 3
(614.5937699823882,927.6869747471571) 7
(187.51533848509138,108.5635995206875) 4
(177.30891713121645,329.79407514919325) 5
(702.2779263216021,913.8415646159077) 4
(115.83019664114869,124.67670161302557) 2
(620.703113368253,646.7443344049908) 4
(187.4038830461331,632.8881503822072) 7
(73.27694250043204,769.691015645636) 2
(728.8780689491857,161.32663738998042) 2
(947.3016465193252,574.602857048886) 4
(737.8158742165175,179.75554356588987) 10
(425.45980205592747,486.2404798976313) 5
(230.26055241956934,440.02440585407845) 5
(65.17192068514089,232.51862370200917) 7
(538.1180221062286,955.6044608500305) 9
(104.42447001150512,729.6918277156686) 5
(383.27972381223674,663.6403736175192) 5
(247.99395627549603,250.46310279130103) 1
(311.9829414929534,969.4443016286341) 7
(612.8580379767853,312.37429540943685) 5
(24.006661670381458,394.73231446606826) 6
(960.0490854622839,813.9808078844507) 9
(984.0612742995096,348.66047719079774) 6
(490.79787734237857,526.3856784819545) 4
(860.4908547233713,321.92281818366564) 6
(249.55391510828417,789.9147810995673) 2
(91.09755309747148,46.437896043570625) 6
(678.6456386796764,411.6075513461621) 8
(59.86133749615619,622.8735667515144) 8
(517.9936671654457,136.73455807884406) 3
(828.010646673431,742.1869917673172) 5
(997.1571843229829,229.42013977104347) 3
(561.8778726043338,641.7515290045005) 6
(541.1444055378165,986.8870935960006) 1
(738.558217857766,292.9294624661606) 1
(330.5972256451736,62.54420612902067) 1
(213.34870960044483,751.322727137162) 10
(665.5466569964168,690.0488691390339) 4
(448.1009225763084,621.4959124299511) 6
(321.08758686621877,513.7229180660241) 7
(938.7792635990008,962.1542683238248) 9
(603.563467335825,514.7110087892221) 3
(623.4700604770294,403.116604716792) 2
(186.15948704466933,528.4105016158518) 8
(865.2879709349614,493.66357965458707) 4
(442.24775425656173,806.898888879577) 5
(123.88467210966314,15.549471179322039) 9
(641.3280752246296,727.5505840782748) 8
(495.80895459872573,851.1010382596262) 3
(582.9466523427764,181.24304625352983) 4
(734.9318450902283,128.36857804808832) 9
(156.10022932136326,613.6016151335269) 1
(573.8354520280408,511.1146442540011) 5
(604.2232985651156,882.5733419819659) 4
(449.36973240471,935.7722201820135) 3
(692.6373065635888,69.57785930769222) 9
(572.9932607046578,714.1373304610631) 2
(260.9940098919379,537.1036169968627) 2
(382.88967524124615,502.79388824142757) 9
(658.797921300895,452.7330295471359) 8
(958.9471836693891,906.6672689443742) 4
(766.8396734440736,986.2831816000811) 6
(415.0263718918022,29.630749760857) 10
(984.8719479689522,354.8648545549569) 6
(187.75867065317476,896.2149353110166) 2
(275.87335445465663,968.0144239748774) 3
(652.7278183476983,973.3276733857674) 3
(835.2436546367665,704.4540983548516) 3
(654.6771455671815,888.5399699004895) 9
(550.4407939707628,438.0531811836105) 2
(757.3695826350955,449.81394352709924) 3
(728.8751429407097,71.21498582442287) 3
(344.0055401150581,75.97299189582851) 9
(841.7230949482148,318.0120508693419) 7
(814.8944902971464,112.25539519194383) 2
(297.99664735256226,348.34716101911056) 5
(141.86702539417263,363.22197644094445) 4
(536.6031426482843,703.1470266867226) 4
(891.2639163734189,693.0635697773179) 3
(526.9312655863572,491.8800439705776) 7
(515.0861217767001,505.705435084453) 8
(518.2847372361014,487.9772005198153) 9
(341.26001246411084,933.2698952759281) 10
(86.73121811146855,174.38875648646646) 4
