1000 1000
10
(0,0)
23 80
250
(598.4460804438294,942.7667382873733) 3
(556.1110940406901,473.6846477014024) 7
(548.4393142478824,912.0500934269594) 3
(732.7622936701845,43.68066590092412) 2
(69.10144353585757,594.9145764432543) 6
(754.2098451287841,376.66388510825766) 2
(797.9638862573757,350.74723429248775) 9
(728.7331478929199,272.84888399384) 8
(705.4430856256251,166.18427779036094) 9
(263.62367365869676,554.4120147076853) 5
(734.2284055244347,468.65480439135774) 7
(621.8053673016223,394.8755046618339) 4
(149.52108024687283,794.1095184086643) 7
(278.30139960119214,275.6335084881154) 10
(816.6387352092135,726.5584661567641) 3
(766.8584460886834,35.62612926784603) 7
(685.1149897325918,749.9457628028335) 3
(670.8989633030588,348.50672971437336) 5
(677.3893369667646,459.5583365332544) 8
(296.0963049476828,960.8807728107588) 7
(865.5763233677386,7.792815674447673) 2
(376.01057978974836,805.0721295070814) 2
(893.8507997937304,223.97345357885857) 3
(910.0688899975293,994.5448780515634) 10
(728.937234877148,216.2799967757385) 1
(538.1840271782347,686.69764734862) 5
(4.844649930757505,794.8520768856687) 5
(300.4751416018482,884.9451769148246) 9
(632.8091808936279,587.9908898704168) 10
(131.5660732885734,258.87981609657675) 3
(63.562419802141164,1.6179984244836243) 5
(173.44817850859405,643.63552490312) 7
(919.5216871522658,691.8780826934063) 2
(158.79736496207107,587.9060309217554) 1
(874.3146997738476,937.6586979766261) 5
(63.27369470411337,207.00207119366644) 1
(633.5810033837201,89.03528281554895) 8
(338.7562647200566,378.25018462466784) 4
(602.5631050209237,686.2721064355114) 9
(35.13811890125851,168.52848868146154) 8
(943.6387977551057,16.009669991449925) 6
(742.1626907156299,962.1999322874176) 5
(504.75843818260677,910.636497442433) 7
(755.2719912087983,241.54302224450785) 6
(306.4956109688994,725.8859224753031) 6
(42.71285385338175,969.1498259735582) 2
(827.0969914036199,557.7393764852354) 8
(380.998838406121,343.92935257071736) 5
(947.4340793649912,756.0703277229446) 7
(551.6086284420762,801.6201226231195) 4
(489.21258192140937,760.1043796058697) 3
(575.7928536141953,713.0512681814572) 7
(49.56269968158833,138.99658956327866) 9
(939.3152183673328,619.4663786024561) 6
(826.0586250299332,688.5901129534908) 1
(917.3178953408114,304.34422598013066) 5
(275.8306553016979,855.7056164992113) 8
(757.6035020230659,233.14806800870892) 4
(415.44429885056223,934.6951242205142) 3
(831.5377170057137,480.5194459489768) 4
(93.45686251558327,972.9946163425959) 7
(887.607683226002,522.5981038646853) 10
(484.64309151476726,140.68015984985894) 2
(236.63892710761746,283.3920720318419) 4
(547.4152489930556,202.0578710675165) 10
(537.2962764817074,181.5589998671736) 4
(853.9485293714546,549.7214023635097) 2
(432.2879687351872,339.80102984999417) 1
(516.8667035498582,857.7108465378053) 3
(628.4460641427388,878.8633026532243) 3
(16.983201445132323,599.5062457091511) 2
(207.6092372542121,205.86987015416403) 5
(713.6690080242341,604.7629603758003) 1
(637.8273965929895,868.1950328589922) 3
(674.4488246350088,263.55396301495404) 9
(912.7676004089178,476.01276998928597) 4
(687.526587911254,659.3202895211119) 3
(55.26987218666824,256.64920302505936) 4
(875.6545937375897,184.97247775916327) 7
(184.39819375322242,228.7536359302843) 1
(75.90934891418166,950.1868976493979) 1
(104.26146764553168,76.67774206890998) 9
(776.6986938492638,140.5096341413664) 10
(672.9710198379904,163.8213364481703) 1
(98.97735090392756,576.3217702710775) 7
(818.9382858367304,490.1989421164773) 7
(799.8587916275228,41.486299902272926) 3
(96.60283436457439,775.2912605054379) 5
(659.5833221886691,202.84211712214716) 3
(585.2897502081352,36.76201216682939) 5
(55.351447777514,181.64897311211382) 8
(628.2329461907483,963.9786257950103) 4
(379.82760987106525,549.3822266262011) 2
(81.43263799502331,38.324011089950204) 9
(303.1433418287154,196.95370881292317) 5
(486.1053649538328,611.8432878408871) 8
(340.90544912065656,485.5308263199806) 5
(375.27724562639065,618.2094107430178) 7
(415.66545166915625,432.4106425598092) 6
(697.5527626552617,530.0676204833309) 10
(996.1335888221276,258.2582965139167) 9
(294.4682988801484,866.3503584306125) 3
(334.68034390507086,686.3961364024123) 3
(442.64032923929176,807.6832067150643) 1
(562.6915366377356,65.60667557250322) 2
(803.4823611737373,410.94625643147356) 10
(162.56515244920033,710.0099246468512) 9
(438.5302198092168,465.14279102743694) 8
(268.9740403415769,606.5436645017143) 3
(12.726870909738675,26.624817559023462) 7
(687.6050287286481,134.52680629989422) 10
(875.1769041575343,441.17049222722704) 6
(38.235981648271135,524.3780789436785) 10
(99.20947436667727,550.1675888946263) 1
(325.9325886036385,978.8035245991452) 7
(983.1701171643828,304.1804032302572) 10
(644.6947566063933,58.507147656922) 2
(650.700877034553,325.61970809299277) 3
(113.50460158800114,709.287315738043) 3
(187.47812681485354,584.0625874839172) 2
(668.4192838762301,927.5120900344281) 4
(316.01554077502203,671.9824478945087) 6
(591.0264031610175,890.109391588071) 2
(50.789409117835696,906.3138808790677) 3
(636.9484837752998,506.6415339858294) 3
(729.7395122877011,446.711550484114) 4
(141.05913870175678,963.3808165868569) 8
(107.02396377826284,457.279031802169) 4
(274.3388465566652,104.0350081009388) 1
(398.8782835192528,535.41310073187) 10
(749.7143063723853,520.2843535562371) 2
(862.8887354698552,130.12679886790667) 6
(150.35681685371193,389.435840996453) 1
(56.09686009284942,700.5046321745206) 10
(770.3566931043252,378.38667168040405) 1
(391.4683117324565,899.0515426672889) 4
(654.1308080619696,834.5975196292756) 5
(558.7886883933209,288.972444474248) 8
(337.84019559873946,827.5490144332249) 7
(473.216183196093,116.05240944566553) 4
(300.58246391893164,867.9821842478519) 5
(63.21447661636314,436.5425843238474) 1
(490.4822210473363,880.833552682662) 3
(0.2185806100740706,763.1421607638496) 7
(899.5621671311004,31.592283167872772) 6
(777.2107165219861,283.113496410906) 8
(865.3780666996748,675.6744738016778) 8
(854.4343453989703,866.6486031079) 1
(515.8995699197684,297.42178400210764) 7
(500.4366154377965,441.5865514454439) 3
(997.2272084099747,816.374514467839) 10
(240.99997274294094,962.6441400703393) 5
(557.0459163483416,59.28977352911635) 5
(898.207687508038,419.0730626742535) 1
(340.95569130917744,996.3223830904327) 9
(949.8974339762799,857.3063894204319) 7
(437.72194354225934,640.576388490225) 9
(150.53481647325594,725.6473718737924) 10
(123.68384065296311,280.2161641261368) 10
(397.3516113263085,541.2279793606824) 9
(706.5461164280009,512.8373932015861) 10
(601.8714353822676,43.960269927194595) 4
(801.7339865232736,645.7522051992596) 3
(385.94146901175685,41.819863028025765) 3
(616.1838786303751,787.4112775287696) 7
(680.0971277429142,741.9313012621898) 2
(877.0738626440908,317.82365672527015) 4
(642.7264236039111,439.0855227904719) 1
(111.58992629382736,614.6749700175359) 5
(82.1122913439426,620.1935203122737) 10
(325.28174835521673,413.8831429845542) 6
(55.053922827600466,666.8935043940576) 10
(46.54169761802252,215.9195891567326) 4
(6.838023909075175,55.99759884215339) 2
(989.8582300998173,641.0081469453696) 3
(909.7250580504959,15.859165304376033) 10
(753.2203456761586,573.8913235415666) 9
(334.2888660296032,530.4965414313892) 5
(678.0636449459988,153.83717316220435) 3
(296.72295989231776,70.42207994776494) 4
(312.5222562175217,752.3529760386876) 2
(331.5458257233897,326.79565730893677) 3
(723.8467081761161,465.2644499880052) 10
(208.8843340438925,43.17995713755762) 7
(297.5442242631131,807.2974083671364) 4
(540.3040065627738,652.6083833972555) 7
(771.2912620714251,867.8115787741782) 3
(54.25673529299635,954.3268458041626) 9
(469.1386099947751,344.1570988845869) 5
(280.51208807530804,400.32442606417027) 9
(595.6305659987563,872.5818560635119) 10
(749.1208332548129,963.9516812997148) 9
(990.7561034544995,121.91199558427634) 10
(570.9316865687606,688.9662340107177) 6
(420.90245917640556,767.4464391195102) 5
(258.8895294147516,679.1343621396355) 8
(409.15545437961833,504.37617818251437) 1
(461.23014407339855,12.495138925518345) 2
(91.07750193149333,718.1443470769515) 8
(903.4658670534999,834.0082150036359) 5
(507.3498089020926,421.0024516563491) 5
(951.9934397140091,485.5212222249569) 4
(309.00031810015093,762.0086962398775) 5
(519.8885813667342,563.0091075399247) 1
(679.4480306172044,893.3731376416557) 9
(77.84778573098994,68.03626605697744) 8
(92.1894709584239,675.3102551403289) 6
(467.0232168336571,911.6500845888693) 4
(192.93526995705412,982.1102155142528) 6
(404.44865485189365,191.1300809144879) 9
(45.76172924109112,551.9467522037446) 8
(508.08828320923027,273.1993124468205) 6
(471.3566906310469,101.65003959344732) 4
(808.0762329614488,657.8634270436207) 10
(989.7251026917302,685.2076258751936) 4
(580.0584024395354,212.07731706698542) 3
(308.2750932422972,684.852283236791) 6
(569.1905973542619,132.87991299195278) 2
(108.41009820946579,244.73376512105693) 7
(560.6099338999942,841.1511884820292) 5
(317.0081217167189,722.0553856314519) 1
(740.8354458327769,911.2872785288968) 2
(750.9748619755902,349.0755271639776) 6
(874.152725419146,730.7787516451311) 6
(260.2063050798635,156.34953836175757) 3
(137.1077975915752,943.173073394438) 5
(712.2572905159419,917.906769484545) 4
(559.4225499088185,551.5999164771977) 9
(498.98309270719477,748.3722674616847) 3
(146.93436229431788,655.5434541839314) 5
(72.21514011752994,750.0016382075089) 1
(713.3742740792686,163.90934375651668) 8
(872.3006277439443,650.4203596580792) 8
(176.7287958430134,28.322026108243858) 2
(989.8738744673525,534.9196027971849) 2
(351.45306444410716,781.7027301923874) 6
(754.7356376190336,202.1746843464124) 8
(623.3548092253343,290.04220354297547) 7
(903.7704086185864,555.11871727715) 10
(311.3901133998479,134.5921649750377) 4
(960.9798278320195,761.3823196569184) 3
(775.0032305647294,237.9643890294053) 3
(957.0953867582671,68.38893132110525) 5
(649.7382062095883,167.91003291856944) 3
(384.76034818559145,266.3714258515887) 2
(904.8007228317579,81.41463876737498) 8
(280.4890741089918,827.9353475178933) 1
(704.2987880939997,251.07107581401934) 1
(681.6405857977136,795.031843365537) 9
(686.0301010947741,726.0819087686052) 2
