1000 1000
10
(0,0)
23 80
250
(830.2098378835908,196.76719374956642) 6
(966.9881924667607,831.918763483014) 8
(63.65853477408001,571.0628598940045) 8
(135.6891034030874,220.06850691223357) 1
(582.2095846939194,239.99857174007067) 6
(939.0049900357163,377.78864861895676) 6
(443.98765690719875,265.18015775150513) 6
(640.7679009792103,906.0616468835758) 9
(852.6116079539439,286.9691991501425) 8
(310.6934628574698,52.272476468839145) 8
(251.73095520506695,372.7810612255592) 4
(741.1473559776506,959.3384094740564) 2
(128.0664608143115,471.75257128071667) 8
(103.22103734410004,436.4385978246039) 2
(218.29146568442815,26.107365162874263) 2
(374.91113466463753,973.8989805763154) 6
(173.2826359088606,506.96417993393607) 4
(309.0311306450959,412.56651845584236) 10
(304.6173473358057,629.8537783859915) 4
(254.42196613818803,566.9317056021265) 10
(638.1886772729499,955.5975390972199) 5
(855.2264179523825,849.2406101296785) 4
(168.09746825193227,72.43031069642802) 7
(517.9268292154499,844.4682951592376) 10
(767.3596158237111,264.79106850570713) 9
(547.9589809000713,823.1076615235587) 9
(9.427403533044277,568.9094882297858) 2
(379.2431917822182,446.81950728757323) 9
(205.0200655688128,681.5186160926723) 2
(814.6747152778736,792.0432114178841) 7
(987.7149981751305,885.5143479226605) 10
(609.3043291615874,138.41696924717928) 1
(123.70544576488973,40.38244599618579) 4
(771.2838559968505,442.6729066929451) 8
(889.8837618486064,676.1094857608446) 8
(736.1184728228197,149.32930523407984) 6
(841.3002787085347,824.1479325799957) 2
(698.8512095665585,245.25880985405257) 10
(996.8267501852308,327.1028364337555) 10
(259.95621831119075,667.7210831066998) 4
(102.15288932784128,85.39387165037382) 6
(295.65024848491373,492.74046896252156) 5
(642.4613822916696,905.1699310970646) 8
(744.0012485689907,105.59845376749821) 10
(101.40772577617963,97.69063982672222) 8
(486.39522536322943,961.683483790714) 5
(354.9382811289572,615.8765194638479) 4
(204.73992593655922,847.8117803739431) 4
(95.28370446001,190.790320971591) 9
(98.13702971983484,660.9966424283981) 9
(977.5248859468893,64.28566343836273) 6
(482.1289649882774,783.992096639301) 7
(905.1321097259116,876.4013787235601) 9
(111.43447574955745,616.3220403939409) 1
(355.9876112446795,537.9390597989744) 1
(724.6635768464321,797.6334225494819) 6
(682.3544017077378,872.4090527826934) 2
(968.4740189869731,419.5186387464219) 5
(124.36953035614285,721.2386456675135) 2
(522.4574426356384,249.29818770241897) 10
(418.9240139854925,696.4921773982337) 10
(242.61931141913118,350.11107598587563) 10
(276.0911978134043,945.4633606291179) 3
(992.6223559810668,132.06690066263448) 5
(683.603958224287,455.8851630655795) 3
(779.0939977258181,735.210617579331) 8
(711.7609430903532,527.6839933113281) 2
(318.00633967606393,447.02212235158834) 3
(740.0339089982346,234.51366638985093) 9
(144.57958018495864,699.1443733730774) 4
(518.43888081052,508.3744299430796) 5
(917.969284426677,664.0246721289045) 9
(230.13714923558516,170.7565791194513) 5
(238.42092541428948,978.9423318686718) 3
(836.3855700719262,798.2427536431175) 7
(153.65176188545902,564.5948386345692) 5
(67.46613926310896,39.90105155776169) 4
(802.3374195511003,714.6326161741953) 1
(919.8007400429505,35.573967660496585) 5
(930.5898711642159,300.2520690998347) 8
(156.028689209875,392.49413253112317) 10
(999.5563403082429,931.2136616366577) 3
(587.9151396186201,385.10588294501036) 6
(800.4999723889039,836.4158623484863) 2
(793.4288262181852,484.58167377352834) 10
(163.0150565476296,614.4077643130975) 10
(653.6088849297075,973.667676901389) 3
(179.636675838574,189.06877729029782) 10
(974.4880790754206,213.9693658302124) 8
(469.89561274127635,94.41505726443033) 3
(832.173865427099,905.4681757709469) 4
(856.0910092948681,321.943712708727) 6
(577.7062090868386,803.9457079609065) 3
(976.119845899249,114.06478172933676) 3
(197.2536038404049,662.0458451162895) 1
(493.87803251441596,653.6700982213332) 6
(681.3022456200686,769.5589481001873) 10
(34.33928772456607,74.81228131459983) 1
(151.48105079871434,283.0801448102792) 4
(94.39934404388262,173.19084098099313) 10
(267.5885298379519,260.3684213692566) 1
(793.1718143378192,396.8517053903663) 2
(103.58550562717883,948.3879946656899) 2
(125.04585120861155,824.2737520255153) 7
(480.1204525605638,752.1352715156127) 9
(933.143755277997,449.13673719640025) 1
(495.8822013980261,964.6356584914824) 5
(141.33888580398957,817.4197252593813) 9
(193.9448596285044,568.9029792402298) 8
(544.2707094589566,110.25050859853481) 3
(24.22685712958572,919.0895392565916) 4
(345.6628175355314,468.93839442026774) 4
(783.6185190833212,770.6083406458108) 2
(520.1406475830537,828.1709268827175) 3
(405.83282973872883,954.5762057016755) 3
(11.566192688414079,783.8313330591482) 4
(915.1579925583866,986.9291043033699) 1
(284.8778078139935,809.1204607624869) 10
(256.2897369086807,67.10751641296298) 3
(427.586061864182,142.89591020934432) 8
(25.504079773779775,120.40850495104837) 3
(823.6673240944876,704.8212982531076) 6
(451.96704398441045,812.3546935216347) 3
(198.34928892467397,604.7587522374249) 6
(793.428078895452,785.2925784002668) 10
(65.75470883231793,137.83357362386673) 8
(471.9959997240144,620.3417290865369) 4
(774.6691167778329,329.7610377284821) 3
(774.6369918059481,646.0862333454857) 2
(338.2027640323776,450.5243030659205) 3
(94.49878139896362,655.7767476308244) 10
(556.0250418572414,418.1064493918012) 6
(434.0800839575142,357.976754799298) 10
(707.8471846466707,374.33787010851785) 6
(330.7872942111508,742.7741040554411) 7
(691.4930467585881,25.0724437912333) 8
(844.1203793256504,636.0150530232593) 4
(45.079341037390975,174.19371668921946) 4
(791.6833298376771,304.5448955204769) 2
(960.5491799130255,684.2964180404442) 9
(296.8197070921932,186.17018888878602) 7
(919.222943545478,198.3311453607992) 9
(213.11243948081494,202.60887227451428) 4
(189.73080684080622,874.7457945276233) 5
(359.8267947959356,504.4045418637213) 6
(248.67050361403474,140.4370003455222) 2
(982.9530300827246,956.3707990841745) 5
(117.74002183934762,239.06474960770728) 3
(557.8784510534346,158.73357845174385) 8
(415.58909136334245,86.29223718899337) 7
(962.7040987240142,315.0361431005131) 4
(709.0281681798866,96.89209892429874) 7
(694.1993777110564,117.78930362469164) 6
(372.9434894161221,35.201294684002015) 2
(303.373087730512,569.539315212936) 4
(289.6338041323372,618.1033565494353) 2
(915.4280883486945,905.0773713510076) 8
(979.6675482520556,934.063621468177) 7
(428.6467610172241,325.8876412959806) 2
(190.9525857785993,770.8939741811256) 10
(678.1109705237858,509.6709757160768) 4
(956.9110189427179,403.99205156009486) 3
(760.8641063050139,214.08515246416425) 10
(251.03741938456403,682.0781196523793) 3
(294.1674066924208,910.8599703818686) 8
(237.4104936492296,321.385603857288) 4
(420.8165432021784,710.4216441522811) 6
(377.05116128052055,585.0849014983398) 5
(657.6528930800343,589.9228716252666) 1
(191.68558348084852,362.5601291861492) 4
(937.095978281582,131.93031999873162) 6
(240.07068919420172,265.51768592000235) 3
(325.65935669623445,862.718926730831) 4
(552.201300260882,124.5351140481309) 8
(432.3033561629146,64.40647852740523) 3
(654.5587763194384,580.7482862720716) 3
(762.3521313807271,505.0430954533626) 8
(7.503910470481712,323.92281699882943) 1
(813.9850691958954,496.51764324150815) 2
(343.2226576194519,247.94914304558068) 8
(908.6537454036195,800.629067720811) 3
(764.2579401986218,408.9547057680938) 2
(486.2720353635621,429.5735760369306) 10
(704.8788190696223,943.028833004793) 8
(464.25002840217456,154.27572534845558) 1
(16.835131682396142,453.26989929593253) 9
(670.8548567607265,344.31875280841615) 7
(867.8942659970787,544.7787145856879) 8
(579.2598857295887,81.89236305025615) 5
(682.3687616606619,181.4834058659681) 5
(432.03593087841483,890.2575340447128) 10
(754.1964894285335,920.6344927454708) 8
(572.4173769573257,586.1830461015941) 6
(710.0265624635547,121.55885962640956) 1
(35.5002769288505,988.8415852444072) 7
(838.1708590814806,666.1383061353255) 2
(382.04026317851134,953.877633261722) 6
(867.1810606347269,352.7149335980081) 10
(238.18137815914787,150.43882538511767) 9
(193.34558508472722,27.256929085936356) 4
(973.1903014569177,30.286719083775782) 9
(860.6597421553214,618.5622371537263) 2
(49.31096634760435,298.0406227726532) 9
(911.995153971827,214.99249772396257) 2
(661.1962203167573,325.9583976685886) 7
(825.8422662672604,644.8824725972287) 7
(234.71047366827503,107.22922667377932) 4
(738.1237847713471,844.8073465257111) 3
(537.1235201418431,132.08369513788432) 6
(899.8448106046787,800.2162312495345) 3
(202.82525852823562,369.63134056810486) 4
(968.4300397778022,260.2847566730495) 9
(97.00980035747352,907.7826780780528) 4
(398.00062385406744,786.6253805013093) 4
(443.25172665131527,842.8229853702932) 6
(550.6026787632479,897.6864632518524) 7
(299.0828283203156,532.6193647573384) 7
(345.23016659214557,550.0856690058679) 7
(531.8432654944149,36.76799809521969) 9
(349.7535823120019,431.3047768160159) 9
(596.9032340875666,797.2298558067276) 7
(115.15059996228926,887.8112408817761) 5
(165.72889480167396,915.2223834091387) 9
(720.2845674312089,905.8241653979842) 2
(552.9700975043581,701.3780064572635) 1
(554.8187777708046,678.1566301947662) 2
(992.0957135894619,57.707810183198035) 1
(841.3117942216813,839.5375543933136) 4
(894.2298961764313,659.0677814390573) 7
(580.7103293399464,132.35876967466075) 9
(973.5142817430176,863.0642091298851) 2
(695.2345925414207,986.5067382955696) 7
(36.82511816525924,91.09798406687774) 6
(526.8029736218291,983.3889287854826) 9
(574.5993928781143,692.1972984790681) 6
(868.47690120662,154.4749897665396) 8
(446.1413473598149,525.8806571745656) 7
(252.27536808969532,346.5885734834102) 3
(491.3551103430056,412.3993012870987) 10
(97.39751265410601,588.7054044124972) 2
(633.98347629863,480.8533238461348) 3
(127.97192815416192,273.6944274780598) 6
(712.587383263023,697.0094731508772) 6
(435.8849268788322,546.8420708618522) 3
(549.4976935327161,854.5556963194072) 6
(169.27712880389169,180.40578156884303) 2
(146.6664005871303,154.38700661595317) 10
(476.40058370222704,998.450833978403) 5
(222.8054813064455,101.10169248426048) 6
(357.88048460467246,564.6328025425009) 3
