1000 1000
10
(0,0)
23 80
250
(116.22563838790623,846.2133276125296) 10
(92.89100816152973,98.71293144175752) 1
(774.2719628145986,384.0116237724205) 10
(950.877630026086,191.59915781694846) 5
(942.0532813773776,736.708451676795) 7
(935.4707766742648,545.4633433958523) 4
(115.4264189244586,739.3133846097162) 8
(430.1043728870506,743.0138308599895) 4
(796.9345232344784,493.41319875924137) 10
(395.1245865167753,393.6981719654875) 8
(687.317510470243,537.6765870626016) 9
(210.09753405715526,748.6799896072264) 9
(624.9382937619944,8.71860925217538) 3
(346.07965713936375,448.15592827932846) 6
(704.8818584334114,54.13076840032438) 5
(661.9147832489197,237.7051178230265) 3
(272.80523818912485,371.6979287848) 2
(709.7998054019324,927.8577094461388) 3
(995.3163268714975,172.93677496685643) 4
(356.2373404719352,899.1836118129668) 6
(82.24421257518688,788.8391612677356) 6
(735.636414610667,473.31635826928186) 9
(18.452428795800223,665.302329248) 5
(393.1553442097134,153.20766082348612) 10
(655.5093306158067,201.88675230722865) 6
(580.0091701817607,821.5285949971644) 8
(227.7902498912121,757.8168887162693) 8
(816.7601559579987,227.42118003151813) 1
(783.8817694101515,528.1636328233907) 5
(570.1054927275363,480.48638787078767) 10
(519.4188339847792,822.5418170288696) 2
(640.2730096772735,181.49708967937073) 10
(27.938360288807473,730.9437337603324) 9
(400.49415269968,388.4365054647746) 6
(78.96949319903301,22.821057048787008) 10
(959.0386962225581,805.6334481567444) 9
(905.3637223967511,391.3964479043014) 1
(9.733116718445235,43.81729860877126) 8
(41.66417714533988,246.14382841174077) 10
(469.2572965054077,663.6787885583174) 1
(2.618552748567926,724.693492091831) 8
(273.47124282377376,183.7069574233592) 4
(502.18925161820425,511.81652714994584) 4
(878.9011919357889,561.4917199204302) 8
(553.7367139722221,797.0551552063093) 1
(118.74898299869862,444.8707863122088) 3
(914.4996410386751,276.19392379212513) 9
(646.5600177406078,148.7122400632267) 2
(621.8907834826853,274.7841002106576) 4
(514.5825905148347,838.9319557673349) 10
(29.2828389237606,86.57266303816024) 9
(576.356165743595,280.12691217490715) 9
(311.54306735181956,330.6754252553309) 2
(673.3384673253474,600.4843501365924) 1
(461.7116313110783,237.40809270346418) 5
(753.0084933579911,656.072452211023) 9
(635.8015362995442,335.9621809159592) 9
(285.38332157418336,241.28971017133395) 6
(391.7056003351267,122.60059114920097) 6
(957.7578968801477,252.2831682247414) 6
(786.8257095868166,395.84576514446366) 10
(685.2527595587057,282.26287392344705) 4
(14.068989079391358,436.4640182236743) 9
(746.9967399773659,261.44164457447425) 2
(681.4352775376132,329.85750938743206) 7
(533.9540632069841,253.27196504850224) 9
(888.3038540526053,452.79544993927857) 6
(632.749097140834,954.0538406798727) 9
(588.111412351929,772.7426767481771) 2
(874.4500323432502,868.1436659878196) 9
(14.600407242496892,357.65875884981057) 7
(976.9874853277377,486.7866156845595) 8
(73.29740391163442,792.6180233954675) 6
(325.6045171987062,801.6276396124741) 2
(512.792408612651,262.6233834498498) 1
(289.68245148759263,237.04341199582657) 10
(555.5411453650244,847.939939835782) 3
(84.14659233440037,436.7726774252175) 1
(93.62462274616202,864.5915745998601) 2
(990.475026205128,840.4027302250704) 10
(232.33282988885685,286.56593963390776) 8
(608.132850478273,141.73389649774248) 10
(251.25587920861892,874.9550502869474) 7
(640.8899607321459,142.61726219417181) 5
(902.448800583665,701.5469276764067) 1
(314.89817995473214,739.0434223612951) 9
(441.76193383140594,141.97487891324357) 7
(155.145385436115,346.79952720447915) 1
(495.3778696709851,770.7919210457253) 10
(27.796070642680746,173.48903086283917) 10
(338.63517803670885,18.565364978872402) 6
(992.8453425277555,154.81907982046494) 10
(694.8193786363913,163.61959482845677) 7
(677.3647828811899,358.98926961817665) 9
(783.5947912214529,216.5666556982614) 2
(619.9844903543938,517.8107612592273) 8
(917.8148269975688,499.83760536299) 9
(765.3719900818149,843.881348652306) 2
(756.0528012178249,424.2586261709055) 9
(484.17346561416406,642.7341065770737) 4
(67.37651495462072,195.15464515864377) 6
(984.6529206249684,324.069454234575) 1
(80.71435662093495,630.441970729187) 6
(700.7194989315885,370.052676452836) 10
(559.681510634958,403.7259899072403) 1
(754.8886349195312,834.4464764977622) 1
(427.6101650930646,202.14634104618423) 9
(330.7421824123241,767.2672466894911) 7
(946.2656412250764,736.4363110115628) 1
(321.27487055826754,919.0521108619419) 3
(390.7568148201104,285.92516748118123) 9
(636.2050986438335,595.0347653250819) 2
(381.640208995926,257.9088150812668) 10
(438.3632828792088,20.086132636037757) 4
(553.7715309374408,28.180237638489093) 5
(537.8625796508071,624.522727230526) 9
(886.5456598022649,52.766718425148355) 2
(979.8547455036057,156.49633661803608) 7
(172.94969920747184,750.4862758619248) 2
(920.8807309355822,777.61136476072) 9
(767.5871736143087,495.20870495806025) 6
(88.83037391438742,746.015287125677) 9
(858.8249094419696,80.78418874985039) 5
(686.4858572409411,874.6613193277781) 3
(828.23310295266,114.08099753325595) 1
(127.00966559554006,654.3129406505111) 3
(683.698786615045,841.2558268877776) 7
(243.2157955542461,678.3484475275969) 8
(267.3175421480064,522.9190978833402) 7
(614.6522457585477,590.5287948493913) 10
(439.0165616918432,303.453035395719) 6
(665.3912161084238,248.4078300055681) 9
(431.4294506483356,568.4847717034394) 5
(134.70461053065085,477.6762606760273) 1
(111.38215617272884,365.5119772213917) 1
(871.7707682016754,831.3087263157845) 6
(142.65824835383256,596.3291883102041) 4
(378.2148110224526,6.427953371104245) 6
(908.7400335544642,477.5406434048993) 2
(666.2912012136854,832.9526063369636) 10
(272.87884695401556,245.78157717482463) 3
(765.7076596111143,924.1558417324497) 10
(344.6076890255478,451.5185937717795) 4
(930.6867177570165,562.25953354867) 7
(932.489185703495,585.42123939764) 1
(957.7702988132867,403.7632735120784) 8
(878.7093065316925,22.348582454129186) 6
(276.2896248391632,743.8613648903948) 1
(103.4023018039395,929.7866700287943) 5
(167.1107165924105,22.85638555256364) 8
(955.7296899882625,960.3186989529228) 4
(911.794077989309,285.9817131079767) 4
(833.8854601733983,306.5685230287323) 10
(961.8679670202274,990.5057139155202) 1
(785.8016217163423,920.2120266533738) 10
(965.4840506912814,569.8137433827071) 1
(704.9208702362749,796.478570886873) 8
(421.06479440880804,45.68399921735933) 10
(740.8853702793555,538.9438796074433) 2
(599.0514385665646,758.3100198885464) 7
(889.9084342024134,885.9317064509706) 1
(629.7864384374869,698.7692873014886) 1
(881.5409169573095,867.2601675421347) 7
(210.85316189374538,865.113232910411) 8
(524.6926642387585,781.3071637696517) 1
(337.2150290726508,67.65595702742289) 6
(790.8546466503265,226.59922527144226) 9
(634.2385540251604,419.1780927954045) 1
(29.712001483186867,978.5773857303279) 10
(689.4112720635483,344.4324860040734) 5
(651.709310974711,3.4281002641523006) 1
(598.9349680548399,369.74414714157854) 10
(165.9026721648542,955.6173024328365) 10
(81.25807724933698,317.0289699775488) 5
(749.4062949480223,416.1468793343748) 4
(397.0644613418055,640.4750306359908) 1
(358.4752939021972,244.69617420503343) 3
(709.3804048627774,149.1644563978266) 9
(110.89718651831815,825.6582254151967) 6
(914.9449319216599,648.0575616310274) 2
(900.714818425636,228.93293494183052) 5
(229.28555954072849,916.8745455120225) 1
(784.8768847915701,649.1292918550708) 10
(370.43215313785714,380.42187852161504) 2
(38.375610540480885,636.9787891855956) 6
(5.538630641494957,428.9183753196233) 5
(804.4108716333759,412.8976141794334) 3
(229.79722532064685,837.6863389408136) 4
(812.3079474174866,110.8809921796351) 4
(257.04321226496216,414.6311460028603) 6
(742.1013953899275,781.3543589764543) 6
(286.1049292486787,266.2289477343759) 6
(555.9830715577948,92.27140164928282) 6
(646.5301069161778,703.8515756036087) 10
(842.378560209184,515.5320560866277) 3
(892.8590873936533,668.7713055058323) 4
(805.2443888161688,154.75509059535509) 9
(891.8245892150735,711.4672132276672) 10
(627.6579355030364,850.1136815895366) 7
(133.53431122694525,841.1573942454412) 3
(971.896905443875,168.7905413892302) 4
(280.4676695724327,135.9556845383434) 3
(997.2645595132287,48.93340677726044) 10
(873.0270920803637,886.3577113474482) 3
(488.8914364748985,314.6797889699959) 1
(360.1826946882308,144.6741757508554) 8
(268.1351378568707,269.3688373294403) 8
(688.3544251864346,950.2492481176192) 9
(547.2372105689847,391.1150768782206) 2
(783.8927965371668,472.3494849475115) 7
(785.7162347612542,769.8469070469617) 8
(892.9287685254967,868.3799561684228) 9
(905.3862284214288,401.10689997226046) 8
(411.0320335597929,301.4694959956267) 7
(393.3080895187586,143.62256606141287) 3
(711.2599574787326,377.4538538372986) 2
(411.2977346863607,518.7105028116154) 2
(967.9045801572283,57.7724560825208) 8
(648.8244374147071,443.9578582299618) 1
(144.93593169245634,875.2385364276047) 9
(964.4095034323434,958.380808490938) 4
(525.966386739551,56.65602688041893) 8
(810.7887833280569,893.2643426575951) 6
(115.05089564539183,689.8101266847191) 8
(675.8498437850188,588.5070819343758) 3
(336.664487444572,827.4589664848882) 10
(525.0850405254118,413.439850040917) 3
(961.9251535677654,861.465268731216) 3
(729.6536282815974,287.8115863450825) 5
(548.6649801733034,849.7024860577332) 4
(918.8884266073705,396.974508563625) 4
(98.54810388978163,195.80629835422735) 10
(978.8699542248069,138.14478545130748) 8
(563.8905651962305,80.35467074983715) 10
(939.3876148264271,768.8999196045628) 8
(358.30124078479497,490.083327181978) 9
(875.1493734936366,8.881073651960447) 2
(131.32230627607922,502.08485785817436) 4
(578.39800530361,121.46570307810856) 9
(47.74971289425167,598.7067573972163) 9
(616.3329623801706,787.7756912475052) 4
(309.10533184636347,836.6177812332761) 6
(309.84514179630787,848.3317704988186) 9
(515.9091572206295,526.6637677837516) 4
(837.194658192786,552.2574900700199) 1
(660.2582126225807,353.60406349232056) 9
(507.9842224801233,941.669356882972) 6
(110.11888859490404,896.6571253479483) 9
(30.20172579879199,60.366459666991055) 1
(93.99315575189927,164.95479756093567) 2
