1000 1000
10
(0,0)
23 80
250
(684.4956476020818,91.95189791285507) 2
(104.92812788003103,245.3685307453738) 8
(774.57402694812,703.4831623231674) 10
(704.6425974444211,741.9285293139317) 10
(437.8506177174834,749.1101936918196) 6
(522.9779063549078,898.159620949969) 8
(208.81286148352262,479.55862142048824) 8
(907.9942735415519,929.113651987563) 8
(687.4547752287481,12.010063867330501) 4
(112.51422957888057,788.4402233767854) 1
(326.3039495139956,574.1851382716269) 5
(641.2712832570095,346.0623306176071) 1
(272.2035836598531,799.8872187052649) 6
(650.0371609187736,512.742961341888) 6
(765.0140537491334,237.62161074068823) 9
(347.80036869717014,464.9985592883913) 9
(253.503332301392,832.2010513394525) 3
(440.7719745158737,540.1156266903913) 2
(218.34121161800724,439.92756145005194) 10
(774.5381000185994,257.803233781264) 3
(774.1361556808104,713.1520857341746) 7
(55.408097970578105,752.3779267862058) 6
(348.120853409592,72.84180428739128) 1
(106.87623607598928,499.9616063978812) 6
(789.5160297796377,656.1386443386319) 3
(100.33760775450362,849.1836828330096) 2
(142.58198007583366,532.8071008191673) 6
(213.8784937364526,456.97422749947805) 10
(970.7578480588572,977.5460180361875) 5
(615.173813318492,542.846283087014) 1
(940.1327838118273,170.98893127692384) 6
(230.3174069361993,228.27903359788127) 5
(425.43503215611054,905.5150937147179) 8
(739.5303257460972,749.1201701893909) 6
(176.40261799191538,151.26296626591818) 10
(694.4340143607043,544.6343190498326) 3
(148.10186848521545,351.86930164943584) 2
(602.5215849654545,706.0494237759876) 7
(177.50476639450508,535.350167128158) 1
(248.23850588908448,924.5941914098646) 2
(808.2870247283402,625.9650408036516) 5
(0.9230483244606624,765.3240155316328) 10
(663.8153408832793,562.6779746541798) 5
(939.6344004555724,682.7824837171295) 2
(473.5727625198069,891.0601590110683) 7
(345.9743567277809,606.1633068108623) 5
(311.8599303031956,291.54856863970434) 4
(149.8082354465924,811.7424993422377) 3
(183.63987310669071,235.09024304683436) 3
(971.4435957550995,652.6761237684099) 5
(133.72777475493314,172.6111468083269) 9
(200.81686060550697,167.6064440947239) 3
(124.06250273508712,752.9202736892839) 3
(743.8767079692169,290.3355218700332) 7
(147.27286910127324,202.76588555139418) 4
(705.1104338509822,28.23188735422233) 8
(815.8868178513163,247.456631278282) 8
(106.05899106683204,608.8268455630971) 7
(210.49147133256218,981.0155930771638) 4
(724.8390961376123,723.797883562806) 4
(878.0955582014038,951.6219274384271) 8
(91.67189850393898,749.5316430581247) 9
(446.8055262863111,786.2601732138248) 4
(94.07443736101672,947.892631305796) 8
(191.70526103781583,921.6982019154617) 1
(461.1511846215096,389.04974415552306) 8
(10.301383296019928,596.266722928997) 8
(122.12675153698171,169.4828712427313) 1
(507.8161024586271,801.3119590812094) 5
(986.1222766697158,757.8383375770683) 10
(997.8467627713678,33.32333194112269) 10
(627.1451721412456,71.06360835143033) 10
(876.2446220688271,648.3809001432356) 5
(411.6814876804681,611.4717376542642) 7
(156.70315166515869,67.4325824646379) 8
(909.9511952685082,138.92639895063687) 10
(256.69528702470814,349.06395246421704) 6
(617.0820764000738,31.67326051520569) 10
(80.46763955994007,286.88934494185037) 3
(106.63842371754839,979.7273242895171) 5
(118.60459946309487,432.1975742042571) 5
(539.5471434452486,553.8592072090353) 6
(703.5282423674339,731.0190194017392) 2
(632.1626072775732,459.74669997712925) 6
(208.86419447299454,382.34744563600896) 1
(550.7905795530511,124.22350793136627) 5
(79.21877358226071,473.4249286968515) 2
(267.22506668736787,148.20759871526025) 9
(64.2017775919016,802.182471467999) 6
(524.305541129395,51.128270857840555) 9
(545.2819363096363,254.75733718000737) 3
(158.32942005042594,833.5454150608791) 4
(977.8065889848269,118.1782279142859) 9
(78.2888768406017,86.60281392987423) 6
(535.304174868916,701.2395610991102) 10
(884.3072817169106,940.2199101054408) 4
(774.5411627707524,165.92230716453548) 5
(544.9519492709463,239.64125409506943) 5
(259.4959848328763,313.11336850934566) 6
(901.2166586429241,852.9924864263857) 3
(346.90966169243256,130.80456543474372) 1
(260.17400921270206,881.8907931540751) 2
(305.49977307994914,393.012130795251) 2
(884.4192252406916,351.95214089059647) 1
(763.3321452208997,955.0039123413519) 2
(750.2335125252412,492.4137475399737) 10
(132.02444056649932,19.014921669940456) 2
(140.12580917291262,232.51367858091976) 4
(992.478095564342,180.21480868726835) 7
(36.62967995741495,675.3075548913995) 5
(298.70291086701775,585.83981992871) 3
(941.2192407524471,954.4276863452403) 2
(634.067704603226,840.6576699408251) 1
(194.4886649235802,258.3670183703066) 3
(957.3477071123849,159.21529305379568) 6
(298.8456813514694,520.637509121287) 5
(832.8743742466122,687.5150026940165) 10
(241.01403062181248,777.4147939269535) 6
(792.4954244225273,905.0519004880039) 6
(40.26111591451742,434.68189258933756) 1
(22.169251796544387,253.5612313489236) 5
(400.2019178389643,525.0814667704892) 6
(122.89284136532774,864.7971131229016) 9
(56.56974484018284,797.8423291016501) 1
(594.9914329372426,293.1630274278106) 6
(407.8089615952076,593.9850233623047) 8
(166.4233346968792,658.5607932292045) 3
(444.7462637305063,586.3025455608612) 6
(454.13591606790584,671.5998038280483) 4
(334.218814825756,303.9811624448233) 2
(314.2058377770073,217.94735539354403) 6
(560.8409031745678,991.7383768262764) 6
(173.9236964590678,999.6293574090016) 4
(229.368393352114,141.62082174066893) 6
(851.8165712525089,141.91179902390715) 2
(336.88003217174713,510.38332348218165) 10
(390.51016168864373,268.84300741240753) 7
(87.02402169559387,447.47120034210786) 7
(381.56289008532076,796.7866620730747) 3
(734.1815580578012,112.40547930311284) 4
(355.6401588928394,633.2373071454746) 10
(331.2251264329606,473.8977575166328) 7
(939.8119681707601,935.4364132938035) 8
(861.385475289743,48.84542086172105) 8
(949.8685624011081,642.0089501871165) 6
(732.0901754274774,946.4359654546536) 3
(696.8872909792223,663.2655187181372) 4
(644.5112433580457,721.1044834434981) 9
(157.73795943518866,103.24937203918705) 5
(754.1889019785104,473.33862029776265) 6
(150.99194360056111,737.9671768547842) 3
(227.96515901528102,72.80061537142912) 7
(734.0603377676392,335.69687375606804) 7
(372.44693268110973,471.13210966822703) 9
(55.044071710554036,833.2747146901991) 8
(784.4546218605685,709.3573068278216) 1
(666.3719434727819,559.0091696244714) 10
(739.0318542196392,672.5969364671051) 1
(73.58147887073252,570.5303078384937) 9
(612.61083878092,672.6049487077831) 5
(168.95553541853513,237.24091628508214) 9
(970.076247053152,272.16662662268755) 5
(839.1069212932376,838.4591463515955) 2
(143.13450017467179,80.32829120405016) 5
(664.1406599992625,552.3217470892056) 9
(887.4831901404708,84.54738972939457) 4
(468.0089727638506,427.276234982818) 9
(621.0132897761588,394.6365749834837) 1
(137.12864630524635,926.1685083725092) 2
(7.097060034574887,329.65484227123744) 9
(166.92645560954512,191.8476387182255) 10
(218.68280840757782,584.7716928795992) 2
(676.3221423717058,815.5181579698489) 1
(50.86757125407581,739.3223044141051) 8
(596.2657757189236,100.7415050028011) 6
(511.829326560454,793.8231466204423) 9
(795.1775037384343,412.19309861886177) 5
(606.6479823345687,641.1120836347224) 1
(79.52789126462667,982.658249524949) 5
(201.40231527658915,75.18673029793909) 9
(467.9714873168613,175.47937752069663) 7
(988.5964898915531,577.6595074498414) 8
(224.5736642970807,488.4939729176665) 1
(990.434451754749,665.260929829986) 2
(54.04787462258054,983.9445392139734) 9
(949.1255929113664,579.4107056817762) 4
(390.06821036226245,283.1848343665542) 9
(547.9626682200231,762.5670542379215) 2
(902.8043799223998,272.60855268876617) 3
(838.6979062662612,101.59863020497562) 2
(337.90929335317475,625.4626502905111) 3
(310.1325231320358,895.405106975408) 3
(429.89258715047526,50.510240493283895) 5
(57.183593208476324,527.4083643566457) 10
(151.45569912821443,903.7133448037347) 10
(729.5828522320866,898.9849842259952) 10
(283.53864434015617,345.98584824889656) 7
(399.8476836799446,546.5762889313692) 10
(191.2877824151875,349.61096045150555) 10
(711.6866830777628,31.874840917103796) 9
(565.3875150341989,609.7742496924227) 10
(577.2717477707699,682.020035496663) 6
(439.0414986290254,869.3303245770502) 6
(826.8591731792782,650.4818365466707) 6
(665.7377524423744,550.7869106818898) 10
(279.92967228771306,576.3012274690059) 4
(73.6723675355303,657.0107268102398) 2
(878.651326864215,31.266648750652102) 9
(781.7137755169568,846.1230472711679) 10
(779.5367003427531,19.10518095291991) 9
(450.26723975987113,543.2236586441278) 4
(863.2570350724934,727.1334561918666) 9
(825.7805069447286,651.7202713423443) 1
(514.1728905946857,365.0067436414085) 2
(880.0511416143947,111.56519175183055) 9
(150.0315116672396,14.779372066337505) 2
(966.9519919684291,655.8807267320375) 7
(653.8070652581156,601.425448127654) 6
(575.3733052317015,368.3328709266346) 1
(377.8103413004248,856.0819320460514) 4
(130.09955924317063,282.764013971842) 3
(630.6756735301382,678.1995605258022) 10
(491.137724434252,283.7169896547617) 1
(95.65514752643777,65.5963289408782) 4
(997.7307565936343,775.0193127725668) 6
(884.7000341286354,871.3414476753493) 3
(433.39222211037554,446.05943605077147) 3
(33.63039288817815,731.8518275932063) 10
(174.28115889934892,877.5608802645993) 2
(716.4849320621105,338.58336514337293) 3
(589.4551343411689,371.41780894378576) 9
(892.0164584274738,723.3414980931074) 4
(494.5828670495711,237.74747657304763) 5
(92.0932514992634,36.50517339802906) 5
(384.55436706111226,492.7150468434771) 7
(887.0204627071562,190.66292371471505) 1
(473.4226868300455,442.3739660553742) 10
(199.1404023095996,753.3550487723141) 5
(245.00185515238115,618.7662385561991) 3
(486.532023317764,811.3396210187345) 5
(962.9002701621996,472.47083849710504) 8
(574.9819406120167,492.3491603903531) 2
(550.4813645239386,33.069679279917) 4
(565.8861482312692,756.425271161581) 3
(224.44637544982248,298.29955335533174) 5
(131.99953845294232,354.06677902346684) 4
(111.06512895040876,679.2596313585866) 2
(290.4172923774739,341.4142191136196) 1
(141.12226593422716,753.0836470029935) 6
(206.63901825665354,536.4098157998403) 7
