1000 1000
10
(0,0)
23 80
250
(666.3414574271073,830.9440157613149) 5
(721.2567849887294,237.60385204607292) 7
(143.99908658292247,773.6610936065323) 1
(88.13514151401702,473.1293021717935) 2
(601.7168207824053,859.2245346465274) 1
(515.0130025893981,646.4197007458446) 1
(492.37875250670936,44.46457686794514) 7
(370.1016667370912,640.0685130877185) 1
(465.11027928403223,361.09268267620854) 5
(128.05605386143193,242.61480959345704) 2
(394.0862446370006,971.5524303680914) 7
(29.03881965833377,711.934969143454) 5
(573.9151509701056,471.51748186761233) 7
(306.75076352301465,370.6189801321217) 2
(308.17031929412855,606.8761776854601) 3
(372.42679030598333,375.036450224989) 9
(494.64322986954846,137.9646283939291) 7
(319.7480843948397,412.05539981983554) 1
(283.50501444045415,253.31271053541448) 2
(205.47001578427614,616.3967218051197) 3
(864.7458211211512,706.3015891158367) 1
(750.1918612379666,278.71064889168605) 7
(320.2370386205061,246.8117216283573) 9
(732.6343868470981,598.2164875232866) 6
(247.73200406216088,485.43576828198564) 1
(531.3019485502466,259.09547656677546) 8
(740.3472189312378,50.56558275464285) 2
(516.3063874363597,256.94253897263275) 4
(212.6174911409765,792.3698722388834) 6
(807.9381305462445,452.9218478675039) 4
(970.0369555019066,219.54020425883846) 10
(31.7931369344846,591.3350452131796) 1
(562.6946371981549,388.6112784692124) 9
(735.8893059383445,539.5915797340958) 8
(993.0700366471763,885.6629336142535) 5
(916.1894076573532,8.81243933207898) 2
(384.70794739365465,283.11067304525716) 7
(749.2791493092539,350.28446691784063) 7
(417.3462058299926,677.702456042993) 1
(515.178598716047,58.991612837473454) 9
(825.3007864696186,981.7845492732462) 9
(452.29188175301925,661.2355079510859) 10
(874.2579031905868,651.5396320610078) 9
(225.01656218613297,362.66817465960435) 7
(574.9802374105096,831.1489962498812) 6
(927.5319381184063,847.1153477971902) 10
(650.1441357385511,582.4053212822608) 2
(875.2349713931853,677.1414491558123) 2
(104.965732327721,533.2018628221942) 3
(120.98260255923566,783.3370168404439) 8
(330.712325871418,990.620050941674) 7
(878.3933147124592,892.712528137853) 1
(816.5771386612943,14.047290330218454) 7
(634.5550445591982,693.8027397393535) 3
(705.4886371059059,43.91460643047584) 9
(119.204020947278,100.10110659718185) 1
(47.94719160070338,256.832159971755) 9
(727.8352130330529,64.59970919715418) 7
(592.4880789013541,118.37838801991474) 5
(274.4644668083933,386.77843837770286) 3
(719.946134071532,777.9242915954648) 9
(351.98454710199854,448.73346183279193) 6
(99.62911131985075,675.4646262495048) 10
(949.2295881336449,237.26284584335377) 6
(958.0568941665456,59.116562446473566) 4
(763.1921636180558,475.99193046077846) 2
(179.29421587316907,401.5369495661022) 4
(897.633604410383,584.8518835138777) 5
(459.0316113832622,305.6940896229895) 8
(55.85491782755525,610.6015998525903) 10
(944.4170702689603,886.9143528264959) 3
(269.8937138198384,341.15451277335995) 4
(823.6335919609455,958.0405321424071) 1
(728.7296775650731,764.7052866418582) 3
(120.4837385355626,824.0840247062571) 2
(319.60587105307314,718.2980761793877) 1
(426.9112586736812,212.20372906982132) 7
(744.5132649566308,227.20688860223515) 3
(561.8744489258961,809.4926895009331) 8
(357.6430251708377,249.48045166985443) 1
(379.184201873222,233.19328448260057) 9
(190.84711470559745,691.8471802363209) 6
(831.579027986151,296.7940392797664) 9
(40.37549319991363,91.24874183785924) 6
(20.692426630032013,372.98543611443927) 6
(737.8494011946472,316.8250010346605) 5
(419.1368297842468,472.2714323836925) 8
(143.5727278465694,214.81368611504593) 1
(896.5143011213868,837.7635086383962) 1
(388.3634454828536,308.81801568050224) 9
(813.6724652429765,44.24917055055322) 10
(796.2375352900832,692.1836580226231) 8
(102.82912143379608,580.5778658478008) 1
(128.34122820864158,982.8333421761085) 7
(951.0529626674405,541.1198460548464) 3
(822.7913051751439,754.5069591842887) 8
(282.1083577769123,246.80055745599083) 4
(571.9668241606802,545.5860785604007) 10
(779.6543537499663,980.0327320547209) 7
(503.0407602849649,815.0988515074536) 2
(862.487311391503,777.0070596375125) 9
(424.80412133199405,470.34936242159387) 1
(70.83044022488383,491.95418326709216) 6
(862.7079738417792,801.090247413887) 9
(600.269716086528,258.5637553264585) 9
(750.4435001071275,224.86896139299495) 10
(495.2826506480097,387.45836626470344) 3
(416.3975129655928,971.3928872478687) 2
(216.68610004110656,916.8025979764845) 2
(901.0020847899117,942.1354763783643) 3
(935.7359945248637,687.3605320716267) 8
(998.2041994818768,419.24188027055743) 3
(248.12418930100588,116.81119766059722) 4
(746.3778880760806,226.19760451138404) 3
(796.709623382737,479.7373833807723) 8
(10.24890426677516,978.0259269991815) 2
(934.6730683062074,613.8969390644731) 3
(596.30503569584,443.7672858288639) 5
(973.7201619359216,713.8086829622724) 8
(616.4735712560749,561.1596559403307) 10
(996.3239805595473,876.0795070503303) 2
(457.5777077415475,268.8943538641686) 2
(79.49025027546219,780.1346027647894) 3
(365.7977241560041,987.6507850131386) 3
(214.97342242827844,382.96830303473297) 1
(409.9157171173077,244.70663253715784) 9
(373.7379350264496,118.87098647012483) 10
(502.3914374799193,624.0194779761543) 2
(180.03363598938904,642.9072578614511) 4
(665.7221727109038,769.5592177201984) 4
(115.22102223884467,379.0711398887807) 6
(468.83999000766073,547.0551875733422) 4
(127.84846240518988,255.14633948523357) 6
(75.2534797990847,138.0404120642831) 2
(294.8486227114443,135.35492393447956) 4
(357.52559298188135,634.3274927516463) 2
(555.8768253349745,475.7925728812513) 2
(391.2993794861731,494.4948257612336) 4
(756.8995167897353,547.9858453854217) 6
(852.1568195678092,943.5755653576722) 2
(9.02533856205634,896.8197434491824) 3
(261.7605719497466,612.1695379592035) 2
(374.34515127069744,532.4085609000194) 10
(88.35483314930815,905.6476284572267) 9
(960.3243822545932,389.6424260489924) 4
(276.86615411985525,829.7160113759966) 8
(960.0357393278808,532.4800354147018) 5
(598.175858025872,899.757722996422) 5
(331.11388156042244,478.00413374726367) 8
(450.46630019787483,940.8140146234254) 6
(480.7538773781508,349.31268640267035) 5
(954.1414863416645,240.05660341732772) 10
(837.0340516965899,846.9182303119898) 8
(209.78993596712414,377.74384070339596) 3
(240.49244409701697,234.12692564991312) 4
(25.208495842987233,363.71627853997535) 1
(94.38951291716013,267.90231266593366) 4
(867.5465356208161,755.930237717016) 2
(201.93392586694557,839.9921310995398) 1
(194.66059485878594,869.7409344654467) 1
(839.3723566460797,909.6665069384428) 9
(751.7851844931504,231.7083731096311) 7
(408.9040872263787,595.3530224931685) 6
(538.3839139828098,901.9567761456964) 8
(55.72344635736515,121.42072319914166) 3
(976.4848659622805,786.3889043120439) 2
(756.296754370075,107.48003850750621) 4
(603.5586992100166,273.3607574506027) 10
(186.2877843876919,160.89302402695316) 5
(669.1492262978595,279.04457839827825) 2
(111.06426586878504,887.4675746352257) 5
(397.7860483705039,781.7995425945934) 8
(109.13860699654099,522.3997312521346) 10
(331.81001336228053,976.3329714233504) 7
(496.56496033834594,834.727716945489) 9
(830.9702455284958,390.06917337405287) 9
(105.37515825394294,360.1657260090351) 5
(765.5564513803421,234.20490530269234) 9
(502.7232834838777,562.5276328947942) 2
(806.5540354002446,421.596157640989) 9
(139.04367475309786,930.4079203424659) 10
(560.4901734249963,762.5167896679015) 9
(350.51805644013314,770.6308774123586) 1
(471.83578235831567,477.50558562830815) 10
(458.5447150484573,817.5065179661275) 1
(928.4299208405006,945.0683282332595) 9
(151.305663345252,260.11254707076216) 2
(932.5526786374041,625.1396611463423) 6
(373.44750481355516,779.9832481307482) 8
(277.0132860274428,868.1162265485791) 10
(955.5277036370297,345.7470018462232) 3
(351.34700039058384,155.09102554677355) 1
(112.44421141185923,58.87745776239362) 6
(544.1240680383211,998.3147620493911) 4
(214.27489778016152,819.3477886980646) 7
(961.562151595092,496.98344887291614) 2
(392.9140740105612,406.9882127147163) 1
(760.0396570891925,616.6850322468009) 7
(286.72370994824536,358.03767802965905) 6
(158.43194945879068,418.2679196728801) 5
(292.254557693112,372.22726982014075) 7
(574.0629859718313,315.37899737294816) 7
(325.975377007899,774.1053072174379) 3
(457.3761516861935,351.52035917559164) 3
(717.3617408322723,962.9311328144057) 4
(509.3126151526821,262.83192437147875) 8
(788.3854067472543,837.2138143352578) 5
(526.63412914963,553.448725122329) 8
(299.86683515492894,880.7709634523311) 4
(351.264735437763,674.2518529892261) 2
(419.89384971392985,355.9267316333172) 6
(942.3041619232993,485.38285363844824) 3
(885.7277238015835,894.3470065070744) 2
(501.10387167462466,976.536886639612) 5
(387.62525530563954,963.2358693857651) 5
(779.8178999605673,761.8034681886343) 5
(693.7664174299409,597.326081386323) 10
(354.092015842295,218.40861401042) 8
(458.578174107247,541.7341773375982) 4
(624.4452412863902,756.176578702572) 4
(308.34456985137524,283.6938886420092) 2
(948.2793187061807,430.4165493666706) 6
(368.1820916775782,353.8130350731018) 2
(643.5311758753207,735.5669977638174) 9
(39.00675952024901,434.81213194914983) 9
(992.5072818214123,480.4550264515665) 8
(810.4901519117641,179.98563221970386) 3
(574.3467163762656,634.3831876595547) 9
(600.5352592441632,853.7327443926952) 5
(856.2510689581967,854.8915183869956) 4
(374.0868429314387,91.4432660917972) 8
(14.338955743784743,772.6832938220534) 10
(777.6582427855012,35.88915319105301) 1
(324.47762585192174,476.3967842754604) 8
(247.59343085482953,225.79895777979542) 7
(405.79581019799093,807.7799459970348) 4
(265.797032552569,338.52689027725256) 9
(91.89531110759697,335.06659922532367) 7
(346.5769062749553,210.1788991271406) 9
(425.1703664697467,214.03757983751171) 9
(493.93825067341356,761.4877503835448) 8
(596.2643827828125,818.1826811871028) 7
(551.2637070714923,516.5986726461774) 7
(619.7395253229448,954.3074619381887) 8
(282.94736873012016,36.693149315529475) 4
(225.12278139085885,549.2655910353728) 6
(348.4538219609803,991.7559006890128) 10
(140.43992236403236,576.4409163786343) 7
(694.5455400586718,623.1311609343106) 6
(269.9501668486841,170.64771913892008) 9
