1000 1000
10
(0,0)
23 80
250
(259.7834525738856,240.6681820251776) 5
(789.7810519170308,450.8996959669982) 4
(473.1312397345163,863.7442326325136) 5
(796.4247214444962,317.6771895945425) 9
(847.7397864825653,280.84760448269674) 8
(946.6433846115616,873.0846849328061) 10
(586.4630538895146,465.7215556017447) 9
(863.1167852272417,29.827793159967975) 6
(641.2394771953262,676.7790977291635) 2
(748.8719397752157,668.2321679301715) 9
(627.4827860762159,245.227463850198) 10
(70.46813282628317,594.277926887739) 4
(278.7337776542473,944.3360390294363) 8
(601.1203480749232,693.8733763331945) 4
(550.4409555241659,707.4993528819143) 6
(654.1397699831414,481.26265509854613) 2
(340.5735824938122,659.6980988207628) 5
(914.4490511812122,170.3964135366365) 4
(726.4523914030116,485.6932010199734) 10
(222.16305908004352,246.6363942326848) 3
(803.5300715328319,101.34085893919553) 5
(663.3932948864407,37.66482111195124) 10
(359.7198152707592,297.65866408790043) 6
(90.15232583142718,661.3279886610652) 9
(563.2403137903377,364.0804480716551) 2
(602.8528721197083,252.4646626329221) 5
(306.33392662218495,799.0539749451857) 8
(436.5262890287502,223.1185636721148) 1
(847.1939311504391,789.423566892482) 9
(269.2746545933602,468.0280009781812) 4
(684.6771860502299,132.9640221995474) 9
(931.0888450415333,985.1329146257364) 10
(765.3814008810712,510.8534415701318) 6
(971.3534878043582,448.77180768583133) 1
(31.72729320683354,869.0228725081317) 1
(259.3671845525695,411.6590067043037) 7
(992.220615701647,708.2775675601006) 4
(89.40595448578215,784.8039108155737) 6
(806.5922659411654,827.4317965132115) 10
(673.658067285596,837.786842480403) 1
(618.6432094319824,629.792606582686) 5
(703.0312793403695,144.4535718395511) 3
(290.4276475133256,850.548994018077) 7
(871.252656610162,752.9265070554409) 1
(810.3156739689722,167.8937234367488) 10
(554.1656827266172,720.6606767016185) 9
(982.443850193969,347.0022995162074) 1
(345.9305472969362,245.42671665342374) 7
(454.7348524317796,856.730162247053) 3
(127.23950904549042,184.54908031264372) 8
(941.2390834489989,27.41788344668383) 2
(170.81300093254126,968.0491945457902) 10
(900.6976607615536,566.1477135280719) 9
(151.4677095511936,469.1338585842657) 1
(52.46121509871959,440.0438355439877) 4
(65.52043337569712,65.84827505569835) 7
(426.87805976594206,49.55159506918039) 7
(118.78163430912436,890.0510758327756) 5
(453.7153471791877,564.9319511778446) 7
(508.1377159831224,290.23597644720246) 2
(965.2799152513086,188.32804957194548) 4
(934.5275711179795,635.131799446664) 6
(151.11103150257787,239.71306003544467) 4
(53.435790285378594,206.96999555752026) 3
(514.2984069548941,293.22682622633243) 6
(202.29402988349986,562.4423440604562) 5
(666.0487632592069,549.2410979536653) 1
(792.8163570178066,524.3518730379842) 9
(103.5573692939673,196.33621703309956) 1
(218.1689161687983,267.8175108549581) 7
(91.09946529236268,222.22490340378397) 8
(593.7117427981393,876.6289634495226) 6
(232.21412305408938,440.1955948172357) 10
(391.95190762290656,732.3654278118404) 9
(221.19486170742852,587.3817051115703) 7
(621.8803501621471,186.63415519316874) 8
(992.7416984832605,800.0323714279932) 9
(471.5583348072674,798.8064404559397) 10
(209.1318530058651,139.7532138441706) 3
(985.4929615231572,280.20075856377025) 3
(616.564484001894,354.2463155365191) 2
(54.62069982074802,576.9091630242696) 8
(260.12012630462556,122.17339869476385) 8
(310.29960182006965,611.1693731617811) 8
(776.9453214558552,588.1167554726932) 6
(593.5781253195742,916.476535955401) 1
(997.4258351831304,461.09184658224865) 3
(68.06923939430287,798.2944556302751) 8
(318.25615647335894,209.07211995140995) 2
(7.843229196163537,5.156775891204668) 1
(540.4463838943559,49.74162368311408) 6
(473.414317382387,131.68953427062223) 7
(870.2569990856761,79.84670349599953) 7
(483.8154339855468,412.80978439862395) 7
(68.84645950625679,269.97030323670134) 4
(804.2125149303425,92.57161948004588) 2
(361.25376906989817,576.9436418501064) 7
(573.3324261581811,75.77040095126375) 3
(813.668647365878,958.3111512987098) 3
(134.22645364945694,340.9995592839392) 7
(684.4597841853492,239.6829230235825) 7
(454.83195268428557,405.91670014700856) 8
(350.64741704799206,616.0754023520674) 1
(401.29482455711474,849.3210570058746) 9
(520.6584129796024,528.7062334856756) 1
(815.541200539592,983.1948617372094) 9
(80.87887554995343,484.63300776382357) 10
(953.4979505749772,784.1382687632562) 3
(431.67186391735913,198.13186517129665) 10
(185.30638769222307,368.1742185352859) 2
(470.92404865976835,556.5039623012882) 3
(599.5559216168693,55.607107920938034) 10
(157.7128375322736,174.28373659427677) 8
(97.17067607975005,431.1373529576258) 7
(124.21012621762495,620.3402037425075) 8
(153.18244574940442,932.2632639749463) 2
(308.60546904407624,755.0075880157617) 9
(303.2668862405863,725.2948319522881) 5
(487.32353560496387,893.9897243368638) 2
(530.9913716782485,386.564644680928) 8
(587.3888922278483,604.1447197277391) 4
(450.9580054596469,750.16288027084) 2
(808.2350511786105,796.8535225688717) 5
(395.0806305961171,127.44376954778025) 2
(721.4997958782976,961.5446678210728) 8
(845.041084791365,169.99486114064499) 2
(799.2122662532668,108.47839121103043) 1
(606.1970581676522,819.7647841605005) 7
(755.7672180937045,755.0244658844007) 1
(574.4857286298272,59.58857787786953) 1
(323.46285677340956,30.833363469772944) 3
(173.61463549678834,378.33616030777085) 10
(510.8999329095236,455.96082229297906) 1
(988.0533939813222,233.2286734586866) 2
(996.0138223793037,766.1653294087062) 4
(128.3853089116609,342.8682412772561) 1
(272.3570340907964,935.0592935956155) 10
(30.32465921340355,648.4424840383223) 8
(201.34381322308548,637.9557938823859) 4
(105.94231748094052,727.0731233116167) 6
(421.8059108897771,523.8476855944277) 10
(151.3119744475624,586.0068332740121) 2
(580.1454225305163,157.85210343857946) 8
(356.7483626200457,637.4576520819645) 10
(292.86314574648134,700.9650033218285) 1
(268.9727481845885,376.97977204054433) 6
(271.3313190373314,780.3732224051826) 3
(711.852304704648,495.2446572734558) 9
(531.8149000039477,489.7681229629688) 4
(351.9770099884315,507.61008562243495) 7
(99.1629876204061,556.9563032282682) 4
(917.5313858292966,951.1832085661755) 8
(588.0152680217988,265.19353950430593) 8
(465.7927213093327,680.919117074548) 10
(106.3564991139273,60.215107269486424) 3
(466.19023950528396,967.8864368952995) 10
(495.96883747495735,701.5028299144716) 10
(293.9490101042965,23.8276539591874) 10
(508.1629533324409,461.9595924197746) 1
(199.18749203870078,356.5243996299271) 1
(352.989785347787,735.530218646728) 5
(986.9135596011313,935.9402067323406) 5
(171.35639014946247,798.6804797668959) 1
(485.86236497232704,288.2063688230864) 3
(169.83413814264114,900.8556377713915) 9
(548.1239653048559,944.58255730097) 8
(809.405417584263,934.3328193245685) 8
(418.5221319076156,180.2590734758429) 6
(94.64784849773955,901.9324330030171) 5
(144.1200801289807,359.4626080961579) 6
(751.7774976864184,829.3481442521535) 1
(253.16131646117356,153.73723624664026) 7
(194.20031410102624,56.27139397640768) 8
(530.7888135904504,934.8574725982513) 8
(195.62473820397364,178.35512728019643) 9
(758.1541946008106,934.4187231867855) 6
(959.1174981793457,499.6008076654108) 4
(356.4394868170842,996.179175528327) 7
(51.47309116682219,158.9018975390375) 7
(987.9829868533348,226.92906237584242) 10
(898.5648289941053,78.64310497606286) 3
(122.98504325272275,97.29765871849827) 3
(929.4443825830892,656.6906208222605) 5
(971.5211398396494,87.85636293917653) 1
(743.4373008043601,977.6315613931305) 1
(121.78907190814358,930.2205088482797) 6
(135.98343786199607,57.44234694620953) 8
(551.7495976438826,101.60093807459525) 7
(399.6454279087956,839.9763284753104) 3
(846.6887583029768,326.0697413646726) 5
(794.0200875367216,304.34307018827366) 6
(483.0684042856848,961.9176007570437) 2
(400.5192669418255,233.3058461221833) 9
(37.319704177728006,194.6330010059386) 6
(292.5286047707658,864.6054225755112) 4
(225.8322316249911,16.167763751473665) 5
(252.14886483544208,269.9031562334572) 1
(81.15201171800624,629.0072206605087) 3
(289.45232351399886,441.42665587948335) 5
(273.2465004436081,968.5245441937033) 7
(606.4163457532951,524.1932905535227) 10
(260.34708702793864,260.0359815497533) 1
(314.82994011765055,184.3755450866992) 2
(644.3215362685831,646.3109301042292) 10
(735.63759782087,885.2252971675643) 7
(127.21799064809736,562.0367681104677) 6
(238.83003250725244,960.598013385549) 2
(492.07842250586356,608.018281099298) 5
(107.60296072751562,828.8788782277638) 3
(866.5191694647355,872.8573056589695) 1
(146.23310537706712,79.02741683187043) 6
(589.7479865440976,94.0373648052456) 3
(624.1372038342423,716.7267506446289) 1
(375.74152999331744,408.1806398436391) 4
(411.3614314354974,746.9443552659474) 10
(887.9691062977383,305.7453953093182) 1
(732.9768136214688,864.4926375813709) 8
(331.36286017166327,688.6744844246454) 3
(820.7372844530895,352.06415767915024) 5
(290.4533542001704,515.8456248912723) 10
(17.84087480873353,8.240267013607472) 3
(647.3134394583319,7.956867624730024) 3
(386.91714994467384,137.15373194957692) 6
(519.2257735770935,12.72703299754918) 1
(43.020428460329384,861.3677886773113) 2
(148.38934635368017,796.4542729894316) 6
(985.2141980085156,66.07946709090562) 9
(974.9304668605149,460.47329451993625) 4
(887.0795967234287,104.08449683810339) 1
(458.7627938984863,236.67490538620783) 1
(73.7336262845083,48.6151396615796) 4
(172.6506348809528,506.4894803947172) 3
(3.1897253143754467,986.7133017560985) 6
(489.0935765194089,167.9726199320194) 9
(634.7093026055874,13.49137291541913) 9
(396.54027425217896,152.39100534825045) 8
(235.86390144750692,717.2788546034423) 2
(448.0739081883064,558.7282956808963) 4
(905.2401911916387,52.51217366811611) 10
(493.1333924511663,40.130807007317856) 10
(648.8934795350477,589.5599680196874) 10
(464.4758349048864,766.0781686138606) 5
(86.38903550795796,191.28762104975604) 5
(91.15282050806994,939.4208044407367) 4
(785.5711710113663,701.7742487733519) 2
(24.671199601050464,797.0212499674768) 8
(537.714648122393,540.3365044612898) 10
(105.23396387224537,312.49776276843744) 1
(778.0643398901263,10.128153687103069) 5
(820.4798641062048,588.0204053036789) 9
