1000 1000
10
(0,0)
23 80
250
(527.7938213362816,956.4878744930251) 2
(460.0593940329929,60.30669518382692) 10
(568.9415301070925,755.0433711178183) 4
(783.9119060844971,741.468809384211) 10
(421.2193786738747,209.8432151312768) 8
(97.51929974597306,898.6044380890304) 10
(773.055606942158,903.3050093233585) 7
(348.3365289759769,790.0445840571923) 2
(816.3790152595652,621.762054505175) 1
(409.8915757141648,11.0458525493351) 6
(109.89697096276063,803.4382451746296) 2
(312.63454356978747,339.00558778417354) 5
(576.9909265873922,958.8719801633077) 5
(356.3087322142606,139.86744862369082) 9
(609.8840225361911,67.15901129876967) 2
(368.84872564226146,654.0484322188252) 6
(241.89852419605938,949.7037449269168) 10
(194.57537663881286,65.89959771847454) 9
(142.75129866344838,942.087823078834) 10
(695.6933081719429,833.2416940192786) 1
(817.8907815158117,702.3361153433933) 2
(652.070698878775,325.4864869655122) 4
(228.7752972170809,818.100363287465) 4
(852.6598152694947,516.0133703333962) 1
(305.6190277781615,896.717820177589) 1
(593.4429458030869,639.4191368821392) 1
(642.7663046491994,631.4209030303741) 6
(313.11359940444817,115.42009503586259) 8
(285.58993765994256,507.47444738557135) 5
(734.5338358353556,72.53307959517052) 7
(490.9129865980254,936.7727333951979) 5
(791.5059070198602,934.7958734536783) 7
(630.1457296123152,845.6957967193927) 1
(368.21802869029807,335.04897738714334) 3
(962.1390298231973,558.4597003473549) 10
(660.121613502526,854.8789657560983) 10
(114.46110615265536,995.9844410624071) 1
(712.0724798249443,563.0298665175186) 7
(871.9849202856898,898.3487807396052) 6
(747.652310557861,158.10928189599417) 5
(750.685997726397,636.6560995117936) 1
(685.8025627981405,537.353353208215) 4
(95.92741565121455,982.9249578471988) 6
(195.47517873237962,710.9252281265378) 1
(706.958509107042,153.16310970125258) 4
(108.91339466835403,240.27628218643204) 2
(221.32110944457105,234.45473823705777) 4
(253.3420414239128,20.17001598037471) 6
(500.02383012416584,495.9510777277607) 2
(109.90326210211876,498.8515333775224) 1
(469.0231134909895,975.2624211077501) 10
(547.0304062764973,927.2236414138216) 9
(348.1885205991671,359.69798215041016) 7
(831.6217040915953,124.6697877233378) 3
(574.2983265244328,490.2883575207698) 6
(116.75097985366534,638.6546442101355) 2
(623.9509553096589,138.60856472260141) 5
(873.6247476984204,115.91558498410382) 9
(861.7544791044488,626.0061186423937) 10
(155.5630454300947,554.6841132698399) 2
(453.26449395245317,580.9539596326747) 10
(239.21079827664647,425.732313453604) 9
(890.9238167608008,959.5294139505588) 3
(303.7864878757046,433.4998421740367) 9
(665.2666455044977,775.3048240287699) 3
(958.287553524809,526.0030303189574) 9
(596.8620729165111,223.35749703156472) 9
(400.4993148608316,678.5764131750368) 10
(709.1841948831335,231.2254340217358) 2
(668.3776034134481,388.16986002096075) 10
(384.72263640050807,637.3177967790775) 5
(442.55396593370165,502.80134356867) 7
(832.8920132257402,406.3728209810339) 10
(36.7913971672198,868.126281409186) 3
(770.025786542714,370.3487065025922) 8
(29.91173578945716,939.2808037799542) 1
(797.7305922269993,498.08199224319526) 8
(443.06764057762706,315.1709150763222) 10
(553.2923096023957,850.8915452007338) 2
(952.2608947588149,427.1236336856094) 7
(395.3715739638399,874.4275381494604) 2
(611.7056751105929,883.4246345414043) 1
(484.84395137421797,524.9277785364754) 1
(523.5088076525125,191.36840899241204) 10
(254.51497806207956,952.5355764782246) 7
(737.4076463910532,740.5022236519909) 4
(398.73550739806694,827.6847451252946) 2
(501.1581366159987,195.49376039913713) 7
(755.9558317718416,743.6315984658711) 4
(451.54487135397056,338.02549520464964) 2
(296.6614508174763,205.2616237422764) 8
(831.111518532933,214.7821623687174) 8
(130.79757179599204,779.4783097085618) 9
(533.0415751732261,823.692552812688) 3
(687.5523385720443,32.527815244504545) 1
(335.3155872651925,43.25137440475368) 2
(275.21496226333795,448.0688049670115) 1
(870.9019371326498,866.6120472200532) 8
(333.54495350150273,520.9985536654594) 6
(242.4483628787626,447.8742755081859) 7
(423.5028462615398,202.44337508680076) 6
(52.63241419476861,202.46181915771433) 1
(953.4800873307237,196.67601674392722) 2
(651.5709591748536,997.0895971946454) 5
(665.6497457016067,908.0444267171771) 3
(193.9643449520323,139.24302335336947) 8
(608.442422087465,507.859420542663) 5
(170.8923918980555,98.08125847352866) 1
(246.65591709430913,821.1865498180949) 4
(567.0020300922623,116.91014955657275) 6
(153.57820211081165,810.401178904677) 8
(510.06392524704415,189.8125028454749) 8
(100.67820541819916,495.91559455133074) 6
(380.57106889333204,577.8632992096627) 3
(579.8503597928659,796.2322918296343) 8
(910.2031273480047,623.6827870928715) 10
(728.9312789948895,490.11203376426283) 6
(446.6182250646901,880.5609516494909) 1
(16.64175406824764,966.6991520512838) 9
(715.1944158143912,982.1685322671858) 9
(207.3120315166428,949.6340211468801) 5
(776.5523271844338,782.7543766823648) 6
(924.153952288994,164.75633843275105) 4
(767.9842590538085,774.8778699439075) 6
(408.83640899620156,722.3238573049142) 4
(558.7574050932761,923.3789744121245) 10
(203.59115268332852,253.97304621783945) 10
(861.4362455939806,599.4839909873536) 2
(164.5313447372847,810.6427487951466) 2
(867.8181182493616,191.55793014723466) 10
(701.0813467063749,747.5067121313227) 8
(736.9833275988134,795.7674517395843) 8
(934.0147816267627,269.67713371606715) 6
(316.9388905981776,430.73675151759505) 10
(872.4832856315714,782.7522785410576) 4
(622.1570333345297,614.5185766735318) 4
(475.2804995120935,123.51230313338924) 9
(67.49683251235217,965.018126799597) 9
(559.3415430374362,20.724959447787295) 6
(172.59952734616235,476.83731331464605) 3
(773.8332543554495,336.19815184876126) 4
(282.84285617209247,105.25727418296371) 3
(479.3649141101746,729.5790118046675) 7
(907.2833979939131,689.3380307932964) 1
(994.7943194217153,258.3230753239528) 6
(892.6208902003393,60.30255658001127) 3
(301.09442665951326,282.43781653058085) 4
(124.77522050111534,134.59037162753674) 2
(229.35235654789733,160.45728727057264) 3
(283.98218700008715,583.2107753350103) 6
(119.86472658054214,181.54008603232384) 1
(554.5627175955724,185.58699071981633) 8
(19.520402089130084,36.73784204638042) 9
(777.3048521194829,705.9254141641014) 8
(284.06561011725404,358.3274804154178) 2
(329.0365926385258,799.2792672773429) 9
(873.3012406072203,46.2022819119301) 9
(71.26170756248452,865.2156455356885) 7
(765.8095996137533,546.9472161372757) 6
(901.9358676815373,625.3172247544564) 3
(466.6956551127375,509.4903483997545) 9
(399.81675801602233,990.1566479691884) 3
(28.53538910528719,797.8447277553219) 4
(82.49447987249725,108.10317688654236) 9
(695.097973585636,912.2079453614957) 9
(436.49234170132564,549.3856699086807) 8
(259.57845552679026,915.6711413868165) 6
(208.85328381791302,859.1624365980133) 4
(191.2441458336651,606.2563268720212) 2
(586.5779668226528,349.35197486133563) 5
(41.267839294293005,230.42454307810434) 4
(515.2315631795752,920.9260992581306) 2
(888.2553355452409,7.22324349311565) 4
(192.4348487518903,177.577667092895) 6
(371.5093643326349,454.18933418486887) 1
(757.0329343722982,770.071918755603) 10
(883.172600720673,776.4002991957558) 7
(296.2985377389672,313.06339710379996) 7
(785.319863946393,641.7168205164188) 8
(339.45592014415104,87.46891179799654) 7
(237.32444026726407,640.8997154315762) 8
(880.4771416050291,802.6422616476007) 5
(822.9593749619034,127.30519173825161) 1
(175.6072989440537,570.9508793239504) 10
(445.03421405398433,64.53570084400317) 1
(348.6351429616232,280.86509972906373) 9
(470.37460266660423,565.9276374034711) 10
(33.435315176616356,350.2730658537019) 5
(255.58848230844532,727.6848290128528) 10
(745.2038403791512,999.9491313529813) 9
(751.5830019782761,102.56820899611341) 4
(344.44063831898075,907.5543540169805) 5
(478.43937500064806,34.988212808662155) 2
(627.9254994038404,502.17907898702896) 5
(24.445668162045074,250.30351591492905) 9
(562.2255253096687,647.2059859167274) 10
(236.46205397628407,386.74549933709767) 6
(418.55561071843573,648.4864291312256) 8
(672.9517775005863,440.12032321762786) 4
(667.3640694775365,344.3084548140343) 9
(50.994975538943606,62.51912395798165) 7
(481.2850661998195,510.58076865339075) 2
(555.7982790199458,104.51899448162338) 7
(694.5157449841586,168.08096443525488) 10
(594.9013883801674,162.51987615325547) 3
(593.2778336330291,45.77250455873438) 1
(366.8242919273932,411.60555798631304) 9
(552.6212884125279,399.4543965773456) 7
(874.9210630546402,94.41824986167524) 4
(511.1398344817649,488.390698683208) 3
(705.6909309241767,219.1512616632687) 5
(612.4377752829292,237.38173111600335) 3
(21.55641105616457,904.5841585479494) 6
(331.76011010232145,352.5930152249829) 3
(484.9809914837394,971.3537917567445) 4
(492.09805548361965,306.0766180333805) 2
(648.6492502043394,459.5721922480822) 10
(278.39650186399655,515.3323853194612) 1
(40.79510949753218,97.56452377467795) 10
(366.5006125609175,773.6697134823667) 10
(318.7112806756712,604.4879666951632) 2
(146.41209757952788,653.368176043223) 1
(458.0304351836084,66.77789959759528) 8
(739.1727171333166,923.666424939194) 1
(94.20097825824236,842.5338942879923) 1
(308.2993826695406,441.36644489554044) 5
(237.82557445005204,482.5516562115769) 4
(138.63486719219108,175.09654500282912) 10
(22.627342780739966,0.22173364622923852) 7
(518.4551353671487,25.60326297576687) 4
(111.28453293263185,289.1803048267789) 8
(663.1562912937572,919.1390426592059) 8
(835.8275290841397,68.77647576646196) 2
(477.7134133445899,754.89761871845) 8
(968.6975922769929,643.2494293882429) 10
(708.4206927480967,326.4238646489226) 4
(222.7765449300999,135.8581918159808) 6
(631.8988703504042,18.666695822242897) 4
(266.2171608298332,811.9812519930417) 7
(277.2928461139007,41.0394819040707) 2
(596.2875716692496,548.6209488282478) 9
(473.000815808577,128.07941741525462) 10
(998.5710525144073,22.243285141910206) 9
(71.73784900509183,110.62382205636767) 10
(132.11624043265934,678.1959868720381) 9
(578.9936957516369,933.1961463110657) 9
(365.1508899784861,286.8487895291998) 5
(488.286880297379,783.2664488278133) 1
(322.0036167227366,600.0861287314771) 9
(327.58911203316654,436.9266287083251) 5
