1000 1000
10
(0,0)
23 80
250
(938.4327601986839,312.7856016311504) 5
(246.8080666823025,647.8251706013771) 1
(947.8598793363411,718.9050285258264) 1
(789.4054005808069,125.05591858380404) 4
(41.56542989165779,923.9012218919727) 1
(60.77678110746698,8.53058620539937) 2
(248.04075898948196,257.59396461387496) 4
(31.38198688163152,104.96367541039542) 7
(776.9089219769759,651.3017158677088) 1
(196.79267974144932,9.61064410867596) 2
(730.5865243152782,46.456285098135154) 2
(337.883417886929,58.95709332523757) 1
(123.7550966627603,78.02453987159585) 5
(709.8769363936924,179.8601240869362) 9
(771.3234820839881,535.0399620474359) 8
(245.6190344123411,180.31172009546648) 1
(955.9240192791376,722.6998731789915) 9
(113.07505538284023,478.99055821522995) 4
(79.23253039487943,236.893444739277) 6
(979.6479168035148,283.0313583547597) 8
(748.7735964486039,721.5084023164476) 10
(639.5403835966944,233.23643161267216) 4
(324.9750256814264,77.62624782167538) 6
(311.3886750062729,773.1672381256525) 4
(884.5510808557669,160.66216926969645) 7
(799.6595085125575,210.52897126851698) 3
(971.2539372938727,894.375358753647) 5
(326.87017675247,973.7831464842211) 4
(918.0695254032695,39.364582775955334) 6
(694.6427025543275,568.4126652362108) 9
(69.59654236420832,250.82558376867715) 8
(650.3861430739063,511.60281228613815) 4
(518.7342533822947,685.004901640205) 2
(950.4200813307762,748.0975208892232) 9
(226.86024345394594,319.6364434368122) 6
(316.7176193767204,683.9938516177575) 8
(494.0424840226265,337.81057933017235) 4
(37.73083020243229,624.0544819988241) 6
(249.0428557159785,200.7860088936041) 7
(13.907859676741463,599.0392140052079) 8
(735.7609188561191,682.6739195783481) 7
(841.2465241072291,869.6930447318288) 2
(405.7898120032665,475.5977744316937) 9
(569.2324631253737,222.8155430658214) 9
(827.2508218990924,68.41249222993262) 8
(170.71759817437103,702.9182724615772) 10
(800.5709899708247,315.9101298153726) 3
(629.736161934376,332.7934992879754) 4
(754.5358545324751,791.9039578060259) 6
(859.7998408547585,35.9975010775494) 9
(961.969211745593,254.89827719443235) 2
(377.507307977778,946.5794620658937) 10
(966.8135571637273,191.61196523842273) 10
(568.5772541670644,956.5930244304614) 7
(593.5767490342836,420.0077846219866) 2
(11.562669884304322,711.0693010700616) 6
(721.1530046423707,87.34354742426743) 7
(433.5990547662174,30.595073705024344) 7
(945.18094953354,338.61403044163296) 6
(346.28750461235967,941.6085934160752) 8
(607.902547433257,677.3592418078395) 8
(976.368386120379,418.46494041022567) 7
(437.1566848690942,775.8790617266063) 7
(575.491920664661,490.60595711385105) 7
(528.4138541728496,198.57815446727244) 6
(547.415075023713,375.17968547759716) 9
(182.64867780179827,262.11539698297213) 2
(986.7619421020988,566.1889198439952) 3
(741.3210747076764,278.17379792634836) 5
(115.7039645596184,82.2683818347194) 5
(775.6689033198812,381.04505280725255) 1
(482.3761956268828,239.63730615811062) 9
(601.1224846614815,918.1826304350043) 6
(446.3064299903452,473.1072312457034) 5
(697.6471775003318,676.7543035267149) 8
(940.046156371483,916.4459048947282) 2
(892.5960525263907,262.8200860365104) 8
(555.7161383215927,27.087481325616338) 2
(639.2993990756055,773.7354895205837) 2
(951.8604984892065,54.44208396320538) 7
(747.6405923471328,91.29595451314154) 10
(73.1565747426608,288.1542591158075) 2
(597.7691059314952,198.3700217417762) 9
(373.8753951942474,59.513133573294354) 9
(546.071920360087,150.75765855861022) 3
(818.6706256500131,340.26302825753373) 4
(119.77007767000414,59.50578349127411) 4
(708.3847502623289,895.6812522192524) 8
(696.7697325753953,409.7571343950064) 8
(791.8826681184315,10.583197565517843) 7
(69.58775301448871,812.3628540104825) 7
(58.26066394394302,173.0086896925651) 4
(16.494438241401067,880.5744082244304) 8
(922.2428999233214,232.60188368295388) 4
(481.87047578941076,756.6171690497468) 1
(766.0717787441918,898.331222600542) 8
(884.5420956412751,284.86199365395726) 5
(893.1431621109166,446.8962527623459) 6
(739.933736851996,122.58869083313262) 10
(474.34856289651884,448.9083366422425) 8
(16.939981144139526,473.7133794689096) 8
(667.2373647779938,485.6871043740364) 8
(309.4942402669624,533.7426338967871) 4
(680.7050025383229,575.4552697286572) 6
(823.2565707451425,289.2169922202584) 1
(934.738812866383,290.19621247728566) 2
(422.4389469302867,358.0273541300235) 5
(438.5530252163828,377.9647374801047) 1
(388.66549507445905,694.067473384356) 8
(450.73824561998157,820.4211287110227) 10
(231.76504676658683,371.755588534311) 1
(35.199188470246945,755.3801689605808) 3
(287.792094134658,198.35511635630687) 8
(342.881550021474,848.1463844782896) 2
(255.7410912226442,889.0756993981967) 4
(149.45289260255723,291.10963817961476) 1
(35.31100998647108,353.4818535176737) 4
(192.34247244139812,750.8759063888235) 7
(205.15577988671828,42.115888583160846) 9
(745.6313127886718,744.6101339793814) 2
(304.86663566841474,58.4719326223162) 2
(378.76254378064357,313.6543150510283) 3
(93.92578198148848,338.04914932578146) 5
(818.9459322662834,205.16644745568945) 10
(996.2004156450553,243.04929238667683) 9
(652.0908439113547,597.6345075373579) 4
(660.208192931522,932.8944000860936) 4
(964.0592532252743,99.66562293752813) 6
(236.00338821926604,655.1587793663022) 3
(808.1990177838809,183.1316382768753) 1
(32.460877051737945,699.7431696907121) 7
(836.5951557915805,165.86999271946934) 1
(835.0540870426897,525.5012166897218) 10
(595.087065606975,794.487799830471) 7
(742.6890211441988,760.8353378593699) 10
(902.9666805261938,0.6765436598972219) 1
(365.1232813770677,453.8305774202849) 10
(118.78230806944224,358.2565833769591) 3
(127.38717151388535,229.3847429103293) 9
(991.977549173379,656.4932536307894) 1
(470.69223395467253,102.30076456992587) 9
(304.28479552575794,667.1543539174966) 9
(976.6952390804996,817.9396887121094) 10
(182.7641386079053,917.131680857022) 1
(144.95221582581286,351.9638502838356) 5
(249.4626462138121,869.4449532818805) 9
(726.4361001234034,955.9774462177429) 7
(799.6871472435674,723.9528920573036) 2
(122.09740775846333,398.8160316524048) 6
(352.10767009067536,298.7867792091534) 9
(553.9445065225822,221.54390916348976) 7
(751.2471768534714,959.1433971985955) 2
(674.2716877865464,792.4110536648228) 3
(568.7796070036972,27.686131978793437) 4
(759.2265399956196,440.19911766060903) 7
(405.93131492958844,849.7400181479622) 6
(934.9687034609427,325.57334237354365) 4
(166.0028962692097,386.04684792959756) 4
(390.43825861037504,605.9368230270528) 7
(566.1038843041262,140.70796958362763) 1
(813.7676150328048,572.8355101929898) 1
(91.46758141830658,667.3195812225147) 8
(25.214687243291458,443.335111639237) 5
(156.40175727615213,350.851765855795) 1
(564.7026303825295,797.439194026587) 9
(590.3382999528928,744.3628010680501) 9
(729.5853642493769,243.10372073467656) 8
(77.72524311561068,498.6073010980793) 10
(50.43835146407139,480.0355749831455) 7
(827.7895356199496,395.0337577723777) 6
(179.57098970777062,59.3940305256404) 6
(457.8619764197992,567.7603868583433) 3
(876.8416417836075,931.4808083003757) 5
(600.2632324243167,711.0744276701375) 8
(685.0362788363491,984.8088259146705) 8
(655.2130446895387,225.84670712694555) 9
(616.221751571144,144.12794481182468) 4
(598.9147933704618,783.0493456911337) 1
(946.0950209981761,807.888484230478) 10
(900.466359592825,420.76868829852407) 7
(901.1783739745125,376.978825075471) 8
(203.5319066671475,317.42026429812984) 5
(270.86444264718125,558.7839986148801) 10
(309.9748032209314,364.5944689895887) 6
(352.8933812417975,236.25029341772762) 4
(392.9476659972111,187.13324590040415) 2
(594.8528988315762,357.80168403575664) 7
(343.92818629756306,719.667812250761) 10
(591.0888324930722,740.6276204877234) 10
(326.1725527135428,940.1670377275314) 7
(959.3688362545231,333.8737377585329) 9
(196.90281334788727,29.36261948652885) 3
(182.58634933103522,946.1579876179037) 1
(478.75773894380814,589.5583724376626) 6
(477.85590218004023,799.5563464974605) 4
(646.4154264154589,841.0691261238277) 6
(303.1483283713431,670.3123207596245) 5
(811.0017012369264,626.399534456767) 3
(794.3160436614277,424.3851116975388) 7
(948.7843183287043,413.539068805732) 5
(540.7942483370506,830.7902187362286) 10
(306.41599619274086,841.1965418831353) 5
(269.5457018684574,564.8428145587121) 5
(292.8886700193174,829.1293393989936) 9
(969.8949956369516,278.85552330860565) 8
(261.46021580336566,101.99586770197521) 3
(783.8868415568026,838.8164146013823) 7
(423.32523529009023,168.0731397002565) 6
(522.6744463019994,883.6249792227914) 2
(166.44337502996055,869.5528179297163) 4
(453.58393309289266,953.6463262746822) 2
(815.0359425820354,994.3967413515762) 7
(323.3194316853387,658.79573352977) 4
(537.6209710098916,510.52643191311853) 5
(782.0673468903777,254.52031892564463) 9
(476.22975456661476,383.14861240146115) 2
(179.85721071333526,557.0713093250379) 4
(80.10471476993541,963.343947662707) 6
(907.0218883875882,974.4150108521408) 4
(177.05422870880315,81.32873165925858) 8
(739.3226468047652,169.41577925055617) 4
(174.82651974351938,147.17186671325487) 10
(442.327100519323,969.0318056190939) 9
(628.1450316975615,193.00135741452397) 8
(846.1077529755618,767.8281947547005) 8
(826.6959604987996,357.14045483333956) 9
(846.0867128788259,34.82800770171268) 10
(763.8232197078239,72.87896142639994) 3
(494.3263864672357,236.1833082315735) 5
(617.6702799668542,234.32710622351516) 9
(576.5827163832082,50.40909081397649) 3
(803.1385690556357,47.43077850776878) 4
(653.5584997716884,168.4623296006037) 5
(815.916922794975,282.75149639308194) 6
(827.2859210479959,914.5228113506727) 7
(304.24446240789814,617.6391469399197) 2
(500.1008214345638,677.5328522052099) 10
(318.14149785322866,23.21686439262127) 2
(444.7312207908385,10.197340021389056) 6
(842.6155525158802,500.2339459579068) 4
(666.9004132011256,809.4598385263978) 8
(392.3732639408166,278.1195324130209) 7
(794.5281968244502,411.6137957140363) 9
(907.6155980544048,782.4654748737236) 2
(784.0102299773517,948.5305896142695) 4
(907.9369679139801,529.9441225781092) 5
(867.8791926989484,222.52526191481525) 4
(295.1666143015962,698.5752550966822) 3
(681.8438773444411,210.31908333673132) 6
(252.3634777649584,348.8563412221888) 7
