1000 1000
10
(0,0)
23 80
250
(701.9222869269237,672.3886945824958) 6
(328.2374388813577,368.3554250827069) 7
(411.5833797680425,633.5751117486737) 9
(297.77257283089676,338.25859577722895) 5
(34.796536452006755,913.8356733040262) 5
(365.4239282129481,41.62588653606958) 10
(186.39460746844583,695.6278458970761) 3
(129.9525523744065,857.6002418633996) 6
(609.0704273561062,112.16553107160098) 3
(314.0963586653366,74.71381830562763) 2
(379.0191441963151,340.6174048525662) 8
(691.1656137098777,24.594833297980845) 9
(665.0707074083147,164.44377722825533) 6
(89.50379971789513,52.32204577421384) 6
(920.9168689545344,747.9676896583362) 2
(209.7469971253003,172.99441036353724) 2
(362.997989167524,475.864749477101) 4
(145.5618880303019,736.0671248325482) 10
(154.6665721817089,583.150810283652) 8
(588.090655879974,829.1565800746685) 6
(276.0225538980874,132.0712215206663) 4
(43.49331892490105,306.6096522271259) 8
(706.3746073063033,930.3401879961598) 3
(646.7749715429301,608.6149821485486) 9
(914.6188568610803,661.7247491305912) 5
(104.24142134516468,100.01418288224417) 9
(300.7108121370715,251.5092838969838) 1
(164.30276461172434,354.6749201577372) 7
(127.56516398027817,187.89695324403488) 9
(818.1801605401909,17.259768551217913) 10
(877.500066174486,853.4950278232652) 5
(264.48426613762155,347.5999113512086) 2
(120.34046187213643,332.42799915111164) 2
(1.0006605955705794,895.9315715114656) 6
(544.7478571039919,297.143877299597) 5
(450.45914677912367,474.84374896478977) 5
(965.6284094443565,150.0994285075692) 8
(591.4830187016922,333.327424629839) 10
(371.8019900534097,577.3886494237631) 2
(857.1282875675605,338.24617748904626) 9
(240.459594246083,699.131309840753) 10
(659.2628286182454,629.7001791029192) 6
(604.6951835037196,658.8111952966581) 4
(636.1175143192196,948.3941618908096) 2
(583.3361157945134,924.8628365224422) 10
(719.5442059702577,185.49010783101593) 6
(576.254102605129,528.8514072848833) 2
(264.26647235677723,228.323010866455) 6
(794.4530305356185,130.27913197385755) 6
(775.6780528473753,761.8237041432118) 10
(858.8375245888303,526.1858631175825) 7
(480.9521805336031,647.6566716072228) 7
(921.2573518090895,441.6211718596814) 3
(555.5924937121522,992.4510117785514) 10
(782.467139232816,650.57105548861) 5
(275.4166193840324,796.2724167013903) 1
(939.0622565812246,355.5508834931832) 7
(512.1342051250738,998.1119978204327) 8
(942.6513663560454,548.5229200614579) 5
(739.4516341991393,463.8756099653628) 8
(276.747942705752,191.9691212927077) 6
(431.2273336307818,146.42956474861202) 6
(511.6051963412028,384.70387323112357) 10
(676.8089122353433,791.9959385600465) 8
(437.0239547860122,999.6484683807297) 2
(142.0936904277549,911.8417330178514) 9
(649.4330498374989,589.967791399671) 6
(197.3929586676838,0.32036531545787117) 7
(267.512626702431,968.0953582307934) 5
(0.8806090808937128,742.0977402794028) 7
(382.7104840298228,223.98286457128125) 8
(906.6036525331474,668.0963331809336) 7
(175.7317039382975,332.49938441441117) 5
(947.0459397468295,831.0309245508156) 6
(467.28725532283875,818.1872280345899) 6
(652.310352251788,163.03523392793528) 2
(833.1480630467601,415.2375337314929) 10
(789.2906839472414,905.939473449447) 10
(974.1742926498662,959.9915512227225) 2
(258.1899370123375,255.56879130777978) 4
(636.7122301159432,235.9775590550517) 5
(72.56011985808975,1.392124503475256) 10
(162.94300929836058,463.80423917236635) 5
(951.3470754413368,968.2407132163758) 7
(505.7719765796321,213.17573672718447) 2
(435.8121764759282,736.97378868843) 2
(749.5494420147478,6.576447531774776) 3
(257.8727461468344,201.75876313605568) 10
(179.1067925438271,455.11408892208425) 1
(642.7948594348278,236.3742982930127) 3
(145.19321300782062,917.3251223618615) 1
(12.01638628224977,876.8261150058139) 9
(929.3668804819084,109.34698452650315) 2
(77.16967692407484,374.11501803803884) 5
(57.4034478410197,122.98200970852457) 1
(474.2441980516371,576.459211793343) 3
(610.5573880929978,20.27278381997344) 9
(593.7240721142886,966.3127719603801) 10
(235.81963093080495,33.23729848731149) 1
(992.33363471702,894.7549320525609) 3
(502.4778686800314,290.61672225036403) 8
(848.0063205467043,927.8891917365092) 4
(941.1227932150933,799.3571922857423) 10
(775.4551294300362,757.753855602181) 9
(524.0745159367059,383.87610068674394) 6
(284.4152402314374,277.7304682276861) 4
(171.49652714932117,991.8763395624413) 7
(679.6086797592217,500.3408890186922) 5
(914.0229204313961,2.767114902329393) 9
(341.8142329528586,191.57726007590549) 9
(178.21756126596978,429.70074519522274) 3
(16.928056388891942,718.1675084138787) 2
(261.80781993468094,559.1767286732813) 6
(560.4824109978805,242.28882573997635) 5
(783.6373485040984,744.6468085001088) 6
(756.299122719558,88.66145310325146) 9
(269.5301257612156,772.3623163527129) 9
(793.095332858555,196.42176718430716) 3
(810.7691866466431,812.1993561669099) 4
(770.0336107766899,237.05032863445473) 4
(842.8719078202195,819.8263421662678) 5
(263.80498165092314,804.2499828929783) 3
(787.300771518668,353.38556722434987) 5
(631.6023418581461,728.0706549254443) 4
(644.2423573275271,273.27592080680705) 1
(267.2475594549184,417.16608203781226) 7
(946.3770475086727,35.44024937571466) 2
(425.23450461514113,226.67614652917544) 4
(868.6753808150047,441.3199622556815) 5
(356.66103756364123,705.3717288914502) 8
(485.65616969804614,646.5917121752307) 10
(915.1061070195467,667.8799464287353) 2
(194.49429895248372,141.37823278113925) 2
(658.2552024832939,408.5790808288392) 6
(354.89541951251414,54.17458734783543) 2
(656.1361360069506,150.45746475835975) 5
(678.6342360080713,796.2778944357963) 8
(834.6668930931623,315.5731144507947) 3
(527.631569843443,351.37683598109635) 2
(875.7954543316473,766.1643335694719) 7
(803.7075538934789,356.5797036688261) 6
(640.4356132954874,776.077640737389) 1
(638.7497328661037,259.9529315733337) 7
(608.4278663130514,563.3612096485692) 3
(385.89152926021154,963.1078316830386) 9
(285.44604449811095,219.337406532896) 4
(500.99879104664825,460.9681147672805) 10
(963.2290273638683,652.6053490470458) 5
(330.2963115866502,978.8083747526222) 10
(488.21030546845935,426.69740862956576) 9
(35.01697040770757,882.8773729255406) 2
(46.33270405421375,466.3383289413863) 10
(777.2936959040628,446.6580688267321) 10
(478.31553548312854,766.0414714649563) 8
(19.31617130461827,94.75772241995884) 6
(862.4067495854556,925.9575251728) 7
(832.262727213114,745.9020844293724) 2
(841.2581147618953,484.98853393092435) 1
(140.48233305642833,805.280236365126) 5
(649.8871342773095,187.39330825070545) 9
(198.7077209778746,782.0974022363597) 6
(907.5431123813687,666.2981532130061) 2
(148.48523505461463,988.958749175648) 1
(810.2254269581035,35.51482508691939) 1
(398.61968808613545,665.8366479061931) 4
(701.8119690242335,486.83413887309746) 6
(2.7404626003664223,213.4428396706952) 3
(856.1458998549779,533.7951966202191) 4
(579.1713710104067,890.9443452890387) 2
(478.8264807473066,963.4137390597497) 5
(938.7443531578674,915.7245136190971) 2
(888.6474455406648,471.8760105706299) 6
(877.9021177946505,927.0792533033076) 6
(238.220209967128,712.2010283529916) 9
(719.5468863197842,182.0651348494764) 10
(381.04600446008254,376.5393404864008) 7
(924.6849638882683,336.56270948319525) 5
(119.6867155304877,65.02046685099971) 1
(292.48773966442656,264.4608127611447) 5
(52.01329845069913,46.7680296071955) 4
(831.6152316968104,398.10455131589026) 2
(436.8580687939212,373.0333035160187) 9
(772.4314198764312,407.0510241693992) 8
(931.6843657435497,268.4896312207178) 6
(429.29855258809226,566.6940499466888) 4
(926.9144056742678,964.0689339330462) 4
(906.7571411207426,323.80901475993704) 3
(921.5550427768538,458.46591676241457) 8
(214.6824793150698,157.06317735979815) 6
(528.084534028347,952.8638021130007) 3
(212.36808448593436,353.15023402973344) 1
(614.3970948988746,435.3950022074832) 7
(890.7971482721467,81.34817461436816) 6
(369.3809529680676,422.27934731101334) 6
(545.3081006972653,629.6855189335143) 1
(404.9866835286604,271.42944240586195) 10
(501.99473381628223,806.4276854981464) 6
(78.87740288860812,249.72806890710984) 4
(116.07169340728574,568.6393912653035) 5
(863.0745064251523,562.7116568167152) 5
(457.01453843804154,611.5662708470908) 4
(292.5384162414162,210.06497945324543) 4
(237.78293660295714,127.94004146936255) 1
(712.9123622229811,273.13766451819475) 9
(415.8869893533078,140.12498695552856) 7
(801.1678715456093,6.955430478235547) 3
(428.6005055686032,884.7563094923568) 5
(91.82776632826628,435.73422589790476) 4
(792.2458368722695,281.38548330879564) 4
(989.9182544787695,809.5671521432589) 6
(807.1938016398307,752.1260111011064) 9
(755.9630197572749,486.36512578135773) 4
(433.70663911917063,666.8596730727747) 4
(456.2522187833421,426.84735773002734) 7
(269.9567532187288,542.4284077330404) 7
(519.3602815521012,269.0744587664409) 1
(164.22367435040752,608.2278864468435) 6
(311.1442572555917,706.7163325350368) 6
(714.6984525484005,184.14194682311725) 4
(135.79841684310213,387.27084113173817) 3
(89.49162794256394,107.41420649728006) 3
(163.3159730408603,553.5080072321297) 5
(238.6184694713478,368.63424863392237) 10
(478.1674932508656,653.3575159894849) 2
(907.1448292414536,78.43502520696077) 6
(903.6825657077001,473.18433068719776) 10
(244.90094327098222,673.1967651682611) 9
(834.4621525572979,637.8314367711316) 9
(50.87945821476758,619.8804257825276) 6
(326.46891758008513,720.6623417026942) 5
(379.7653952626747,474.82639262671876) 9
(988.517920142024,647.4306105870585) 2
(71.93758658891369,590.9007991400231) 1
(257.9335009159658,694.8293821034987) 2
(928.1545648090164,644.4106400373347) 8
(288.4983123442469,617.6086010836558) 7
(134.00096324152022,26.529854320316183) 10
(801.8648475098461,464.02875148377797) 1
(312.13038399025316,855.7660160526933) 3
(413.3613035427329,409.63298529317825) 4
(431.79162430076957,462.02434144742665) 3
(157.97048452889152,749.4208204577733) 5
(14.471598595226398,59.35366376413265) 6
(791.5511747001126,249.49461929622663) 4
(493.24718798754054,733.3444206715028) 6
(144.3134565356211,129.0328027464598) 6
(895.4451126698743,571.6894019860227) 1
(214.98436008274268,10.14290488079328) 8
(586.5345885776442,61.91028996726566) 7
(176.1464260786554,678.9053599518965) 4
