1000 1000
10
(0,0)
23 80
250
(63.00923424661298,681.4789812452182) 2
(675.1448087586195,581.8789250326384) 1
(957.5203455043182,212.16102838903416) 2
(582.9287016616355,569.5843908385478) 6
(316.13836639318305,464.69468494946744) 6
(956.5092160951381,582.5924538964839) 1
(382.27610086323574,764.2566699494721) 2
(421.49585656847455,36.50358455977232) 6
(738.2060084776139,245.44665359814033) 7
(585.7375086048548,864.8319101231143) 9
(56.89895916716225,909.0908086208008) 6
(149.18565495839152,893.9835453434287) 4
(647.9015910171802,898.2660763157968) 3
(82.09234368512352,752.604126088101) 7
(224.28445293205777,846.0433212553535) 8
(125.64860450739901,745.4372620559468) 5
(153.786797547931,423.6312312100662) 5
(234.91941079863187,804.8388020261605) 4
(800.0789933863202,778.3987813484164) 5
(921.4081455257348,347.2125710466508) 8
(679.3349345133771,100.75970948124835) 5
(971.3541015391207,125.17859384595708) 2
(792.434718553684,446.49410834621307) 5
(251.06964355919547,923.9165367232841) 5
(257.468223385084,677.6479380756957) 8
(333.4059674143318,519.49689648049) 4
(165.41935996330125,457.79894836393976) 6
(671.6843281324238,997.6868594426273) 7
(923.784485547334,520.3022028119733) 6
(246.76308728385422,496.14118699430543) 3
(313.13009375975275,58.637819259959365) 3
(788.4313279521158,949.2622338455096) 8
(489.13854475138527,425.18187500585316) 2
(349.140544830817,796.6212308413203) 4
(322.4536915106793,962.2081964462104) 3
(796.8847052058718,853.8901530308353) 9
(804.2038597462714,410.16048037567646) 3
(518.2124013098642,290.736278714283) 1
(389.7168670078458,475.0253259880014) 5
(509.7823316714406,142.35287539568154) 3
(17.96303080238848,170.76051520746805) 2
(232.59491890601535,533.8923336788384) 4
(2.3572245544170034,601.6602450451032) 9
(793.7445739816387,693.9152925700603) 7
(134.98690201335774,796.0969083188427) 4
(816.3195807453186,504.80412771855345) 9
(846.4774324630663,774.2761058126562) 8
(122.39914155918741,41.31777416126603) 3
(705.7940927593497,637.0897560221741) 7
(882.3992659898611,974.1632710869011) 5
(299.9999340317496,297.0101124272049) 9
(219.6576212455741,885.2348091643452) 5
(729.1930291269349,231.8429079303206) 6
(128.14347111657798,974.06231963962) 7
(742.312911375384,586.6685433213896) 2
(804.9770769246749,430.13181303590596) 4
(720.1567009190715,221.27483177238017) 10
(717.2767217227001,458.93201229432054) 1
(333.4434421068758,682.5469381744525) 4
(171.55726343958298,606.1027989469369) 1
(602.414459752935,201.97191478978527) 2
(920.012548688774,549.1719816390415) 9
(852.0529196958577,829.0328931507837) 8
(902.1301614391518,187.92823650291257) 7
(671.5310529884018,625.7025763715102) 7
(902.8911922007292,3.1118725687817594) 9
(421.7152685708558,459.3254267489015) 3
(147.66098419376584,185.93144558546504) 8
(475.3635728807962,262.0119731174303) 9
(77.92252332258597,488.36259200172236) 6
(979.0261491534403,981.2260851667083) 7
(113.2805728703723,367.67291285388524) 5
(40.81426994582116,609.0569963993821) 3
(588.2169481063512,735.7843843764085) 3
(621.3621588722003,252.908054412745) 2
(895.9067962247677,357.3278509690057) 1
(938.730033832132,766.4568331997702) 1
(80.82531818290018,743.0720096184034) 9
(149.50486465016144,409.8641382074026) 9
(396.9255360302647,160.11885575470407) 10
(141.46990673947047,520.9384798993839) 9
(745.4005724753354,917.8838168443899) 9
(102.17257753175124,706.3813997594317) 1
(7.150177408650427,65.37679297755761) 1
(680.6939058630983,182.80378457918923) 3
(204.01627829919022,713.85865385243) 6
(959.9016886469301,695.4299604762068) 3
(179.09740553543853,974.7184215288082) 7
(916.087271209117,819.0414396807745) 6
(933.5155095666576,585.467075999592) 2
(933.9137957736573,440.9877902849325) 10
(868.0903924907448,496.61681853231056) 5
(345.9594250544707,534.913874054837) 1
(502.5139881705999,520.4572207775112) 1
(15.657716245914276,461.2416935606879) 1
(713.7671647881292,729.603215407509) 6
(441.61583893259325,422.8803953785478) 9
(170.5386540109497,799.5650827723584) 4
(293.7972653965506,693.1006313654054) 7
(825.8190886463966,833.0026399878561) 1
(570.1122438965625,674.6008514921955) 1
(356.8265611780911,848.1682096939306) 5
(349.43566908015066,295.4894278254433) 3
(368.706428751934,263.4788587436283) 3
(215.8334741961546,203.39870067939626) 2
(30.27614096019193,957.6596332208408) 3
(526.3724731152968,36.0526684875504) 9
(191.52246104786076,151.8435659655668) 5
(240.3084170607511,951.0396280285471) 10
(815.5609325245064,903.622872975164) 2
(145.64316764451078,550.5638478808987) 9
(88.47084705865771,763.7695237151056) 6
(692.0280489729907,916.3421749338445) 1
(375.9113031376262,465.5008149106229) 9
(130.65020372724246,359.71439493738023) 6
(270.69048830945417,863.966322572762) 8
(336.6523950327469,728.5644355528154) 5
(690.2760983648104,889.9033125310295) 5
(879.5181514260385,669.9672314294176) 3
(188.44234554071758,724.1286180715651) 4
(851.0041999279676,652.4104864429698) 7
(984.7874340165947,743.0561036929868) 4
(129.49386149757714,750.8955673963018) 6
(73.96961288983405,324.5102066901027) 8
(614.9448097711423,882.3748266561544) 9
(408.1649072657212,284.60246061760716) 10
(563.8543328503057,903.4078764716761) 6
(170.66974242785926,324.99343846075203) 9
(360.5973021583322,179.140781825068) 7
(972.3679917969412,691.4650917866851) 6
(122.77879625318111,603.9699145294039) 5
(388.0587121694159,893.8317783746352) 5
(346.6030782407269,224.82987711095436) 5
(129.4573554718824,998.649960421059) 1
(474.3902187553917,51.96166834915095) 4
(711.8955367076595,152.3589012599784) 1
(766.4505408778597,688.6279819175535) 3
(413.33715814552494,551.4285702477023) 1
(627.1530582546095,188.3886189383258) 10
(241.25604145388792,665.7866870702607) 1
(858.8340392470236,313.2417391013473) 3
(873.4258720198276,657.998640918418) 7
(174.1942531293943,886.8088186257886) 4
(962.5708971517897,511.48771736315746) 10
(621.1355233610202,797.0178006216512) 3
(827.9370975152012,587.8865973870936) 3
(774.4945250621843,923.5744588673588) 7
(127.72190203610934,121.95335118344542) 5
(714.4305957712149,909.926425997697) 5
(856.4675237483895,590.6417964878435) 6
(197.99837034947342,781.920773020237) 3
(416.996489927912,564.7872416586197) 1
(400.65835295374154,992.6822574232642) 9
(524.4100231386129,901.6675885425424) 6
(937.1130244180732,57.98014567232468) 8
(941.1981634187282,30.885901494548396) 4
(755.6511371415813,294.35281558352267) 2
(270.1164433776717,771.8651812076406) 8
(788.5844705727283,321.6763452935114) 10
(358.8020394776359,714.806001951946) 10
(572.0069486255289,409.63921018226813) 7
(937.0977591815503,954.8327618435068) 5
(641.4456036450981,383.5664751782769) 10
(914.8657222802186,770.7170312168955) 4
(714.0556586053881,5.575082803151776) 4
(53.80615348319684,758.9226866119324) 4
(429.9071819442616,390.5938490365015) 8
(161.72661913182995,167.29779211368157) 9
(783.15338000241,788.114508215301) 4
(776.5534254820604,436.8816202115793) 9
(446.3675658345883,345.23684764239914) 7
(790.2181033458219,652.6192002834282) 8
(73.50704847854395,613.905764511159) 1
(253.88529121217863,177.08836646243086) 8
(447.2305186065569,806.6221726877716) 3
(834.7146192616518,424.4491928787961) 9
(344.69640361959273,517.2758164119873) 6
(169.01654593600068,699.930324161032) 7
(455.924804399228,417.09808898724566) 1
(298.717559490957,392.34278495663153) 9
(212.73220793421677,783.9564609092791) 3
(850.4359188973917,946.9133814000144) 6
(188.0856153728373,511.2647329117046) 8
(233.2850947097178,889.0570173719374) 7
(776.352617831871,419.7602468700754) 8
(828.2323560143407,59.48234984591005) 1
(100.45527088636264,345.78066660060955) 6
(759.9834004619009,359.80990234553343) 10
(978.8146869617829,132.0919857328605) 7
(302.3801631366191,120.65307303607409) 7
(555.065441216964,966.0672591046989) 8
(610.6474284017078,806.1030280799861) 1
(885.2859878134302,561.7847349575233) 9
(146.59624894278355,940.4875259167153) 3
(67.64826067035645,357.6433934784662) 9
(375.71356058393116,357.68140028647855) 1
(8.679030663452881,813.0589867936765) 5
(955.6408454284992,521.7028777245242) 3
(500.4887479634689,132.9840212422655) 5
(122.40804014164719,509.8842753203016) 7
(475.8148128390696,21.73220932626563) 1
(638.8138821292397,876.5744423933546) 1
(461.8932996374985,894.819423614879) 5
(176.8270511721376,118.00055982847913) 8
(422.83645439121364,151.90027152825792) 4
(154.82009500862958,876.5715925546809) 5
(630.8930358132664,517.6110577302895) 3
(474.03442211432366,803.8556234561547) 7
(233.3223814028137,393.5339522164062) 4
(872.0091722098192,568.962373380163) 10
(247.7055204991525,653.7069260417159) 5
(549.082485987603,12.0309156107391) 1
(569.7048402246434,941.0279709654408) 10
(554.1809078209849,85.07318799210684) 1
(924.6383634507845,897.8250682465188) 2
(821.155468036999,146.02412781698038) 6
(122.79930999915322,947.4362151924392) 2
(610.6727096428104,673.6500686076735) 8
(389.7822902107062,514.9246299927792) 9
(456.3658652409186,890.6252724357605) 7
(916.7759639553855,241.13671124919645) 6
(749.030089974242,418.5317638668797) 2
(196.90215223056728,712.8191739595334) 8
(573.9549921712576,184.6535256098869) 7
(996.8055931296857,758.7494374534307) 4
(339.7219060474126,891.9838711658359) 4
(368.761101431323,620.014659869461) 8
(211.66565387246982,587.7461275610488) 10
(284.410143158496,555.2708180774217) 9
(160.92371674768137,53.55209778562531) 7
(141.88293114188056,34.7349698419609) 1
(785.2586177812067,223.4759658634301) 7
(2.1219018512784737,913.4278619665561) 7
(750.8428788376925,15.165980249250088) 1
(870.9345933088358,657.7158671071925) 5
(235.74589923057377,12.111898255353747) 7
(319.24101480008613,335.749581910889) 7
(707.95681859999,365.743430590268) 1
(708.7572486718277,873.3177581790239) 9
(108.14142870131715,33.64021178811638) 5
(811.0253740941816,908.6836632337572) 1
(230.83828606851486,149.8723872203761) 8
(705.1057542420021,785.3533803985491) 5
(86.98110477030174,817.690898463048) 10
(867.0270248086839,237.30743227906925) 7
(592.228130219343,90.68561717045453) 5
(268.03658250560534,11.020940458725814) 10
(81.95273811839753,702.9968695633012) 2
(377.7885559551976,21.958381370616785) 9
(985.4943118984531,557.8635645111862) 4
