1000 1000
10
(0,0)
23 80
300
(711.5883716315125,228.56487397806646) 4
(321.9283736554931,89.04918515758963) 1
(572.9309083171013,629.4057991024521) 8
(470.6301384377133,460.81055019404795) 9
(500.47831738138314,369.28304653297573) 7
(437.3613734808491,680.9574884781626) 6
(3.8647619304180703,254.25459951128337) 4
(466.0129855234635,21.378911033935523) 6
(131.96777189730568,629.0563884170696) 1
(454.2838716510719,694.6124389287228) 4
(934.6692645546572,4.264092572731415) 9
(383.47027111051847,892.5975081000254) 8
(128.16261554536567,554.8501808544878) 3
(892.4787767473072,700.2299226987654) 1
(548.2612440511272,764.7054836246723) 10
(761.9023813801365,663.7964626871272) 8
(129.07854797010543,607.8132350202586) 7
(111.7794764393557,843.8816629099547) 5
(206.37546910290916,893.4495950440374) 1
(260.4629418848665,130.66536811534223) 9
(131.3149548718252,836.7321857567424) 9
(547.1686935410071,285.23481062496546) 6
(194.26912271454566,890.7487517752812) 8
(495.26629047861525,923.1109996202222) 4
(76.40999093852142,418.5004401261405) 6
(477.06248409370465,921.5001361039457) 2
(816.906056171443,378.0006403018619) 4
(285.27974094052774,598.9503176065424) 8
(286.2215018246497,860.2210572012141) 10
(497.8243608482679,312.8965632431765) 1
(385.8143579172062,315.2015826667156) 8
(229.29724756940405,736.2541464969913) 6
(221.9867565454562,65.66601333892919) 8
(321.09155579900386,249.99968420015318) 4
(215.82683950782888,692.1748025374238) 9
(439.58940068028306,33.764609229087306) 6
(476.364459111291,611.0931502552401) 7
(687.8929533254804,25.853994963856984) 10
(296.5369696790915,924.0231638146313) 1
(762.9962425314097,65.49395753192367) 1
(478.4702330076488,458.03345286434904) 10
(238.8498312661267,139.9862378509714) 8
(435.3829406976774,19.456775166654893) 7
(438.3615169650175,352.54987538667257) 2
(504.4253086386909,775.0173161450125) 8
(811.727011364915,737.8775912792747) 5
(347.64019511036315,914.3575751681526) 8
(920.8369302845382,511.32888863549186) 3
(294.46132003456904,484.51173062983423) 4
(165.51734824189924,358.5859916783495) 8
(971.934973963025,96.36499598024595) 8
(611.6737592152224,820.9639621596418) 1
(961.1449186675486,874.4131042516962) 6
(425.5583225747851,830.2071446816191) 3
(606.9972792846393,818.9524312790501) 6
(23.825403396908975,829.2116591493268) 4
(675.8476125315916,108.03119768531121) 1
(184.6955544078266,45.78709917326596) 5
(625.1145913643576,964.1446473494264) 7
(918.7491111637845,345.934089994422) 1
(672.3817315802713,762.335103513427) 9
(56.660366661127505,876.099470897823) 9
(6.754356880933288,558.0866513948663) 6
(195.45873496194665,20.60286086593588) 5
(355.3958898830951,341.7097273058378) 2
(743.7663436346563,146.48186526906017) 1
(553.682586285279,173.53054682784207) 9
(843.3633345167453,690.0513771921345) 3
(57.776878997871314,929.7267782455242) 9
(912.8700718203262,115.82502804795169) 10
(888.3218652423232,751.0802721979749) 7
(786.7011483103888,443.032163408257) 4
(152.4910193004686,9.098500739403658) 4
(297.0403110644326,876.2425431027626) 6
(987.1287228172598,750.4240833016136) 8
(585.4570823101049,617.0522797835132) 10
(683.2177698601903,831.7900908670197) 2
(503.0815575789407,72.40242629959847) 6
(131.80772046263388,565.6389983310995) 4
(390.3595854968162,683.3445196916316) 9
(873.4266680919104,699.4238386679891) 4
(140.20047253637603,236.81149395881707) 7
(822.8172615666708,275.6678284708333) 3
(894.8311123563676,788.2205990245114) 6
(659.4327250238695,349.41539079454856) 2
(865.4534271210007,176.93184905106008) 4
(350.1005640565787,961.4791700445752) 7
(402.0354775126924,939.4224859325298) 10
(556.4951203193863,637.8399624233971) 7
(44.63199572493804,875.0187930896471) 1
(817.9883469996812,630.8502962961296) 8
(467.50409613677425,866.2580585190756) 2
(267.7736985000434,529.8364345865139) 4
(754.3649647702376,218.9248800847836) 3
(213.21865553144548,659.1023733507415) 2
(604.212869811854,408.7032754996002) 3
(961.471643353512,374.7269775457091) 8
(157.15432475844693,288.0197667027332) 1
(960.8873439958118,67.5429827916667) 7
(230.66946108576636,175.0996511942724) 1
(400.15796742800615,250.49114613486068) 5
(478.09260935054067,761.6270592829283) 10
(265.7541503955876,796.5309250653353) 3
(953.0106462102808,717.2626137031137) 6
(298.6174048633614,653.3568185534751) 8
(119.07613696171926,797.2245005464015) 4
(766.8685191171697,489.54189990561395) 7
(825.9525267768028,212.04868934623534) 4
(786.3805468762588,271.8082543977055) 7
(388.75049376665095,135.25110698938957) 10
(105.26950471329354,704.3965800064317) 2
(940.1008345959867,505.0379275084934) 10
(402.9381400346529,841.2287091593797) 1
(741.3307205084434,174.09827815001978) 10
(347.95125438779206,795.3519604441468) 2
(891.501598265276,727.8717153984715) 8
(460.87712944826154,698.7575809079394) 8
(987.5200297132726,647.9393880907436) 2
(110.90684538109042,589.8093150010626) 6
(582.8839112179749,758.5197988642955) 5
(545.8025573212418,183.2346436440252) 10
(690.4041808547541,263.34985748624416) 3
(701.4661478074846,354.11759671415365) 1
(846.106754989948,628.3545210760376) 1
(880.1955698624396,742.7592048781194) 5
(811.6761368684538,743.3353254728402) 10
(195.91258431371406,380.9854322602929) 10
(837.0713928012885,794.9006360205418) 7
(439.08077893130235,334.04251149574884) 7
(177.30046799762113,837.3214378212564) 10
(680.6972784249696,444.83506392148263) 1
(174.92107804517,402.10590112420107) 3
(984.8838626493857,622.3489671915376) 1
(67.40668876067069,774.4199137598905) 2
(762.3564733108796,608.5487266582521) 9
(12.619011112885769,353.65223920854874) 9
(360.08914158615545,950.3132084211667) 9
(792.6155977019371,887.5769653405522) 4
(150.61758525134806,72.39820460245893) 1
(740.0401020992808,165.9518092951755) 6
(588.4371520059524,371.726601293646) 5
(223.32746635003707,594.700694884232) 3
(133.4925235189628,597.1586355273752) 7
(291.3975181289092,190.1663080766497) 4
(703.8805867427186,164.08885953866383) 4
(783.3387162547282,265.1744647666118) 4
(918.2466678546707,847.939648984703) 4
(697.9289600106206,14.690839092410535) 2
(288.5239187972537,894.1385503712772) 9
(811.6807029389809,994.6962155587865) 8
(49.47371544355927,955.5453900431957) 6
(865.7666091596742,808.430347793242) 7
(621.7907827697505,635.2418869387399) 10
(517.1609880927314,203.18955343582635) 2
(816.6685544829442,892.6105610187831) 6
(565.4972791329247,882.2703505469916) 6
(521.4880229013987,253.45563008642858) 5
(511.7963078464641,883.610469464338) 1
(335.20127268341884,635.8417362558089) 10
(314.8706777771092,716.3427841169364) 7
(248.22137436124603,736.0430866329012) 8
(671.7949272119228,469.31065505212143) 3
(25.262696469053104,465.3600010151733) 7
(190.2505388965754,181.00166066365043) 6
(78.74518398718378,423.9779863758845) 7
(710.5090178016646,609.4532174692444) 7
(838.6472409657862,195.88219892249515) 7
(10.040088689741268,938.420563061352) 7
(161.95851120057526,198.30961590462314) 10
(883.6852482164414,399.9198174154207) 3
(539.8946284766724,672.1881811034098) 4
(484.0861719325926,25.2959074001623) 5
(557.8228397411744,227.89451531827564) 8
(558.2309326613681,777.1535061991154) 6
(851.3459832297957,88.1895964325754) 4
(73.36230708463842,857.289796928812) 6
(559.708709113714,547.7058944282027) 9
(368.423341086187,207.78784544459106) 4
(113.9849695501255,843.7156475490123) 9
(395.3265698125611,538.2412547741919) 7
(693.3368804705732,542.1816421008856) 1
(510.88261760289,390.21022544850047) 10
(554.4112148568864,528.3470441070076) 9
(230.39359556981654,592.902077536554) 10
(184.21781349738097,370.1983846646797) 7
(670.3915875153381,681.2714379109175) 9
(781.537902493286,892.1973833703385) 2
(430.6729005471093,402.67087813381244) 2
(346.8372653931001,574.7486908009282) 9
(351.33600893468883,775.9960326700922) 3
(13.76894077961266,137.46206141050888) 8
(685.5480667789424,463.6678475653966) 3
(973.6075499954178,540.1031658220993) 3
(772.6268501546836,296.553517965788) 4
(15.43847032907497,933.1297347392659) 3
(427.41362518305516,397.83476337288295) 8
(336.97080324517117,750.5575200333889) 10
(652.9041797593752,628.3289937793519) 7
(471.777327509059,382.7524276087866) 7
(740.4823178557617,277.56413611676413) 8
(841.598472746006,393.30273333304797) 7
(175.24814210291473,397.04817547140703) 5
(324.9072779560515,133.60520146941468) 5
(689.346296123606,733.4657900604453) 8
(380.254138080611,452.1391949335606) 9
(905.2860362235764,818.3773178676485) 1
(989.3535163183697,595.5095274748111) 8
(568.487308901987,452.31756496912266) 8
(37.79544532852408,290.1641523031635) 4
(889.8942874409852,793.1069436518229) 4
(262.4127979165664,128.20630141793387) 8
(388.91500881988526,546.9229770341634) 3
(247.2232934495956,169.0520434278705) 5
(799.2089328391619,296.78920126307696) 10
(306.5456737496535,845.4964498935934) 4
(693.5869464405339,107.98559662248775) 2
(828.1352300163153,439.55723942441205) 1
(746.6832972020948,166.62175975385952) 9
(625.2196892828962,524.5358786825212) 5
(591.5995476142879,756.3056974402739) 7
(650.6728435924641,381.464798566154) 4
(501.96646948994106,154.01843062008146) 3
(89.28480700624087,873.3597598379083) 1
(459.23621430502726,775.0300997029032) 10
(662.2601067430799,219.01034742223635) 8
(438.91608286028685,496.6882939722931) 7
(14.243133695790334,539.1574824114297) 9
(499.09552001474356,606.0457061344526) 4
(330.993114958836,47.426549382187375) 1
(649.9730458590691,221.60468070282823) 4
(387.1660053555014,103.41085215877011) 3
(517.8335331143161,873.1376622913477) 7
(658.2227366982345,796.4042048885847) 5
(45.34051692898833,168.25962354768942) 3
(340.3752286983525,920.4023258722766) 9
(793.5554352212599,148.42881548412757) 4
(447.934597520124,942.9905575547363) 9
(843.0086675597967,705.4916257287709) 1
(795.8665384704082,765.6089044235961) 5
(656.0514701561523,527.1912414823151) 6
(603.3822904028435,54.201296077376114) 3
(45.386888686033025,656.085665415058) 9
(206.91578626890396,865.8419787286186) 9
(521.7063306514194,626.9473285641233) 6
(161.59192615269959,944.2105779636279) 7
(44.543407469122,494.9828177385965) 5
(563.9489882430968,905.43612323774) 2
(141.25243637484454,669.6689827357782) 5
(826.214934569659,730.9808238353562) 10
(183.3913266897813,579.3339431021852) 1
(218.28168199515153,932.2760731021483) 4
(992.8848619257768,475.96818005099516) 6
(107.65801784887996,157.1341820917872) 5
(1.2699280453298822,584.1000903782821) 4
(3.329930401690606,458.380115166923) 1
(693.133039279955,842.0189204209903) 1
(29.998713416090617,73.40897880432185) 3
(694.7339501983979,802.4114235272932) 8
(42.614324417505344,480.11316739146037) 10
(0.598762461473723,334.10504842214505) 5
(776.8437854934836,790.7465166465502) 8
(333.9351317522148,980.2085904397172) 4
(252.77439564708203,894.3440398454742) 5
(632.4163851944235,705.2289891989205) 10
(948.6837645437554,694.052270098967) 7
(819.59745296664,733.6411954210935) 10
(733.3430141171091,468.06523365677265) 6
(894.9552844493495,812.6121502750909) 10
(102.44278359635528,596.2073763196113) 7
(841.868386559027,52.232208895906965) 6
(709.9355664153364,214.533352599797) 1
(677.7742414116949,870.6125349469944) 2
(696.6213381286997,849.1372276713624) 10
(812.6199163931967,925.845942594388) 9
(21.938526656057334,624.8086131941697) 10
(610.971920152105,781.3495911509011) 8
(795.8566840195002,337.570494899924) 4
(101.53086281417656,266.68018661260163) 8
(636.647686973658,488.63990279403436) 7
(779.9415889581909,441.7834685368529) 6
(689.1851551107754,836.5347173602232) 9
(377.1745215143902,905.2386517085932) 4
(860.6399878274082,137.30161717339183) 9
(784.1719436575897,129.26556197657501) 5
(951.432724323467,724.9670328282616) 6
(796.0216602723281,566.2756320160127) 3
(769.203645475969,293.4864228725521) 7
(243.23698219117884,565.0218767718702) 10
(28.53439950704828,643.7775572411979) 5
(166.64174657858433,449.163937555803) 8
(986.9073824643823,786.1107890673951) 9
(786.8424880297454,67.30339840886191) 3
(814.5814859712088,919.7987348526234) 9
(600.1385425439867,649.6193921766327) 4
(150.17503194640503,291.4645626076644) 3
(939.5042981444243,540.9091236052712) 4
(259.50667529279605,588.7501784195748) 3
(530.0883940581105,606.2149510610075) 7
(719.5542865482475,319.14918198371265) 3
(719.8776440526724,358.0733116623314) 2
