1000 1000
10
(0,0)
23 80
300
(106.69268653587194,480.8126457583607) 3
(446.89277907561586,288.85864037957475) 9
(978.0266789084387,32.082353306123856) 1
(224.66685549533517,116.72613436394764) 5
(24.556517932062484,568.7700581092984) 10
(280.3483333814012,415.1147836900964) 5
(507.67617403932377,739.834579616377) 10
(462.3092551454916,359.5672499649849) 7
(179.9771847965882,658.787850566699) 5
(537.9483526988921,422.27182163131715) 7
(601.0683477125486,696.2414926340249) 6
(13.763096593641055,993.8205352277981) 4
(625.2138118840568,89.16176916847974) 5
(813.6717436728292,49.08163157112489) 6
(786.6489003693866,595.1844434569846) 10
(970.1815848025085,388.77476807287616) 4
(127.49044778637308,196.53457244707283) 4
(665.3682479324572,620.6420905294731) 8
(878.746965754653,835.5416590405655) 5
(873.8515686247235,881.9217780248755) 5
(328.1675427366125,991.6407775713112) 2
(643.9901195132499,438.60550181380796) 6
(957.3199512403796,500.34747430955605) 8
(780.3752230944016,387.953451422388) 10
(695.6185821160449,448.1184022895598) 7
(583.8287196016147,94.92220434875354) 8
(924.083351529633,16.59856733780496) 7
(424.65493950546295,583.0997391596162) 7
(413.53311075333175,540.4807878187714) 6
(958.8947127237576,644.528020746584) 8
(330.2020774115828,187.87701892387554) 1
(571.5057704446388,592.1694254899602) 7
(454.02702002154274,614.344379879571) 4
(560.6441923545691,378.48106279667707) 5
(520.0518983786311,171.20272979975994) 5
(634.0568750405713,833.4765981105631) 2
(240.2620485196102,431.95354688488396) 4
(128.24052382946405,802.2376768764074) 4
(634.7159744775165,317.3504559416016) 10
(578.3833906830387,575.8379846161638) 1
(952.1503988580566,558.2422774903087) 8
(866.4352558449873,679.6922684204513) 3
(833.3875696542036,845.7027551317723) 5
(118.81664210022502,186.18086482183804) 5
(871.6808673439795,486.6800327496259) 8
(715.2187242769106,992.3681750225952) 9
(817.2819665994749,735.5479940185786) 8
(71.06406083680439,884.8525293220822) 5
(652.1792605543219,575.5824844753326) 10
(936.1914109887875,166.3891148439992) 10
(828.8719439481637,238.55685428979112) 1
(594.9550069289015,328.4418873471053) 7
(41.42866664226119,500.32658180601373) 3
(432.5137511079233,318.94537023201576) 3
(125.4460123735227,82.9384310086737) 9
(572.1602248797476,241.9683580385731) 2
(983.5596887505108,383.47169130002766) 4
(621.302053723321,435.5461665478153) 5
(138.16440445656607,412.9865948134883) 5
(693.7200532462218,354.16383663017604) 8
(102.6782675877942,671.7447761160008) 8
(319.14819863225773,8.743392156081997) 10
(4.080967178188177,666.5831058730649) 2
(629.9247197746245,776.8303581205364) 8
(151.1071909038141,553.3000168066296) 6
(31.79366975411768,410.537519184902) 5
(193.56516160380744,846.8624206712517) 6
(756.6291342033245,51.329988832571225) 6
(853.6457289533637,899.4760249717353) 8
(194.06544772523083,42.623033180420265) 6
(666.863613343212,491.65164973605715) 4
(380.3922020761803,611.3629944856862) 7
(580.0421367510978,726.7190431305825) 1
(855.7275752872819,689.4972951667933) 8
(873.4008879431875,129.14843894357085) 4
(890.3452226249316,112.33749815049721) 6
(612.6638803086107,314.63138766701525) 5
(987.3888089281293,482.4240682794717) 3
(962.6444207599719,674.5317245732249) 10
(589.2207654461411,963.647874538013) 5
(128.05612635037855,449.3608136397399) 8
(926.5025736114118,10.180838411403936) 5
(389.75405511723216,691.9061309656951) 7
(122.05844517263998,418.4495888548378) 8
(953.4446939102709,826.5040379812992) 9
(605.4235461157342,849.3403770974111) 1
(924.7182640877699,152.98165150324172) 8
(387.83690443045913,731.4224231676747) 6
(136.22108051484327,853.3040584923173) 3
(546.4846121933449,773.8568538558682) 7
(666.0779740347002,139.2904611283641) 3
(685.2457204317952,914.6861552558819) 10
(176.57433459488425,222.18501673794088) 6
(355.830043581056,548.9953373359277) 8
(84.16946036233286,583.3191583391792) 7
(514.4136394346594,51.059011107717154) 8
(19.588465898681907,525.8764073770978) 3
(306.8777826265214,733.8748084810828) 8
(829.4133729296393,226.99298993089468) 5
(510.5691353013605,465.6037912180544) 4
(436.42574807937496,917.5638434237429) 4
(53.31982873574348,549.29217949915) 5
(652.9084329926624,243.37616002735564) 5
(37.00053388527791,361.45718140088155) 10
(703.0058834488824,226.15589670042723) 7
(473.061884967676,965.0432252972203) 4
(675.4089416379459,977.3360798640607) 10
(866.8527520531147,433.8747789816705) 2
(128.05311942776976,77.7597359972656) 6
(963.1913840937425,506.3127768618031) 3
(878.8658165666282,317.2956529945714) 4
(531.5789143598574,350.3532521943333) 2
(74.43368002030437,590.6131359893869) 1
(371.9516363970401,856.1585957115877) 9
(203.26959235549268,159.09057053749876) 9
(717.4998035140488,244.30776235484865) 8
(593.2296156603567,75.88985042062923) 3
(50.40593280042371,21.116837917900533) 7
(78.2687030032716,344.2906871517942) 2
(46.54341715836108,44.474190430145335) 9
(512.9848181580123,704.1860762900957) 2
(408.9592224731375,457.1844145253655) 7
(729.0734875839399,117.58426469192685) 8
(63.021595933788646,458.8898382087518) 8
(139.15042291556412,236.95176264644635) 7
(790.0413225114052,150.65201175305566) 10
(442.11191173169505,586.3684600948656) 6
(197.48208254573908,665.4132061778372) 1
(466.15455392882257,606.4788129902182) 9
(188.85169558249993,848.4765553160455) 1
(413.659805153537,14.103742668477137) 4
(228.82784502613785,515.6636208680177) 6
(272.47973967194486,855.4835002521163) 6
(45.49015870410378,904.0330003008296) 9
(323.77717021083754,411.2813747594939) 4
(480.56728517746984,81.74890718137439) 1
(372.97976225341847,469.0486569052998) 6
(250.6300455923841,5.116099416334952) 9
(823.7536038797762,337.5001913531771) 6
(522.5433442837829,74.20131706434086) 5
(288.06306187446404,673.41702763416) 9
(217.41659091698685,20.62685089253091) 5
(761.6491649653206,676.0499961450754) 2
(539.5152630776569,76.84149829227339) 3
(441.0378712454192,384.3231427515133) 6
(691.2374448661868,753.9363472281865) 4
(588.5260871321789,762.3776562659833) 9
(557.9792587478407,369.2625462336586) 3
(556.0717608079027,511.6448920706671) 1
(968.9619130081743,32.08838965538552) 1
(266.99388526362833,857.7594756531414) 4
(722.0272516707308,478.12360503281946) 8
(216.90344598436283,842.1827745539914) 2
(515.748494550064,211.90648270065137) 1
(737.4162114466377,97.59604902511553) 5
(845.4674442260342,57.34784191471187) 10
(958.8611972532346,305.2213026135716) 8
(758.2321327000093,377.66873441429374) 2
(572.5470606000675,453.5553517790897) 5
(247.26867805932673,644.0422701471248) 3
(373.1790338041767,983.7140698255262) 9
(421.28460932477043,656.5327360313192) 4
(273.9581679556538,923.6011342248682) 8
(329.0816851152775,552.042023496035) 10
(751.3036030217454,208.70967808391583) 5
(728.817948674326,675.7177773614817) 10
(964.8805308076637,30.11242357743882) 2
(314.06162324287845,517.9039672665443) 5
(877.4380174330792,149.47350785777448) 8
(405.70162913444506,946.4052239361328) 10
(710.3399731706237,883.4567999168045) 6
(647.6266961030491,432.09527593860355) 6
(679.7841544226652,677.6663759839166) 6
(495.41785674919635,508.2972278333806) 2
(230.76100085578543,434.87648428521794) 3
(616.4937071337739,465.9628933991645) 8
(954.8016935574027,305.12527210527384) 10
(753.6593870895601,83.05143825884642) 3
(357.8805971518415,40.51869556553) 7
(469.84126717498617,447.6144409790754) 3
(959.7272638469049,782.1059049009406) 1
(697.3244623333693,830.4589864787463) 4
(894.7985292342297,937.0597627368137) 3
(647.343550741054,116.7239994726561) 5
(155.48213843659298,974.9159258532193) 6
(548.3686801737585,688.2655934864814) 9
(784.2341710074785,885.5924448171434) 7
(535.5194038264895,762.8826837251125) 4
(648.3905352666814,378.65658669325074) 4
(127.67050707381978,969.6839697974175) 3
(856.7429389186142,940.2036001871827) 8
(622.2399632716412,703.5473405531778) 2
(908.6879516065549,893.9729438778243) 4
(6.093192353696653,847.7428930797845) 4
(112.62033034811869,731.1686888651864) 7
(474.8693341159057,622.4878050901984) 8
(623.722431898536,166.48581951834828) 8
(767.1192691420367,90.51285241494244) 7
(99.15530257882932,275.6638903171814) 4
(351.9644184453969,227.6061943312896) 9
(786.3758041989089,997.7866766483229) 2
(785.3854480029178,219.80155238119414) 3
(641.2152853853999,897.048521852832) 8
(855.8345054534823,868.5208109618904) 6
(746.1522869476943,35.55905403568549) 7
(497.4725498184185,186.0838860965671) 6
(917.7873730024224,239.48272768460632) 8
(717.0988455741468,689.3123341176528) 7
(586.8586894278509,697.8228824760776) 7
(390.06020520482474,833.2041595753782) 8
(810.8278584285271,934.2907236243061) 4
(471.9387617487645,540.8294410174872) 5
(516.1242228146612,660.1247721656981) 6
(398.35919039667675,4.345081271715956) 9
(670.8964803731179,895.4687240165875) 9
(769.3255750980056,751.668830446876) 1
(528.9485476557946,260.44829566520843) 1
(397.79330170185256,986.9899836575469) 4
(794.1723707574579,496.383934019486) 2
(648.2872635318145,672.5804849633957) 5
(811.671565560112,897.6985019228596) 4
(440.02567972248954,168.94630070253757) 6
(831.5832764364698,569.1373517997125) 3
(106.27006159765673,203.9159983180795) 3
(590.6489318276066,141.9301658870974) 1
(857.3958803739542,246.60096342893578) 5
(623.5850094668791,349.98112746625674) 4
(323.6450948573959,301.9866712573478) 10
(946.4568585162708,659.8978341091996) 9
(185.20670375794467,473.0288124187387) 3
(929.8254540604433,6.968729392708761) 6
(261.57238569209017,463.03044518035387) 7
(706.3756469316655,433.98508722520467) 3
(71.81907643205798,847.2720669764082) 2
(700.5836115306781,967.7277689142832) 9
(160.4812561764578,413.53307657573737) 1
(928.0742134048701,765.861049005224) 3
(24.189562298687072,87.3130795236986) 3
(331.1882040960165,53.327118908735095) 10
(687.8845475581975,626.086422182668) 9
(37.559923958185415,759.2251846205523) 3
(295.7879959899555,825.0643926505053) 4
(3.4707807339690033,653.9471517011818) 8
(965.4394309168003,400.8355052149533) 4
(718.838367651932,258.41384909901956) 3
(290.5997366736789,155.8833332411481) 7
(486.23661543053885,398.62727059092606) 2
(248.41912336692073,397.8038041100195) 1
(889.1252539245036,237.04508432802774) 3
(368.51461401638016,763.4959366846049) 6
(554.0419409967029,725.4830550881265) 10
(954.8270802881304,604.2485059375846) 8
(821.7255023635012,464.4579099792987) 8
(37.21857641535775,250.48112205309636) 10
(150.16634294749053,128.05796524590417) 6
(109.1724745369913,620.4340032429056) 5
(156.23410962623151,110.15156286342732) 1
(263.42102496890374,718.7369265743172) 7
(33.497216659878816,830.0778636197963) 8
(697.498718799795,692.6702206367814) 9
(319.20038928795236,781.0738617179298) 2
(985.4375435107232,591.3180437699278) 2
(586.5341263998304,527.1084033273776) 6
(360.80280917134877,897.3518057994312) 8
(743.9953159782126,203.45900693105645) 7
(237.91580908898024,485.0044909194313) 7
(193.89634884968498,660.2371095695541) 2
(197.24063672209525,576.7466084240942) 6
(406.8458409239681,334.94539205716865) 1
(597.5618125486162,735.8261496194239) 10
(638.8992628901798,535.5194610692976) 10
(826.5505421357408,50.97529755145602) 7
(622.6975511097668,291.36702747489926) 6
(265.67165823647764,396.9885766481593) 2
(441.88590838093955,870.3982174553353) 9
(963.54217942768,126.71144409418889) 10
(838.4844366185056,943.1866043002013) 10
(752.0123740732382,250.9850981361149) 5
(408.7237324785552,654.205722437654) 7
(466.7856713788282,956.1361304697847) 8
(928.0417058017855,933.7548970152786) 9
(380.6300284458096,119.41918726813161) 1
(777.151937075399,524.0899479149232) 3
(354.58266433779005,5.043497885292125) 9
(601.5344972947734,595.6212973812658) 2
(145.24005811164585,138.20175474493323) 1
(300.14714796109786,277.80646260738797) 6
(176.64349025405912,598.3001459190859) 1
(584.538755795303,58.487079106191665) 8
(201.3900881796935,282.7330767567585) 7
(989.0658424544755,304.41729602021485) 1
(415.6774136384316,777.7640664543162) 2
(58.42942356097658,897.4889269163903) 7
(589.4144888908917,488.5120643981143) 8
(610.4645055878707,760.4315192585082) 10
(896.231920331052,237.33019718695903) 7
(955.3218123263657,299.59370343001154) 3
(177.05895219845624,577.0497718117127) 10
(560.7572515792904,79.77133671269077) 4
(952.4022722740456,667.9550016884377) 9
