1000 1000
10
(0,0)
23 80
300
(746.4827853192963,671.0867335709902) 8
(812.7740044376634,70.52860720491539) 7
(591.0319936329048,857.8312003697707) 1
(835.1286096614065,104.99835876801188) 6
(601.980850278719,271.97441922523245) 1
(355.77371787049293,603.0508642669429) 10
(937.6732483938881,63.377939178051015) 2
(425.073803718167,313.9017703945056) 9
(515.9100814403268,747.4316054235683) 4
(481.7998058326367,624.492865441144) 10
(324.76111016575646,204.40013950336044) 10
(269.63510347704846,921.8744037324788) 3
(736.4461645392824,984.0161752467902) 6
(553.6434689386411,848.8790430789206) 7
(881.3114905918392,725.8901274741849) 4
(622.5339104548625,868.3251683901158) 8
(391.95132811567015,941.756285726155) 1
(379.6624464309305,260.205937870467) 7
(873.6913925097066,338.00826040868606) 10
(458.44611994925356,56.97346484158305) 3
(150.85088889206412,838.7823344671586) 9
(614.2222575387738,512.101579675354) 10
(860.398528911473,197.2280029999406) 1
(894.6635510454834,245.4933538220496) 7
(359.3802639528937,816.03097815881) 8
(958.5170881264127,197.44294300179132) 8
(961.5538110017299,527.4865039100199) 6
(123.50681179196033,492.4536668863686) 3
(288.97635527426246,121.9556639718935) 3
(622.7392281996957,728.6705774037299) 2
(605.4062307522992,666.1135410941434) 4
(553.8251138647355,639.4796426781963) 1
(647.7056105500751,13.848200050398773) 1
(798.7065717424906,694.8411162562415) 5
(724.9171874030658,564.4922011917049) 3
(851.9663387125357,194.14741900188736) 7
(934.6884208073021,896.5598226048576) 6
(377.85811690841064,462.20924618918934) 9
(552.6495966067552,332.4030895170312) 2
(157.3515461774583,552.9771411292663) 8
(381.44956738386173,653.7935988568821) 10
(884.1059109835879,519.1356266059432) 1
(903.8865753878152,589.7333829883661) 1
(82.33445828283392,430.6832938651509) 8
(0.4247549817899543,795.8008040210321) 8
(543.1852156076643,119.60691270145519) 3
(738.9547533673529,628.5651748030612) 2
(642.1860779564352,252.09796164011144) 6
(550.4634252231252,823.2683440709646) 5
(219.31203631051878,679.1394536613682) 3
(569.2560508506713,483.58846360255734) 10
(225.3573702358307,399.5499458062004) 1
(542.8135351879534,270.2136132906883) 5
(662.5548442319352,113.32178215595934) 5
(174.91993735067211,21.717060777935117) 1
(145.52951073488674,953.8155364591526) 1
(279.6156066539445,596.3983715998022) 5
(272.7993722061849,310.6456120259584) 5
(447.5739505348109,537.1593785410578) 8
(532.9492874975414,94.07339405404802) 2
(968.0130729424128,314.5329653173227) 6
(706.9476841755971,901.7782847884232) 1
(296.37693798476425,86.20157619398306) 8
(274.04844781107005,266.6919959560747) 3
(598.2878991666563,206.45390155354494) 8
(842.892833128312,886.5322678912221) 8
(263.19358999520483,479.97118754507704) 7
(144.2093547884119,884.4248700080724) 1
(765.3515547998895,211.47754501252967) 10
(92.76281910167373,771.6982957327987) 6
(278.8133280923314,332.0426768265759) 1
(485.17942272498584,221.70510284683397) 9
(854.7263527238506,289.26124828156975) 3
(27.094986576050474,742.7325032096367) 1
(305.6209569578975,256.00748096651614) 5
(205.43323290611238,13.157945683829775) 3
(470.97762805589014,114.76828409922513) 6
(516.9793985956917,936.8156919031517) 5
(926.8878566126889,250.02309047722204) 4
(774.5101290117229,900.5006112965302) 5
(867.6395475985145,715.0571949320066) 3
(315.2469086522465,569.3832973977933) 4
(720.6533160579258,889.5931829412118) 6
(932.549704269438,636.9117578542873) 5
(927.5596966789498,280.9464783832107) 4
(131.12022700695002,518.3595065350303) 8
(430.58813378135363,959.1623154342893) 7
(112.59680399774751,710.5803522110434) 7
(845.4318588779025,125.73823553002306) 1
(197.3433319080622,873.1525684376179) 4
(764.2186453684317,692.9857240470427) 9
(743.3201897069996,941.0347525179924) 9
(349.561451341177,881.3293217806472) 4
(724.7243455935969,712.0147964012921) 10
(835.7906807530834,998.8131413637237) 8
(718.9815232907383,817.4905090865018) 10
(65.40952527187682,629.6432573684691) 2
(606.3562835669079,496.98037774797575) 9
(780.065421300661,893.6278856450399) 8
(404.76961991539383,561.9378061599879) 7
(34.5404211697925,878.2067672397308) 1
(844.9396451920936,354.3209377756196) 2
(29.5493296559316,574.260442206221) 2
(427.84841148853724,809.7879443129137) 4
(301.82063471698694,702.8085403277254) 4
(744.4650847250517,278.64169050526255) 7
(344.1266588395204,362.97708251479963) 1
(264.3682546836078,213.83917906588556) 9
(16.0133640010558,83.01219246153113) 8
(528.1096477434548,40.36880294818634) 5
(999.8395568702093,482.52697134160303) 9
(184.8805494087923,464.00505243838177) 3
(505.48543032089674,326.0529578702536) 8
(812.7113423356733,213.7708684394256) 3
(439.81736262092653,486.55883636415865) 10
(901.6789649800222,969.6428930737516) 7
(768.8353001920227,422.89597009710747) 2
(549.506733937985,710.5560531857052) 2
(913.9538539871894,275.6264187013276) 9
(86.84849123599336,71.0786192718883) 9
(921.1265780238676,662.7634893693601) 6
(820.8304932273282,619.6291898917942) 8
(385.72448757012165,493.9200599852086) 5
(231.76686259437162,985.4034453796314) 4
(755.8649407631308,128.67691907375044) 10
(701.0468656635494,100.90096984807317) 6
(538.3820703139028,158.80990445849886) 9
(698.8773431921219,255.6778634597785) 4
(216.06215909135707,188.84113530719304) 4
(293.8963175207536,209.32360014268903) 4
(528.4108297098227,61.76119183399686) 8
(664.9670024578176,442.5134243464078) 8
(793.4633902289501,511.343889154582) 1
(954.6848467566307,943.4984223927762) 10
(985.5709707164675,605.9356311490426) 1
(681.4379202155382,261.1415279421053) 8
(412.32202923834393,552.3096736415986) 3
(820.0019505936024,538.2943603774991) 2
(610.8952162617887,225.69809918736283) 9
(197.8986740143761,255.98787756801912) 9
(100.06986655280214,378.8395163591802) 1
(207.90018037266879,822.0275894908091) 7
(831.8657922585143,876.22498603143) 9
(233.021640416353,318.35333975805935) 2
(353.0193416353112,300.57795996201475) 5
(682.8860424616389,500.1989372329743) 1
(348.67039360778176,664.6813943074778) 3
(840.1193876273562,647.4085686510084) 7
(489.7343715512964,844.4671864328233) 9
(975.1742861010104,338.4953253171867) 5
(355.07364981158696,354.1995306568969) 2
(40.52258398284236,249.024882729183) 1
(149.87902008369846,121.89675713344572) 8
(230.41857037957035,946.5438528877003) 9
(967.4034774293351,89.78632206522319) 5
(182.77681815043988,572.4708403374898) 8
(819.0248074403887,989.6058397478017) 9
(539.5648423954631,705.2726079624787) 3
(145.85572219621125,706.8935137081174) 5
(48.60569480203658,835.3019822833479) 10
(55.265638712208684,77.07913618424944) 5
(600.6273804519703,381.75279133085616) 1
(52.27668486547887,887.4116672911515) 3
(978.6459576823152,820.2709572636372) 2
(687.9208559488671,730.5577596280639) 4
(156.83033949690306,904.4581961060499) 3
(860.029818055491,888.4906985795678) 8
(651.9803528944356,910.5619742836268) 2
(177.49679225941517,866.6169577005783) 6
(589.4183608260879,625.2262682672452) 9
(606.2082632256584,321.62905649576714) 2
(174.98896562757537,355.31542647603067) 1
(69.01678301072234,960.7962006053203) 1
(603.948222961786,375.9894221883915) 4
(204.93679546165765,347.9988469702675) 4
(594.5622839096754,432.53169751544795) 6
(236.47399364025833,467.96668596343414) 4
(590.6553369606569,784.4517641195489) 7
(648.1403735797107,499.6685847500411) 6
(439.4563498154903,537.567757646767) 4
(678.921466041821,621.7907865326727) 2
(275.698961313666,587.421216570528) 6
(786.2377103804006,49.21025426287884) 10
(387.77552875077316,729.9536649998477) 9
(67.39630559260512,372.2795426384333) 6
(123.06343366189809,4.284269781738459) 1
(393.29678383396595,741.0122610195332) 9
(346.62276568573856,239.6588785164664) 8
(531.0675768589258,676.5519530589528) 3
(816.309570452012,558.7310614910423) 4
(244.80113021436833,641.620688320571) 8
(573.4611088765957,997.1033299566778) 4
(119.37500878030194,818.9690889271333) 3
(403.8785395503161,535.8730501887507) 3
(414.7715295338048,360.2477912623385) 9
(894.0225310521014,823.6433398617055) 2
(224.0883613932916,393.9189932588174) 4
(139.01716498342077,338.10717752044485) 4
(86.11779962805599,516.07834165617) 1
(923.0045915513286,868.2190547514911) 9
(773.8253914017091,51.13262090243331) 5
(151.46367493887013,311.5816688287711) 3
(294.10036808163244,979.5368105070847) 7
(493.7385686506953,737.6865343686185) 1
(791.3638695578579,711.3932511107319) 5
(945.2812795062731,525.3695348779993) 10
(43.536387339787375,66.20156491883367) 4
(188.49978708598502,320.7233021686331) 10
(958.4625699990193,997.0694868875917) 5
(213.29444680321373,901.0480610159573) 5
(600.8035608211947,197.5818387515823) 9
(583.4908464649517,313.2782038615222) 7
(40.07748628525931,500.3426857693283) 10
(530.4068377044576,423.3398712892491) 8
(293.6632706533948,288.965167286941) 8
(59.458589008938965,989.843451020638) 6
(555.1919370846462,226.94412123652273) 5
(201.67639335829523,228.36292646258593) 3
(311.9857514123611,366.79811512416296) 6
(469.839283905384,472.77724732778137) 9
(585.3887350641862,941.6408405220989) 8
(268.70819560708156,102.07328190689657) 6
(529.8995678051632,413.11123924691196) 5
(529.8006550106855,766.1993910848898) 9
(938.6991722688667,749.4161739425501) 7
(946.1425022087686,63.66433873087396) 1
(176.15753133103297,587.6771159737305) 3
(750.5255947336609,191.04280554083076) 9
(697.9418165749748,107.32115466264757) 1
(613.9516184878762,515.9118482874205) 7
(744.9766275977967,900.6480710042931) 1
(961.8672444545654,73.64938732761405) 7
(952.0695567784494,106.87630785944802) 6
(135.1401149891932,51.73192973844909) 5
(989.4995560444388,362.16656700908953) 2
(397.3276750293552,537.0261477304146) 3
(702.2761248166596,947.0192367248676) 3
(407.25766743460656,810.9944106641539) 6
(982.8377761432378,831.9547791378333) 2
(416.4973477835091,822.8725478560493) 8
(117.35166751633186,613.6354581617961) 3
(245.9060041322537,902.871840740437) 8
(467.22611415303084,16.401154569875676) 4
(699.9858612249726,527.6842080532576) 6
(889.7837532032486,458.7025662006154) 6
(847.8088120595927,390.7119676219982) 3
(2.698210135974821,631.8925512305942) 10
(476.3862145212108,537.1757656447916) 5
(989.7305680781952,621.1667891482698) 2
(641.6896572294742,568.6976798733788) 7
(315.33810356304315,349.5135065147498) 3
(112.06739001473065,368.58327263522705) 6
(763.4472049678996,259.39662676578433) 2
(799.9060301272239,680.4110194694812) 5
(396.70775971351236,713.1430183973762) 9
(75.01147364758654,235.83829429460235) 4
(911.4781612251735,684.5350156574259) 9
(180.67174015554744,226.80488752986028) 2
(155.3261730613339,830.0033113434562) 6
(475.93853272814334,387.35045389711576) 5
(745.8431152838979,28.569195130964008) 10
(148.9331368136969,599.3038340761652) 8
(303.4561557058134,515.0079534865097) 2
(392.3668046134275,72.68968027211554) 6
(429.92492306566965,166.73688798698572) 1
(854.7313102119309,645.2306736249908) 3
(843.6680471243374,897.1721591657084) 7
(526.7391219863699,136.36732000191031) 4
(263.51219333026444,401.81985355026995) 9
(294.58482827874377,568.9643847824293) 9
(104.44066004221864,142.48498472580428) 7
(625.9903307389848,375.16290925058604) 9
(566.6231961989762,45.92316502306315) 10
(440.06702008186636,46.32024040384331) 7
(343.0671808277398,943.4097185341359) 3
(895.2190681046928,429.07293788693) 9
(167.72305762148076,105.65702770166729) 4
(69.9167672593104,327.5306461388161) 3
(610.0282319497936,604.0443425016349) 4
(395.3318559138747,557.5054783153845) 2
(822.0414879453897,940.4092053111256) 4
(149.0232009028064,318.4980020239407) 10
(631.1560770107426,872.7371279795178) 5
(922.0092948563633,109.35687596514188) 10
(144.3977192278776,234.0074766899638) 1
(162.72988499174767,627.8151203142123) 5
(990.4718458654484,214.24988833357594) 4
(435.69065318412413,45.407784736778645) 3
(954.5736414281756,434.4768188587107) 8
(228.74621687508977,96.02561700459444) 2
(837.6178427214495,927.5578570296403) 1
(264.2259434029014,166.8977498456107) 10
(998.4033060146743,984.1743539051304) 9
(30.367813757389506,667.5825319589944) 5
(243.4810931394691,937.6217371706432) 2
(548.5689109362245,812.88878703071) 9
(898.8065387238648,316.6562891775486) 6
(329.66895277931695,67.952106925805) 1
(782.6835950471672,234.5031618165514) 8
(174.3667508789075,731.2067520041036) 9
