1000 1000
10
(0,0)
23 80
300
(252.88181117261854,212.71330538041477) 8
(185.88745388582973,591.4944559391494) 8
(708.64565443741,167.6154835915725) 8
(120.50913365081183,123.3039981027011) 3
(613.7874883354652,352.86202015486845) 10
(146.0672812966155,991.7504730539466) 4
(869.2110931256433,337.812399211595) 10
(654.8416013470141,186.41420403270104) 5
(375.3575157005353,934.0278227414607) 8
(304.9172289194525,502.7195059455438) 3
(486.65695228214423,428.70896963025626) 2
(812.5507876411311,988.2773013296303) 7
(157.0770067036974,193.71051179464604) 1
(361.8625271781389,891.445661619994) 8
(563.5586103819126,424.7432319206891) 7
(807.4193698420846,824.3906935180212) 3
(184.0978791051344,61.61935078284031) 5
(153.79845643799916,275.2399959095004) 8
(669.1052457095305,236.24550909974963) 2
(543.7641234550247,110.16899433190986) 6
(964.0528914549726,854.4714255063545) 1
(218.2372597486707,422.63187215385557) 3
(514.6475686032195,933.3528995940579) 7
(303.00533544825817,386.136111000415) 6
(374.23188287437193,287.13197121377067) 10
(7.6115403336983745,624.0857061178685) 10
(239.17678288544974,413.3745656808565) 9
(577.0344412573814,956.4261603133152) 4
(429.54523192439484,950.2878981208327) 4
(514.1057793209161,468.8870566467337) 7
(628.921245346428,213.9967731934026) 8
(391.9652922238686,974.0364486856229) 5
(636.7927890554092,800.267508782415) 1
(169.6456282058949,9.750896793755626) 10
(434.61821639203345,99.97373789198538) 7
(787.5925141966926,155.10922574167964) 6
(334.3337580945207,240.7330177270046) 2
(863.0643161629216,70.71953879748428) 9
(879.0527740358923,135.21464868302724) 10
(573.0198555656376,506.7071167568823) 2
(156.92004308288088,500.67493005665295) 1
(279.59165311207244,558.4576398063555) 1
(832.884646185038,968.2858130189911) 2
(932.0826657658022,730.3760521247075) 6
(540.1590972314729,553.8298011771888) 9
(374.64911134329003,55.587330395619915) 2
(989.0457650572606,340.5775163725616) 10
(804.6256968516753,637.6866781724472) 2
(131.87635114638863,167.78256415809045) 1
(518.8050986004672,190.79450833435706) 6
(907.0514514832325,307.0980890632156) 7
(5.622525489569097,453.3413022431465) 4
(49.22913683639551,322.40567050228685) 10
(258.88350123437164,501.5835134650696) 8
(51.46348851422977,888.3357584339885) 6
(955.9577088904972,719.6951426886308) 6
(865.4383509642317,712.6465859669587) 9
(1.7903288434811815,412.24972130417814) 7
(356.28686500945383,694.9126160451376) 3
(619.533093707035,656.1533368899212) 3
(419.75875695493545,59.21179005755195) 7
(8.966788000288828,639.017415591427) 5
(898.0674186747669,736.3471788324808) 4
(231.37205118863778,847.2730686840614) 9
(80.24674165431311,402.56296473447605) 4
(903.5342827822991,235.51037040927625) 4
(833.2562541419832,0.8333767447619156) 5
(639.3392648461651,822.8901170495983) 9
(889.8668212285542,969.7670038752816) 4
(759.0877026925059,127.52307829815047) 4
(408.24092157632106,981.1490556807967) 5
(621.17004499721,663.004757172545) 1
(569.0213579023113,253.53656249106393) 5
(981.8837581612493,703.001495394807) 3
(480.0099350248369,954.5338738666866) 6
(61.43469641881361,828.2175869407478) 9
(476.9048475379312,663.954819952042) 10
(700.9129694877544,318.69874697519083) 4
(682.8259038530128,360.6999985602464) 3
(112.75906224083553,165.50558802429848) 3
(70.22200978948334,25.430434576503625) 2
(691.9191443711672,151.8894812855268) 7
(719.9859787253914,362.8344557475043) 3
(831.4190177863074,222.36802134179968) 2
(270.0015513013483,931.62876149947) 6
(92.85664801421322,739.7629669717912) 5
(783.8156688688518,546.1284338604127) 1
(472.5322149388053,496.05709261721074) 8
(328.8197055804969,230.645986820189) 7
(308.5163783940844,131.53708571663825) 6
(441.05839563551916,630.3922047942614) 4
(421.3804815823159,196.22310177218728) 1
(885.8742028102355,535.7121937487067) 2
(536.1973805926069,156.60438723651603) 4
(80.54759504770492,562.8944801626432) 3
(357.8106936777568,789.2000321400476) 5
(918.3511163859291,550.3478569952829) 10
(329.11491518082545,648.4169740890075) 4
(723.2191499525238,486.5725404066149) 10
(907.0985236435221,730.759396587183) 7
(463.1865913229137,713.6878556663763) 2
(66.33169235700731,943.1721698194833) 2
(168.11517402212718,597.5467629678143) 5
(864.1921544402198,354.2234757054213) 3
(555.9346772504899,131.28188290904598) 9
(481.7943048706503,429.8637431138235) 6
(50.79844057310223,325.20173095164427) 3
(397.59657221148257,976.6610153882077) 6
(651.9798284634653,148.33223467384838) 10
(417.15102065775,769.5737123422759) 1
(24.789464153857743,258.4566726551951) 4
(674.5291251751003,913.427537031901) 10
(29.241569716075833,585.6308927025333) 3
(455.4994751235768,765.255928847042) 4
(834.0747696252294,418.48339718491314) 2
(377.1490041147073,880.319938629378) 7
(312.44086467999745,622.8782249271255) 3
(576.4272788467811,783.835364789994) 4
(489.88059363215154,988.9418091695736) 7
(356.7928417442089,751.8509241683626) 8
(711.6741198278502,603.2480352123689) 7
(6.804571462709852,554.4120974563742) 8
(182.738957171803,670.8155458059424) 7
(50.71521263334833,957.1653342941197) 6
(102.59269243276192,997.0149302528432) 3
(763.6967987531701,439.37383804953043) 2
(510.66974344301997,470.7181762727165) 10
(823.8505521518484,177.9633670584545) 9
(233.71124688577248,947.3912197044605) 5
(911.0429831668512,25.95471235702762) 2
(402.5402673019051,782.7186847465621) 5
(914.1019354232352,83.93115125167616) 6
(700.372531315543,355.47358525076214) 3
(282.0752697024729,22.055265037545514) 7
(570.2899223224354,372.20433698845255) 3
(129.40918877868367,432.2727923098986) 10
(108.4746004196614,957.1040368715571) 4
(669.8022729690388,594.6163896930703) 7
(871.348870773662,465.5042543688277) 6
(949.7585555603993,19.18934860260024) 10
(869.844408976004,171.03951370388603) 3
(659.244856605086,657.7311528808173) 10
(685.3311905807403,141.2725108727131) 6
(110.01797385051759,40.47242753025371) 4
(239.06366836250348,92.30406400939518) 2
(370.9442366489747,174.8580152638646) 7
(873.5813830610819,666.8692076273203) 7
(243.972564460197,345.9264143589722) 4
(515.0687481701115,404.71206238172954) 8
(583.5425320115289,555.8560115420411) 4
(671.6706342808918,297.1052339511553) 2
(864.0779513080165,190.41981463122605) 10
(622.393232571338,83.59578505180387) 2
(672.4407951990601,151.1048717657747) 1
(911.4230841387098,493.55355721664586) 9
(424.86105138068666,415.822531821626) 7
(979.7534273126165,451.636387387873) 8
(509.34718830543846,471.24812964964116) 3
(273.8005989612705,193.74780514071256) 6
(920.2696533502275,626.9704184292237) 5
(75.2132315865366,112.48343174833386) 1
(476.73145673046247,245.6190203015659) 3
(122.27753944237318,570.4478249136279) 5
(471.6556945370352,307.96034300492516) 8
(539.5692863907241,301.93380486514843) 3
(83.8012204282651,762.6932063224135) 8
(798.9174748150061,781.2239979187835) 10
(617.9193870494645,658.8051940432333) 5
(923.8940857693059,496.91358611143545) 3
(163.18738713021764,418.14689459898057) 4
(151.19137866376252,668.5839457908758) 4
(624.9017691215902,925.1574803383513) 3
(771.6910149408169,879.4406064117397) 3
(191.87887162345885,789.7005639925762) 9
(430.1796621541336,549.4963089258656) 8
(776.393143893138,382.59335946041983) 9
(712.9318449588733,372.9296227685809) 5
(971.1602326310731,648.8054944768754) 9
(788.0056855630158,629.2682182418308) 1
(586.9299725216757,976.0360485327471) 2
(130.29021673821683,299.6105821968156) 2
(702.1802926482404,853.313831052968) 3
(328.1422962882513,923.768473328705) 7
(317.0833911393963,600.6947584865721) 5
(200.30593306811662,314.26544474641935) 6
(663.5423526894173,780.2683835739972) 5
(88.83742327990751,463.36686235205536) 1
(630.7165678292424,219.867654053582) 5
(343.7571039895758,963.9403549629243) 3
(830.9284226481702,851.2163008077465) 4
(187.02263964174603,74.24942000692936) 7
(116.45041679922585,969.1511581536038) 5
(486.2138095194183,758.1272436156796) 1
(406.16957491752794,816.6241447863466) 10
(931.3921618091633,388.7136628113057) 5
(85.84091729102727,793.3635967288088) 2
(277.08766673994046,705.6908726291636) 10
(335.57877290163583,227.22025811759795) 2
(117.17209258828053,848.0213991246954) 4
(308.6190517422568,146.15561053366378) 9
(904.33083417224,472.62091837760454) 7
(468.5652559806895,364.6849379258906) 8
(321.2071072873832,948.4852369993438) 8
(119.15429918965337,119.70535490223399) 1
(153.79285201022032,536.2721791146189) 6
(204.74913446944842,365.390164116263) 10
(989.8846979975594,676.7383097346246) 2
(502.0918436821825,264.9317992626006) 10
(208.40681388407523,979.5886092184633) 1
(634.5706620445984,86.44737524027212) 3
(187.90879526865945,481.91517639707473) 7
(594.1280715925894,372.14766218793096) 7
(385.27197143508454,355.22940512766434) 6
(635.0647912743361,698.499995983056) 7
(307.52395486990866,717.7765095165812) 2
(367.65670947968175,512.1373900042274) 10
(826.004885171759,878.0490973977837) 3
(911.0237642107986,260.70343206230274) 2
(535.0589122471883,222.44143326703247) 7
(855.9106669730367,877.4112756877112) 2
(356.18279623456436,56.63202982533144) 10
(877.0787644725923,909.4995195135177) 5
(13.294074421519086,5.79639227283002) 8
(141.3645256951237,53.8460573459828) 9
(498.869299623466,566.783355315515) 7
(956.8793082505794,635.5866566989997) 2
(2.939158815774112,492.15576898317295) 9
(212.63781716982433,516.3355690659527) 1
(634.1090779210961,195.0916756423443) 7
(685.8048410839197,56.35623191140549) 8
(170.90929120442178,765.5502295904627) 9
(859.4383233484107,145.56268211402988) 4
(593.0293375049031,463.6121940361368) 2
(829.2255250726057,692.0853238636837) 7
(294.6802501238317,743.1108074151425) 6
(942.5790837878126,138.92850460993932) 7
(938.4822960024545,769.7401634799606) 6
(312.6798282053336,22.998925179381068) 6
(275.7924648664024,53.562047645611564) 10
(604.9231024625799,784.5962010274827) 7
(179.64881907095454,529.0864075220519) 1
(264.06572492326507,914.9054039851377) 9
(243.57352531067,369.8165661240377) 4
(492.1747927325565,619.8845614430446) 2
(282.2946530836108,741.0006618389313) 5
(968.8930192281698,682.2319398978051) 5
(318.63805299643633,876.2359005636388) 1
(548.2798983600111,694.8800910121333) 9
(357.48347256739567,471.5812936726599) 4
(225.82870413914202,48.0106310657965) 2
(36.94946467001814,724.0476968299362) 7
(56.100799007782975,370.6878652548532) 4
(791.6587615451042,561.3267142591852) 7
(524.382785555491,795.5734269629187) 7
(39.55375916306858,698.3550314229947) 8
(970.9872628881465,595.4661625926501) 5
(830.5804420627584,876.4072012111079) 7
(918.8951832906931,268.0994594589685) 7
(178.46808031164306,351.9976463884582) 10
(77.27422060433176,242.90685710394456) 6
(304.6842300386633,405.3701877703861) 9
(737.4845915729277,406.4322701639653) 4
(404.88441164705404,583.855758518511) 5
(478.6444216656136,77.95193787971544) 4
(897.3646877665323,2.3054238187064646) 2
(43.55127074526066,64.49949734302096) 6
(517.4065044952622,98.50798032155905) 9
(566.17403697369,313.23585975163894) 9
(484.9658272504686,100.11166060009546) 8
(242.28815485624057,991.7279397957249) 9
(375.6576675163785,759.4906083779244) 5
(15.456787155908703,642.9499568165259) 7
(902.4554053844832,114.71701705315208) 5
(203.02890830031228,550.9350704918215) 4
(539.9012730979828,213.89541097517684) 2
(840.3823749996487,35.54892803872689) 8
(780.2413547589201,315.18901366945806) 9
(208.72184570299245,761.7131987873621) 7
(576.8083760446107,820.1354499830735) 9
(142.77950859636024,382.88037045801235) 9
(145.0534775073413,167.69285293321312) 4
(208.03646981649072,965.6548989579909) 4
(721.1968438329756,592.7332557403502) 1
(275.3232865289198,504.88359957785946) 6
(903.8411494778771,757.092930738145) 8
(368.6652902068509,187.40809601350762) 4
(297.5194366470767,466.3982358453433) 8
(320.6328085649799,523.0942730180988) 5
(348.6656666350647,372.60656238144463) 3
(327.8955592930962,992.0550237736661) 7
(121.83167821665353,50.25448614129247) 3
(559.4701775662178,267.8811842155372) 6
(594.5950090752372,143.3676463144613) 6
(984.9749029544208,508.47913314125583) 10
(876.0686814360781,60.68147331562423) 1
(542.3155481144111,417.2821509519239) 10
(399.4648738062071,981.9292958430806) 8
(38.27637792503846,193.09589858815247) 2
(633.7799733002897,321.71186473033674) 9
(568.1042850861428,322.67829786064084) 8
