1000 1000
10
(0,0)
23 80
300
(455.5296054106143,61.16805246162149) 3
(626.4010400919793,939.4255356421012) 2
(235.51306587019317,572.6461912836867) 7
(132.8671545834489,352.33316261634985) 8
(529.1742435620788,930.755013167248) 6
(50.994725788354515,979.2436736053755) 6
(592.861243007616,412.4406140439175) 3
(350.35997758608727,25.83299933613137) 8
(362.3665243453025,885.7849755252845) 10
(251.15778105616016,601.6646816278912) 7
(671.2463061656425,110.77036256900341) 7
(12.84008133885739,763.9995739943743) 8
(74.17042591343193,515.2335697381324) 10
(46.035140486204604,428.5304758159862) 2
(911.3928886059481,340.85526760692585) 10
(87.8370699180594,333.97978551997477) 7
(144.6804559618836,353.5002191930027) 8
(33.179425502719575,222.98391672018104) 9
(394.3237680770018,69.76479406936443) 6
(328.9979149472042,842.1250005119775) 1
(849.0132319905051,208.04090287613275) 10
(424.1035818285237,472.959090273823) 9
(639.8538262157633,441.5055118228942) 6
(617.3829594274938,934.6435501823141) 8
(255.9658770652994,166.38702967785412) 1
(106.42069417637778,465.52669261206256) 6
(751.7676593226329,220.72971978852007) 9
(781.228074312784,52.053555468017045) 10
(649.3923632799637,556.8852372230377) 10
(277.5308458379929,23.666587660897243) 10
(702.1331390349616,841.5910973184733) 3
(349.9937675645713,40.03768856907497) 4
(648.9931538851886,381.9435204504441) 5
(807.4164592439386,247.11900034190714) 10
(735.4236779698708,685.1773894469653) 8
(199.9293166285462,403.64456845344176) 7
(599.9687655631492,450.281556081335) 8
(551.8694497802327,74.03706132630283) 1
(492.6657395815743,217.71745178337488) 8
(793.1680130231271,981.0153729052062) 3
(234.22147832645913,769.9131459134298) 8
(477.25718175492904,891.9798191262042) 10
(637.1754667197174,4.543005867448935) 2
(482.77482941757,317.49409439119233) 8
(11.503877128398287,82.98435084575418) 6
(126.55638331139085,924.1577107305301) 2
(905.8241043955993,504.3817521149219) 5
(846.6177197911137,619.4711276840178) 8
(155.09668834929013,90.94213839993026) 7
(724.4990111261831,857.5010647627709) 2
(542.2209196511157,653.4616420987081) 4
(258.49162902320444,985.1585754778669) 6
(332.7337800990261,648.43251046812) 3
(142.09628840701305,729.9958412718706) 4
(180.4423997994161,160.89375488934698) 1
(895.2109114767305,247.8244904912429) 7
(20.342183850292074,473.25238132249194) 4
(302.2182321333734,48.478653368903665) 2
(398.5057922589904,739.0600283338276) 8
(625.3290193288334,130.03023856112583) 6
(376.16228476907787,763.3519498206738) 1
(807.0615764922209,226.62321096069115) 1
(834.1370317324487,868.117108372149) 8
(753.3889010836484,841.44924097843) 8
(115.49354199588868,747.4537041776088) 6
(83.60376537470981,551.5721223914477) 10
(280.4850282931569,839.7949856610522) 5
(977.250949307645,535.4405950431817) 8
(760.3407096950131,240.94879990332996) 10
(424.00430722759285,146.90215764560688) 10
(379.2551317734415,336.47940752530127) 9
(326.4684980991166,653.1441187125637) 1
(320.8764135451998,578.5224724631765) 2
(156.0055269983307,540.4204659118285) 8
(553.2647054788707,192.73021454698346) 10
(435.67734867947394,615.4974824401194) 9
(132.21107499689043,906.7701190646569) 5
(266.37371194108516,968.1331435294331) 4
(124.67112576835926,351.77227516086253) 4
(42.206788714995284,136.87174322307416) 7
(756.2402556966165,150.2789379115995) 3
(199.57287123344824,844.2943911901722) 8
(700.7344408726616,745.9701224174555) 10
(158.7474719632358,996.6150044397584) 2
(447.94340010481335,270.96568054624584) 10
(150.751213646375,740.7343037971809) 1
(95.44918719571871,434.24274405932607) 9
(98.40705109739878,631.3432104228107) 10
(640.0345254695224,745.4375102250777) 4
(188.52417504895303,131.71520608104692) 1
(950.2445523294978,760.3299472991356) 8
(776.4794449613541,494.70092532856904) 6
(383.9076427690227,32.69634180599257) 8
(734.202619296872,634.7364292998733) 3
(767.3601387249851,747.2146573459842) 1
(463.01040096456427,527.564081454941) 4
(477.92451559365736,528.5139739168845) 3
(301.16849501952504,737.9124328807982) 6
(667.4034332965692,356.6245774705672) 6
(509.397441199825,420.45539924844786) 4
(436.31890854787935,36.838217528799454) 9
(944.900787668382,628.5420776417783) 5
(572.130354017469,886.139007078687) 2
(892.5269929595293,584.0417104283985) 3
(390.1401783199865,230.10146769738415) 7
(424.1446224581109,799.2651212531765) 8
(84.36694002560574,194.28724280611453) 7
(154.13309562213772,306.1393821076385) 8
(509.61197022341145,351.22514953370666) 7
(799.4346949599942,192.26222661965718) 5
(71.68043906803744,422.1581566641912) 9
(74.7844125424968,69.0434586635431) 7
(663.8811989808476,157.94704865852373) 8
(791.6088774082288,100.43436391185745) 5
(373.3410762506111,218.0015489365691) 9
(49.21437193950429,502.1605199863647) 2
(783.7487352852199,507.9926754650584) 6
(486.56312802407456,302.33169900662483) 8
(7.140199831822347,121.40468493308154) 2
(503.22027852417386,734.3322761704421) 1
(359.7265498640685,724.9852013604735) 5
(165.81507267937755,120.41706905817817) 10
(744.3863757632029,856.5944348443935) 6
(810.7293725278012,896.9935096933588) 7
(630.4600759552852,668.4485319602674) 9
(226.7892249801523,635.7154032001561) 5
(640.3846752834489,523.521399662009) 1
(190.87660715787536,72.17472668872959) 3
(774.7228702377446,779.7169599715653) 4
(938.2876339298218,758.5718015430771) 8
(894.2051813130605,544.463292131959) 1
(112.9075129855317,345.3689918083176) 4
(299.9855056536915,480.462963914094) 2
(814.9297127423528,961.7302030505903) 9
(132.8052377239577,261.59083255886895) 7
(691.5745102444154,85.2560846255631) 4
(907.395696863859,122.74401542742308) 1
(372.854069588036,236.5322951249571) 10
(719.7590679586137,215.61794814550672) 3
(505.01165080592693,953.1820565717998) 7
(847.4586478558248,849.3832997235952) 8
(249.19820985989205,388.1167022382458) 8
(639.3064151671234,568.7740764571646) 2
(354.83894831423703,52.777224408474325) 2
(477.38420365562285,631.3116535225444) 6
(580.4467746236575,569.7365805051512) 3
(954.3894608852268,807.9114519511049) 3
(756.0340181201384,382.7285770089011) 1
(161.83207432295566,714.3696233007465) 9
(32.46404252007107,73.95454466161966) 2
(181.53082703877854,305.0153348951298) 5
(65.12715391125879,549.168659614352) 9
(50.05374405147178,892.4805282392355) 10
(359.03279052704795,446.5621346421959) 5
(658.3598552695186,14.655557885333458) 10
(665.4492118867145,542.289595780486) 10
(484.1273030433,731.1481776058318) 8
(462.34269612131664,198.1167358188123) 4
(562.7750005969863,983.71501679524) 10
(991.7677609451957,577.093433228802) 6
(741.5747096987604,715.0266309011141) 7
(355.10729615736193,357.502470112709) 8
(833.6948533651804,317.0069352506739) 10
(889.3177238958741,764.3761473328115) 4
(504.2545395950737,948.148588736344) 4
(991.2213201790269,925.6377276480649) 1
(560.7557900827767,605.042931504412) 2
(679.069873100218,60.989389948290395) 10
(732.5035491901322,995.3180433326186) 6
(853.6254804416471,770.7650793406747) 2
(561.4496301695551,912.1922364680137) 9
(155.5900124152251,569.5041012799833) 9
(872.881363868079,184.45169771686676) 4
(34.434187148229434,443.83528847223585) 9
(534.7010566194853,839.6872123122007) 10
(993.0332237654895,798.645996096494) 9
(514.596571724737,207.70667567068568) 6
(289.15449420406844,777.8746828711384) 1
(170.688543444657,355.8017719729405) 7
(821.7689727394026,22.332943066843857) 10
(202.07559806362275,486.72836621504666) 6
(109.36883467084313,565.3913737779822) 6
(413.308659810943,937.8266155283202) 4
(196.74484292885396,850.1026004373618) 3
(871.9203670618574,482.95929038496257) 7
(128.62577007581987,632.5428152977845) 3
(171.5654844578336,688.9759550004668) 9
(105.7559151402947,503.2842819945458) 8
(235.54479084766066,968.2216871616181) 8
(579.4435154566207,656.3836579058968) 6
(270.31395366067676,47.76904944397997) 2
(465.11153663387574,325.66445735070005) 9
(537.0589379197803,685.961243238793) 7
(375.5774808018226,810.9995850454522) 1
(633.3297368069148,319.93308338817417) 10
(99.48964546658756,243.01797919606938) 7
(34.59555967969274,515.619364940781) 4
(789.7702550758441,240.26677149568144) 4
(993.0552299070279,518.4625590042565) 2
(564.6017615331583,227.8230368671119) 2
(441.38694539305146,130.89043348184248) 9
(437.98903596624206,863.7131196497213) 2
(719.3299500613937,64.33903431640154) 2
(114.02390477165014,504.77886675162597) 1
(530.3618972299857,50.812436337353105) 4
(200.1758707754655,836.5090381176395) 6
(191.15247272477177,833.6600037381453) 1
(942.3497650153068,342.27612901118374) 5
(754.6514508390876,904.0924574777383) 10
(695.7546990745027,529.4708947050264) 1
(601.1550196942007,337.91502464949974) 4
(801.4991306433645,75.20737371027097) 9
(848.2461248964264,617.4404081590765) 8
(966.3522237088667,590.6224516886641) 3
(290.3453559848356,182.99931312229234) 8
(726.642067283271,312.2360562685843) 1
(917.1688358778946,593.4168225316298) 3
(66.66986806500663,681.8356212134421) 3
(355.84391403466566,620.7979441764917) 4
(748.8124471060557,166.02536760941712) 3
(688.7723371739602,274.92810979695736) 10
(240.1643315163866,707.3339865983518) 10
(523.7352159956513,493.81573391256285) 8
(359.56509400087623,874.3594971105643) 10
(157.7777634057822,262.9872435428169) 3
(425.8001522398902,817.6048351583394) 3
(983.0794234844693,463.06051914659764) 10
(556.6608370530234,990.1952788057965) 2
(731.6331377683498,395.1781824144165) 5
(200.27551697938972,300.5724053065014) 1
(370.2925487683142,740.8390033827106) 2
(908.2929898325375,909.3915779112353) 9
(607.7584714141817,445.142616238055) 1
(209.0618960548879,843.7190037468052) 6
(627.1566834166912,4.354878150798602) 5
(638.9298460862799,436.04237095608465) 2
(694.1469033578487,56.67647452413027) 10
(285.0431185424167,476.99325508361756) 6
(682.8548368776596,856.9881608744264) 4
(149.02582252765862,645.5966336635934) 3
(899.5504080579011,305.4589870239476) 4
(890.1245554825932,623.8261360540121) 7
(624.7007839191735,958.8570078478613) 5
(810.4531505765748,306.39509643824306) 4
(912.236447103622,439.29250416384247) 4
(45.026636750923885,271.25332585285975) 5
(301.26132971019905,222.2884431586416) 2
(965.6016846530014,593.942154021219) 8
(561.1271850252377,366.7320022916062) 9
(11.727733850632305,205.65903119965023) 6
(794.5138151023706,258.92358599467246) 5
(953.7483932795475,514.7397903863952) 8
(263.54593179815913,331.4621151416434) 5
(223.90510342538295,857.4473800532016) 4
(183.99451585090242,989.841827917763) 6
(957.9284763359526,171.81928786106104) 1
(698.0078908680518,754.1046120425095) 3
(418.21525905711945,300.7222483510702) 10
(263.11382347774304,157.28805750257246) 3
(851.6244825640972,217.83400273724595) 9
(529.3015802684423,310.8459608120583) 4
(71.8508978255471,239.66246582001972) 5
(869.7656861914546,652.9847505626598) 10
(223.25513357239478,976.4635255146234) 7
(729.598199993739,805.7463855722821) 6
(148.3813437022714,493.0360480616577) 4
(133.85322145942902,94.19443120985582) 10
(217.27449146196943,137.05192494748687) 6
(455.61085934163145,943.4131730057971) 8
(423.3936889813619,700.7050193698856) 1
(117.05220224502978,668.3185193411285) 6
(75.41822014495759,692.7502414487952) 4
(428.9093769921666,699.0552002802553) 6
(599.4725484911753,898.1766553908459) 6
(768.1575897033077,859.0000452743814) 10
(264.58284129996946,613.9310974663325) 2
(864.2602772809726,830.6358838578569) 2
(392.53118843365297,463.4532479492811) 1
(97.46206215239583,208.19386061060118) 8
(680.4672663654378,243.3421325444427) 1
(376.5911976515548,581.0244302872322) 4
(626.9367220611244,99.46450167741017) 6
(375.69198396591753,200.61880420727374) 8
(999.0701723868413,458.78814856904427) 7
(907.1761736076184,828.4405859657646) 5
(443.4738649950688,953.9610882232124) 6
(486.9308648062104,597.586230065708) 1
(537.4793039615871,542.8583071392384) 1
(942.5512387908957,325.8142988758116) 8
(761.7817334879869,525.9853304621892) 7
(860.7305937602556,396.8443286056311) 9
(556.3517198921537,156.57103053299082) 2
(247.98916189330035,459.345893570106) 5
(437.0601942577864,33.73334428352659) 10
(679.5383843242703,242.23239228137493) 5
(363.2508919547984,981.2599360656121) 1
(921.7882123041294,651.8833119874033) 10
(290.73643498612347,823.8992195466228) 2
(502.45119492354274,309.88192336082597) 1
(209.80158888377488,905.6916941140943) 5
