1000 1000
10
(0,0)
23 80
300
(969.0028261716841,122.10717902070122) 6
(592.5884009209261,444.0376656635061) 7
(257.40729018012655,96.7267695921159) 1
(641.1078477672253,248.9766065739808) 7
(17.927648793950812,462.2056992196335) 1
(773.1488587154856,320.7718711815225) 6
(375.28960049587215,349.43579074522245) 10
(360.8275912353468,40.90966722641964) 6
(673.5136706750707,479.2940584224694) 9
(46.113998148082814,147.14956742424167) 10
(16.272489372463504,529.3336234705064) 4
(290.42782841601,570.6655028459694) 6
(688.8711551223923,243.8297807893043) 6
(912.6072899614331,835.1205973932933) 7
(820.969536173307,818.2877356531169) 7
(807.9691620218533,780.344718049671) 8
(689.0233484033646,981.3349363809602) 5
(735.8104756448122,612.5351605589544) 5
(172.7073215364877,738.3579782870971) 6
(954.3666988552218,955.2255691002815) 2
(574.4988891487516,846.9259782401606) 3
(269.09738696396266,684.3616117955626) 4
(641.6569075939246,667.209490284368) 5
(693.712004503365,486.4029480526983) 1
(734.0614203451703,357.89756191255) 5
(127.62194716638386,89.02895063965532) 7
(605.9298708643727,913.1492667432592) 10
(250.18240686704553,512.7929403208258) 2
(22.532250077713755,728.1180824585717) 2
(992.9780571921235,910.9316590024165) 2
(234.91015962559203,318.2015696685305) 7
(883.6825632282189,653.9693647545498) 7
(425.8777151596066,178.76821551384603) 4
(876.5963759899126,83.00157694231314) 8
(234.9957768551697,339.5598351750162) 2
(976.704702202954,607.0600221732321) 4
(644.8006280578321,472.42531801313936) 9
(760.3576938723752,235.83726094338064) 7
(122.69795628425051,738.053905422418) 8
(681.3813407613694,263.7502066288845) 3
(939.6486333251785,312.8523764865053) 5
(533.4812780193123,131.05292592684748) 10
(389.8385791890584,328.8684133727043) 8
(432.8628835821443,500.7729406034688) 3
(357.8555780524455,234.83455059930014) 2
(180.12087689508084,407.041333392112) 4
(206.94333859568903,588.5167239232258) 5
(779.8290380689967,982.8944807963998) 10
(228.21135972503959,457.36819796101) 7
(991.6963973766539,769.9022901524545) 9
(146.4516132605912,805.3474144014) 6
(64.52797119022303,87.10450145873571) 6
(351.1322789472331,42.84625402384346) 7
(317.9298833217772,483.41989110714457) 9
(417.4510327996139,644.4252477503002) 8
(876.8250390380936,676.2583949116851) 2
(17.304531902190057,314.82691790680104) 2
(338.2088614308212,221.38348721811917) 4
(131.70252274910453,268.2987993731085) 8
(692.7877799081048,799.0094045462135) 5
(631.641074092161,975.7751771731714) 4
(93.1071560868182,274.8936790179504) 4
(671.1250812229482,661.9710034058552) 7
(530.429320334155,526.3876066322108) 3
(987.7547168902191,932.6828263394005) 4
(483.9369404241759,809.7953259347856) 1
(225.2222996816049,262.01912650932513) 5
(878.0290864134715,178.6384724652661) 9
(233.91708866889226,110.5907189110481) 3
(788.9729758521474,399.5405109694817) 6
(512.1317978029739,423.6971751559584) 4
(482.5934030121343,225.61841674698314) 4
(72.90788409584836,93.59336081913594) 4
(88.2755205019351,605.3296687054924) 7
(826.7926741722328,534.7961494462403) 10
(589.8744368148423,201.16309892147189) 8
(783.756862602396,561.1686623160233) 4
(857.4740218886627,326.8699247039365) 6
(596.8054030034784,851.0018883673446) 1
(562.193077250922,504.3970766973852) 10
(679.0712709964134,923.4668894362503) 8
(629.5006143265641,518.2848704084877) 2
(898.8507257855983,475.1923292379442) 2
(71.5115427379378,568.8808997627426) 7
(352.5021935555658,385.204930677343) 2
(846.9639149862411,398.7306049081216) 1
(661.5257500494041,600.8680286767064) 5
(233.41167040340872,222.57854555009226) 3
(617.5410097986058,112.11481674805512) 3
(27.310944579430284,530.3383368184751) 2
(416.50394820385105,320.03292182993295) 10
(560.6185106837494,383.6552964320823) 7
(425.6640628180048,466.5148517780208) 2
(862.5200940602684,215.676143342876) 4
(85.26520975503315,230.06746564469736) 3
(876.0471396046228,423.83230761830384) 7
(185.0555170218624,399.85845139749534) 6
(401.62155788137477,234.7172794866268) 3
(169.26990725603187,17.38335260283086) 2
(703.3434051578968,506.57251120145196) 10
(150.88393146445077,862.7813750666876) 9
(427.91264269102845,499.5089752389552) 6
(408.9809114200732,81.06764074474215) 7
(302.33732959343007,449.2590297145505) 7
(665.1180174704605,613.4620083372379) 4
(975.96418541882,229.43718230041) 7
(868.4810457728494,927.8664840810038) 10
(415.9312999694064,481.03132741579657) 7
(529.9676552363205,958.2115805565112) 5
(369.48304058010007,71.64789634074964) 1
(225.01600544373545,83.40512890644148) 6
(311.7748844130759,828.3600014896672) 10
(330.772835975362,905.9061333252712) 10
(393.34353676658,804.8289976103889) 9
(193.14727863125424,27.411956322084265) 2
(18.685408802567196,45.21286436201599) 3
(887.5223401390261,873.2466232213436) 2
(4.365264344318054,659.2449106383801) 6
(181.51818271879904,234.92100320119457) 9
(947.419131275342,212.66300945405382) 4
(937.9775077459863,719.0765051671874) 5
(898.5943119542114,597.0260440493183) 1
(946.368232397857,977.5074363660993) 10
(361.8528929140874,824.7827787098587) 6
(261.1976364351255,874.6743922706055) 1
(347.71747869337554,79.10716693386665) 4
(813.5559482319281,305.959386852087) 2
(280.8408759572504,803.4897041587236) 1
(277.0986026310971,41.8652976937407) 6
(753.0390315659583,868.4944351354312) 6
(616.9990632573342,999.7897567229812) 9
(687.0914410329879,66.63773047524302) 10
(826.4124018859374,423.27725491385405) 7
(723.570029707368,371.4668030686199) 10
(963.9549636049184,428.34232643119594) 8
(967.9010255452046,215.37300835816976) 7
(904.6014555469937,524.0722896384148) 1
(120.92306144276887,688.1744238687007) 3
(447.1477422318776,481.3333677499454) 6
(133.04383219299422,767.2361224435026) 6
(571.0273925851363,544.1090163054442) 6
(884.1803767937139,591.2440751816556) 1
(515.2721592750005,796.216709539378) 2
(92.99002963789505,717.7965108882007) 7
(693.3865516124404,85.46252463894565) 4
(446.669733431166,27.36653620549867) 7
(342.6416006062376,880.8023196950229) 9
(115.05316663095444,849.3608281670869) 6
(897.6891412755888,337.7297238591599) 4
(316.07753353894987,452.02401256822) 5
(0.6163063963462445,709.074576458306) 10
(946.2809022421202,145.84412822441251) 9
(602.9596494466884,660.056269865787) 2
(478.00727933529487,792.9375081843256) 9
(965.7386589465069,358.5518727692191) 10
(631.9187527196797,471.39270830151014) 6
(376.7352034432223,129.35996042763688) 8
(372.88725778926704,112.24802038072778) 2
(629.6672810360657,495.38409340839905) 10
(147.25410465428303,72.56106125148753) 9
(371.5360143312868,683.8573316899381) 7
(826.0480855269794,612.6687527072979) 3
(224.09786673320642,317.5391181186832) 1
(325.0969175312746,43.14823571251403) 9
(294.71618617833605,295.6522138951043) 7
(56.14664550217219,744.322218008785) 3
(150.204525601205,594.5276950746941) 6
(60.426619078236655,365.754100555288) 10
(775.5674941756625,52.07574297451212) 4
(902.919845215375,413.47955564766295) 5
(673.7597480215566,737.9936810515759) 3
(752.1283312238376,62.152865135977954) 10
(111.76575117910437,451.17092079654554) 3
(694.6528700719626,16.839079256918076) 3
(458.72039159041447,272.28438146436264) 1
(729.4264199776121,16.03698527591524) 3
(43.94006200177169,815.408628432902) 6
(683.0091989687385,788.3993102335583) 5
(214.68829380081112,965.5505952258133) 5
(989.8640359410074,170.0847876903996) 7
(430.1806558999663,5.529925963637883) 4
(738.9045186762487,785.5718825726608) 10
(960.3177361023512,990.5269526119665) 4
(639.5301775543329,195.7473753537955) 2
(815.1188488731698,783.4867109969479) 10
(210.26816625095825,323.3496636687382) 2
(459.69103902535977,166.7415859289193) 7
(108.29904231996291,22.767974621229815) 6
(856.7607723147631,409.3500492781855) 4
(610.6690254065597,143.42242795466575) 8
(378.45701281654743,618.7564674765845) 5
(976.906536704589,110.75199876354824) 1
(539.1648001126106,10.500519326005708) 7
(355.2076755609146,41.66465665183405) 6
(218.06189481620774,311.03365471174203) 9
(658.8077529033909,68.80151852698945) 2
(610.0116154573807,649.7756874922793) 10
(231.32158794460798,722.3451437535797) 10
(576.3583268852929,457.2717802214195) 5
(298.1838729467384,568.1414235334415) 6
(543.4243545217569,180.28579955060587) 5
(422.2235362690312,869.6523404867368) 8
(620.8195515258276,157.62372768214573) 9
(402.837479150014,823.5872058708906) 1
(156.07783507478868,827.0407474552262) 1
(198.4716456540414,695.3760321622323) 1
(213.75541326991166,376.47952428850505) 10
(793.0206350754104,900.6735023779418) 10
(835.2814919804885,635.9643523198071) 6
(589.875806224934,795.9014230028074) 5
(707.1967355365676,915.1533915933286) 2
(536.6981765624098,752.7458046683179) 7
(443.60194032613765,41.86545350897741) 1
(262.68067279615195,815.8032290607978) 5
(120.89328695819157,43.290964572935245) 7
(73.69236852236038,563.5368514050633) 2
(989.8548143978018,304.49007664170324) 2
(267.12294218765777,761.616041035534) 3
(733.0890749778604,58.25234367538823) 1
(936.928877690673,792.5952147875911) 2
(442.86896401920626,19.660856524991168) 3
(716.6277178409267,536.3831683283621) 8
(881.0412950935274,82.44023264921519) 7
(567.874594064821,830.8645844856953) 9
(321.4760450251165,239.29338156127355) 4
(50.72320532984509,435.1195055901145) 8
(279.98282326526004,895.1043615373192) 5
(840.4233189338609,18.954858503765436) 3
(384.2563843675175,89.48250883009057) 3
(161.42137541957712,895.3937223664341) 7
(319.2113754725764,328.0883854873934) 1
(507.85031611335205,317.5387420319149) 3
(96.42399477044394,180.8203287200757) 9
(816.1181789249838,726.6410539158146) 8
(445.8019000585597,64.16153260018753) 7
(413.54784508454935,615.1661198582899) 3
(810.9701153262678,748.815615464239) 1
(411.20164390699045,454.8884977619113) 2
(407.58775157372054,746.3976430529949) 5
(732.7771003980673,493.1274338570445) 1
(871.6478407443666,610.7696165728487) 3
(308.1689862339101,896.7878991611766) 9
(910.519825311576,36.242747301349134) 2
(221.4708928072634,115.3933127833825) 8
(992.4162804512333,468.32684894975927) 5
(472.3628218907495,644.2519246944657) 2
(812.8058199708732,402.1319644455167) 2
(779.5591973686155,359.61672163438897) 8
(961.1751905144571,609.1619182492117) 7
(828.6858274123849,430.4979282679432) 3
(119.76475333186876,804.2212326928948) 2
(984.4258776887941,932.5179919254379) 6
(362.84835415147734,112.38983875115626) 8
(296.9549619452755,189.92689034358068) 6
(938.0055036545368,984.2591588033791) 3
(885.8333040087311,0.5495843778071663) 1
(323.9172837512834,727.0734794387319) 1
(902.581000205048,197.5371791262327) 3
(635.2027087761063,628.8482487076909) 4
(197.1542872688472,174.9645629493105) 3
(219.57500101778894,727.69103860817) 6
(828.6805536350357,897.7027861874376) 1
(519.6592611737209,879.1350781882711) 9
(699.0252759682754,273.3030401980965) 7
(490.1701635191482,376.7857574278303) 9
(795.5297653167457,967.0026230511842) 6
(482.5877135227675,416.4074401263963) 7
(904.1634879675189,66.89507207524758) 3
(219.31782119190356,64.88936765812325) 9
(205.75125152035477,470.274389131258) 6
(801.7756475519305,669.0128002636231) 5
(391.61671374665883,624.2745033613076) 5
(788.421221577623,565.7744160562528) 3
(916.881230617387,965.5822025728295) 9
(493.9255724632148,8.85740137269131) 8
(720.0634530224728,135.26148050863918) 5
(160.41732780292085,792.2880888688186) 6
(301.1384735355991,220.5657081417104) 3
(455.0249454354009,501.3133179097027) 8
(184.67574319089752,630.1922107181077) 3
(716.9320078042946,187.79935930968705) 9
(354.1307269316656,565.2037295636986) 3
(317.8565422018895,921.3004951424308) 1
(649.5495656232735,789.1672686755521) 2
(819.5945994476112,963.6137401020133) 8
(433.48318558854317,56.16429119885247) 10
(291.57012070502054,114.09269357960106) 4
(641.7750916022292,982.045328232084) 3
(697.0897357748642,816.6485115864167) 9
(510.9591653559442,323.8188270684669) 7
(953.4088873940634,895.4561507066177) 5
(667.5450473104113,653.4556258658141) 9
(212.865280918775,793.901363174038) 9
(213.07650582066995,932.9158479898216) 7
(683.0901999063261,602.826621520452) 5
(216.83015226374093,382.0365704708939) 5
(83.81442541861051,26.449182617067745) 10
(775.2742705517325,447.8151696924515) 3
(599.5277397684098,336.2686876401121) 7
(172.8851726186318,845.6873283564601) 9
