1000 1000
10
(0,0)
23 80
300
(312.61057218510433,520.9073467474127) 5
(276.1693710124247,715.5694829806505) 5
(887.9313277074914,118.73406301286626) 6
(665.6789011452751,808.1080708698402) 1
(921.6206988840061,226.91383311951685) 4
(17.80489253722517,576.5750313996624) 4
(745.4595513103422,950.5566936522686) 7
(808.806355324369,730.4356805356247) 7
(556.0119305289832,595.6204940001936) 6
(415.0940245584156,131.5779511391746) 4
(402.986971845801,893.8145934000894) 4
(81.2250976604314,651.151927870688) 6
(167.3166061390893,60.644325907443616) 7
(364.96455079927904,173.5074236311468) 5
(809.9502045253075,893.0593910390774) 3
(172.32737048295976,733.9836373566714) 5
(762.1964514192688,434.3223850165261) 7
(538.909858325352,9.775963446717606) 7
(638.594055724485,591.2358948608656) 7
(955.0046066006623,18.74697381107515) 7
(102.0539562796734,845.1217691021621) 8
(752.0952141177793,890.7470511083702) 3
(1.8784162720039133,758.7391049191546) 8
(341.3122907732037,137.7196025578743) 7
(685.6767442337344,365.6257054878045) 2
(18.27226999335485,578.9018328802167) 9
(867.0817992225831,871.952230591396) 3
(30.362877314709436,96.45135317773779) 6
(297.6429132355594,114.29932096549844) 8
(476.34871423156255,562.5913598266686) 9
(612.5682572490915,525.279237969911) 5
(266.48274658800386,929.5983231383038) 10
(480.07381964982324,470.27043679252387) 9
(293.00626899858395,127.6190720900684) 1
(381.1715390655196,625.5674169070502) 10
(991.9063045388147,17.669615173284914) 8
(738.5056972492142,392.9560564396811) 6
(50.93049998314747,690.543242341706) 6
(564.3582388327779,981.6711856771352) 2
(899.9260506951919,289.9027631024786) 8
(71.67106947882296,568.0602873098785) 3
(426.9447395472832,235.84156175660885) 10
(934.6348668753539,64.5190596552765) 9
(427.26533350562215,309.8689638603821) 8
(661.4722252965287,226.4973964910063) 7
(611.9743995965908,865.2013211935417) 2
(172.79625635054418,249.85356353113553) 3
(495.5239902081718,73.12523394863624) 9
(286.57816825790627,554.5479731415097) 3
(857.1790441414104,582.9962932719346) 5
(361.711761471337,694.3592942776814) 8
(131.06945368011225,375.2821366352985) 10
(975.2070254775092,949.945427890189) 1
(752.0490893785383,272.7390349676814) 2
(605.6642067205099,852.1655338109383) 7
(540.0215962229231,542.458199800815) 4
(759.0067052281241,14.213982295901651) 3
(337.1853655871301,566.725167939408) 4
(527.0268110513736,207.04605637556406) 6
(710.8572540130874,487.8584423537212) 8
(26.338341492761153,890.8004696811258) 6
(764.8817873434058,581.5180398502026) 3
(776.4919931513646,835.5447438326505) 10
(543.4231611417989,50.78648892589288) 6
(450.2377684470228,598.9304074479721) 7
(725.4031224870846,900.3193279999343) 8
(959.0656338383188,886.7894258562014) 2
(257.18235796648037,87.07786864800593) 3
(674.1008153367426,866.7495315381842) 10
(382.35956195571174,792.8582084698836) 3
(300.6971488065132,970.7120482414277) 1
(183.43842642844345,782.8645004305465) 1
(864.8398607227458,852.6405448517489) 2
(68.6476492788084,746.6111215362959) 6
(172.48067866105032,479.2241650391679) 1
(103.21306674292052,793.3451138299216) 9
(961.5008335860491,596.7951746293535) 10
(986.8578529925599,66.83475743042244) 8
(243.30347043124578,382.8957460715895) 1
(814.6973755224492,587.0841888654624) 5
(9.681111563324961,588.4251705950674) 6
(893.0790540911389,406.31271858641395) 3
(520.062850913892,715.2292125635119) 9
(203.83329031573183,649.2899151515244) 5
(321.72846980841797,72.72464533790712) 4
(659.2485794854805,331.29867897585854) 6
(826.5775045069199,945.5081198279208) 7
(498.22407348314965,836.4373161943275) 9
(561.4507441917145,481.0224277641135) 6
(199.72054371530967,126.50863944528712) 7
(91.10856795821664,78.84690973893194) 10
(913.9383078063022,883.3295573539608) 8
(233.28004452888806,426.0674766399568) 10
(209.16541571930847,628.670803818464) 9
(765.1995003101301,84.32411086925617) 9
(195.336817997237,217.40619564954866) 5
(471.1651851711405,333.0613046505621) 8
(130.33436395081966,636.6998008112176) 3
(253.8639657313798,413.83127891298966) 7
(182.08789347379218,464.20926304284114) 1
(777.4682239657246,129.43283832466378) 2
(409.16192248829776,572.1295070095961) 8
(605.7656367579615,98.02860800218593) 8
(968.589038954329,23.693818389042498) 2
(83.00828416124605,57.78673121922972) 6
(85.7490033706293,142.48022499583425) 5
(463.9921160491953,712.3653086080119) 1
(685.3404282783682,968.7701193918492) 8
(145.36271999294394,983.8517224951667) 2
(911.4789804106473,253.06412756753028) 6
(731.5058584239965,894.0621465723219) 9
(988.823595201196,454.36556194096136) 1
(446.7730714252559,951.0204556416537) 3
(408.78267496274026,629.3209889801036) 7
(240.17180188961052,301.15065357467785) 10
(385.6174194584172,494.1531913788982) 2
(423.87984461872054,27.182986901933106) 5
(349.9959839668697,413.0596266298395) 8
(452.335662856166,919.7669537201818) 9
(35.256121310610176,503.4271364911501) 7
(385.8756636295142,392.54974176842137) 1
(671.9963785630349,568.6910152139535) 1
(565.2539687987198,120.50991255122034) 9
(955.0635197821581,265.6310481561365) 6
(788.913538407414,399.9701125424031) 2
(736.9384156734792,429.8525415162986) 5
(884.934702888463,586.5262718804983) 5
(281.83917253773274,288.71561224862876) 6
(490.8664984733412,476.0088917694146) 10
(379.6341976324992,18.664760053929808) 2
(773.3504164550542,212.31167874381518) 2
(518.3638071837623,265.72643854859547) 1
(907.201214587809,505.07334720006423) 4
(742.6122618106251,606.8793599926903) 9
(195.80222221512201,425.65642458578924) 3
(385.9113132488889,341.75872342458604) 9
(911.2627715725754,173.9573481433111) 10
(551.9789740512905,119.17729881786332) 9
(227.4903751745938,171.50846327077264) 3
(469.76963315108964,64.85888327591405) 8
(320.21465421717744,532.8618603812174) 8
(407.28126066482173,224.87316231403065) 8
(882.4781536714205,141.55042660193473) 1
(887.5370586361969,391.10478361158374) 8
(456.52782785148884,542.3067148423495) 9
(845.5383193017122,493.0305242941706) 3
(409.79853608091145,170.64697337382628) 1
(807.1509572605569,982.0125499830915) 4
(124.04678100886824,401.659404735379) 3
(444.33609355195256,370.0055733990872) 4
(615.4241047834897,733.4759640893257) 9
(492.2434698497109,658.8262452926555) 7
(329.81039494954445,697.3035951101245) 7
(455.0916541595175,644.9356478854676) 2
(715.9793363157121,65.41184084410656) 8
(269.2539412700171,651.3324207340478) 2
(407.01244085261834,208.78354424843738) 10
(894.5765367706969,318.77577147838156) 1
(717.8781333271443,72.52612871575282) 9
(419.84746301440447,49.9669379084493) 4
(324.4622817343714,56.847195679564756) 7
(11.251817966841159,264.28725566387266) 10
(678.412474397384,556.1490347938088) 10
(642.4972297086138,820.5174962360559) 2
(634.7396699102663,695.9099820597079) 1
(129.7048652697157,46.448539934236585) 8
(214.54780348630308,812.1841424490001) 2
(909.9188932413905,753.6888073916447) 2
(216.54442097552018,876.8375882331707) 7
(203.04564386714551,321.06799803787754) 10
(951.7114297254075,390.91147335942264) 9
(12.813415582855537,269.42247933986573) 9
(899.0504307604714,412.46613477416383) 7
(681.3183126412727,313.04222796393924) 4
(408.1821104118123,547.1870010017335) 8
(122.30650809070154,835.1825175121792) 8
(208.45850258441868,898.4865201102264) 4
(416.3797746266218,69.21499168963763) 10
(718.1927234260627,173.51196983941585) 9
(930.7250198199837,226.06361431131018) 7
(431.24307401416206,63.18005142398619) 4
(370.18763252377363,945.116824001725) 5
(467.5054850309019,121.17972553374634) 7
(75.83920858208981,104.11686119657371) 3
(757.0685557418931,523.7792102482496) 3
(582.4408682266856,580.0593252108715) 2
(690.1733858875774,275.1234147296987) 6
(281.9891535982756,85.83991041772832) 7
(662.4668859715858,967.2334965887267) 5
(500.63521383769825,509.3699823658615) 7
(195.18758926021195,898.4259102719053) 10
(658.9159664424112,742.4904826205377) 10
(360.6940321256565,415.07906226814606) 6
(213.39815736344724,910.3626575394576) 8
(53.56359489239959,117.79631618264553) 8
(962.3490128104578,410.01138714696526) 4
(811.4463587675496,426.5063755026557) 10
(99.20725426878774,237.0733595193306) 8
(273.8204143101177,187.77984644647518) 9
(683.9680318275875,158.28727818739807) 4
(205.34582696505265,392.4805739274617) 4
(564.7523426898159,19.199401537961513) 2
(842.3496500829574,840.5564251537762) 2
(646.9290319850855,992.9158371342805) 7
(676.0391762926043,531.4057937695128) 5
(8.165846817194677,695.2482907729394) 4
(293.2216959472819,521.656557794741) 3
(254.9480852201853,295.85467140544154) 5
(223.5699682967688,710.5710257500696) 1
(304.94042617689075,430.3931156335965) 2
(544.7595564115777,430.99733530663576) 10
(1.2710815881638027,185.99855595444458) 10
(386.0677248780781,977.3102196839817) 7
(710.3205866126567,29.726587817552442) 8
(338.7189305181588,77.02425037572347) 9
(817.4593430862257,487.5442843874234) 10
(821.5460446000179,478.1934226397709) 5
(680.3521805725712,441.71971625500237) 5
(903.8126740257242,21.161673033499696) 1
(703.2055012650816,126.3076684940373) 4
(418.6335944680649,957.0495608666577) 5
(183.62708565193265,584.4892559755459) 3
(182.96854062191915,920.5988923667442) 3
(502.13723130622645,757.1881160745033) 5
(928.448913302156,385.36658191575776) 8
(436.08002891567565,395.27508893865183) 1
(182.41234735280509,737.1927084838229) 5
(530.7406770430155,82.56971801673585) 10
(545.2462678273679,183.95458118406572) 3
(377.5700341090201,461.5927755490812) 4
(9.922688390718303,733.8855466738416) 10
(974.52016904015,458.84735974094906) 5
(21.568728296777138,987.2724618970531) 7
(960.999896635201,934.3403560833648) 10
(91.13229062333083,404.5171352173399) 10
(307.6910133965478,849.9216217342295) 8
(372.64504319974634,623.8514399474044) 7
(883.4842938343515,784.6358824910632) 3
(400.01503984171813,229.2998932067004) 6
(338.05915337890605,72.37391124708437) 6
(460.3363305004927,706.309463476614) 4
(109.8144507347244,638.3308471225605) 4
(72.67033580455661,381.8460559138469) 6
(558.7908666795734,928.4652975581257) 6
(2.2476612316670863,115.03990647556938) 6
(703.4947649206105,749.2588871626059) 9
(747.182324123567,447.4887926085157) 5
(502.383589402833,974.7221550636389) 6
(68.63668216729435,680.7918181701245) 4
(732.9886174615334,584.7616904050883) 1
(733.9370335534571,843.9982943544061) 10
(875.3220797447655,726.1663198823659) 1
(473.8484533716356,6.81419864357391) 4
(545.3859799317887,553.0104243503147) 9
(48.54406324913762,354.2308512855623) 5
(855.4990912257775,332.0393394729996) 3
(911.8282599606471,352.3433890669163) 3
(107.98821179130236,163.24788188719364) 9
(676.9673992162992,416.12422928465134) 3
(865.5594641000702,137.2572020854792) 10
(484.6389540953522,12.309293385583398) 8
(65.39353251637203,607.9548546955352) 6
(48.63146084796411,626.6739547802276) 10
(78.80286741107723,114.91016002791044) 7
(303.78924235194273,645.2442250749637) 2
(324.8727310381352,410.96783279510083) 5
(909.8359945456341,267.94183580223927) 10
(971.9929142002487,678.9968552736385) 6
(565.7295912289769,621.8874516326011) 8
(30.362398247157362,117.41681545605876) 1
(721.8406010207688,492.96578417219183) 2
(650.7367627806331,836.9304449349139) 1
(112.49989941264337,360.8708445761498) 1
(378.3211781365176,594.0898253243197) 5
(380.0621185086194,810.1079642646756) 10
(114.42787119743714,474.6944185670415) 2
(557.5805318093543,578.0691280685727) 9
(852.3733406654343,512.5356368290174) 7
(737.2580362462492,308.0313619456341) 4
(441.16693101326865,457.90891080345) 1
(22.237783878435337,689.1358747652388) 7
(82.68558924571224,678.5066151410641) 4
(357.066801349008,403.3165675136724) 6
(119.86293330178599,396.2611546847026) 7
(173.10219242950643,524.2972329608077) 10
(558.4239716776622,279.8444740512731) 1
(608.3828383370366,653.9736595002626) 7
(594.5685855361164,957.2281858347737) 1
(909.7740775013112,416.66136319802905) 10
(512.0654634361257,22.268937761185768) 9
(552.7041462137395,567.9432512142271) 5
(815.7144841733267,164.92638272206105) 7
(537.5891231174251,359.60522285562115) 1
(476.34910108271333,508.71778176032666) 8
(853.0710402854005,750.3397914351928) 6
(767.1852361635724,332.2499798677986) 1
(140.8965302808871,979.0934407703843) 10
(129.46503783070983,497.97712202496126) 10
(397.14660583624004,141.34796792468362) 4
(601.7839649581574,203.68140935231915) 3
