1000 1000
10
(0,0)
23 80
300
(145.3347852706659,544.066525611676) 3
(298.9506076827533,52.63940812828005) 2
(554.7927889714683,949.5942456884342) 7
(145.1109617892452,723.7589133433593) 5
(723.3063167160923,917.234442427174) 5
(221.63993646638025,472.84710710996245) 10
(684.9335598796292,723.2501770239645) 4
(776.4831236891355,497.82299100490354) 2
(700.375113413781,518.9348205955752) 8
(65.87139682511057,942.8648457882273) 9
(830.2317178481096,249.8301378063741) 5
(462.2409736682265,931.7264153695252) 4
(139.8944330336952,602.5804243270871) 3
(7.981625348989163,569.7632019826632) 7
(713.4925866999083,494.45541836440276) 6
(952.2358337484952,382.2755110914926) 6
(870.6790896206053,865.278648364363) 3
(173.20582870890001,75.30264224454986) 7
(204.28744440883995,957.7218085037258) 3
(61.75070942446803,686.6397843627304) 2
(848.4960161307363,76.94536470788782) 3
(600.664064315685,77.25395377696786) 9
(780.6580807143791,310.2924933009659) 7
(985.7262800388531,150.12261929101544) 9
(940.2131372594564,477.83817879893076) 6
(674.5718240550641,619.6944793517266) 5
(238.22248794634336,219.66344579361606) 6
(92.64572090178591,567.0669508979479) 9
(699.8401677424135,972.2874956458319) 2
(613.3560694802339,313.05675817659204) 2
(923.0406936619354,232.55790917477614) 9
(561.9506535414649,421.5517424717464) 1
(917.588317877292,373.71547507783765) 3
(265.5890654013899,797.1556778437539) 7
(768.6266411979677,911.2082557434585) 6
(574.0402233795079,924.7858796942168) 3
(603.8566285349889,93.01013200499952) 8
(680.665319756217,8.998420947414543) 7
(914.6494966083757,33.975693607013135) 7
(68.25086745470776,948.0423236526408) 3
(938.3937436829124,161.66674622595247) 9
(716.2957594228013,371.20574367450644) 8
(188.92187170127173,806.8057930233168) 1
(723.760805408637,675.8562498037625) 6
(973.6732840473651,214.2018720680745) 1
(116.70633251590834,258.11294760057444) 9
(910.0220179249599,701.4281191405943) 6
(970.8034781842978,119.31617194553368) 6
(864.061919032653,581.0999450669484) 6
(615.688920331268,659.4437064240548) 3
(952.316836570373,247.7779116900941) 2
(285.9001545158254,174.18551038570683) 3
(251.12474563446796,307.99241134713185) 8
(78.4551306790584,899.5369237802305) 8
(969.1722475331354,115.77232792736758) 3
(973.720309066605,839.3699622801914) 3
(88.91463139768906,406.4703545764602) 2
(340.3312713360508,385.6604070569881) 7
(8.815833356071279,921.9290607371635) 4
(917.4510338642874,136.0698724170938) 3
(166.17143748724183,820.5461897079618) 6
(987.1914829142826,120.41584076094513) 8
(366.946876596794,402.07180466458993) 2
(38.9690870962004,980.0247859352647) 6
(981.8795833925878,259.26747630670934) 8
(152.46028924417865,839.3737537281179) 5
(714.4317135383436,405.4926630469202) 8
(478.1951299553362,942.5225189413138) 3
(381.70546634835733,29.801769282511657) 7
(942.4478787630967,189.173854341126) 1
(452.59227861296534,367.8966911411963) 9
(117.79210302801334,39.34375228464526) 4
(128.03198577119556,738.840578210497) 1
(147.76546190394245,955.6261556381453) 4
(441.182702938575,872.3472793351476) 3
(528.7435061967745,540.5454043615738) 8
(423.30629942847344,746.6435321439841) 9
(921.7518500051228,484.6028212064528) 2
(517.6406422593255,242.47773379011272) 10
(710.3181000191164,864.5819274822742) 1
(869.4758511350702,186.86650264460823) 7
(352.05217330598805,340.7296740260102) 1
(50.00067143671516,467.6669400824202) 1
(101.94548772655887,98.01523861907823) 7
(195.87046429923927,485.1058560459589) 6
(903.143061839468,974.6154303737808) 5
(842.8920421306361,378.80514910221086) 9
(552.0986173837223,326.06054908199155) 6
(615.9420172508251,184.39772837798418) 5
(947.0899355323347,15.260747160608435) 2
(33.85197404812268,310.91108586836316) 7
(808.4022102239239,118.87969862101045) 10
(573.1513348531064,436.75447926597656) 8
(62.448139134569594,239.54917689782462) 5
(251.65669054441474,410.9265066294837) 1
(797.9987884734577,98.25469906496109) 2
(763.9144491483213,180.17649348643673) 7
(866.297682216517,375.4797229824902) 9
(396.58480384353356,154.51466541632053) 6
(884.8563406809761,392.4472449091031) 6
(332.0631945397198,814.3318010234472) 4
(361.8130074773548,849.4581085004171) 2
(789.0686520304589,247.27991245546878) 2
(12.465572086777676,895.9414486601064) 5
(509.76042476301484,562.5897627397974) 9
(277.1743004965138,438.40691680219334) 4
(689.0098800932548,196.51766233476087) 3
(908.6886886004017,5.8913261987973975) 4
(340.2298093336322,988.6785953235084) 3
(827.2289927956456,727.5828251544469) 1
(249.19300752441765,365.0098962118188) 10
(968.4521555352914,569.071064473078) 1
(493.51954736057024,566.3050531244901) 4
(849.3014476738357,208.30314362985226) 1
(652.4331534550548,625.7025212281857) 10
(772.9190423341533,544.6126698155603) 3
(988.276789147138,621.8453587065302) 6
(249.17964343081712,813.177375566545) 2
(408.36538338583483,685.727677065526) 9
(425.2980494320272,632.761612811767) 5
(340.09680089219495,184.28469142522974) 10
(284.2584013722459,842.6577037506071) 7
(180.6426427653701,712.844241214523) 10
(18.509384607022007,374.88840280183075) 10
(899.0929599879126,32.79803888589139) 1
(475.2570876690029,463.18911234330426) 1
(694.5794437496746,850.4585614316393) 10
(922.0223047989409,497.69226037779936) 5
(189.3889901453697,696.5203649289576) 8
(600.9124813812743,297.8568232931959) 8
(155.20624171100474,129.84328506678256) 5
(725.6848374316968,794.9664352047284) 5
(474.3902199043397,745.9138962026639) 5
(462.3411403567312,801.9283182704035) 5
(784.4178054263936,453.8384950650816) 1
(735.5725216735368,692.32084099534) 9
(861.9617502534758,833.8471305827823) 2
(963.6038919925105,274.66566428165305) 3
(921.7098610787515,490.01356346285553) 4
(119.21024207325969,412.8954692547876) 1
(789.5305337199106,868.1313176502996) 4
(403.2562490321995,997.8826725424818) 8
(947.6426985378976,615.6340901885469) 9
(510.5971695996909,830.5458292009097) 1
(956.1626745614523,580.8079042170651) 7
(22.369931380704642,670.7514839006893) 2
(101.18678172889307,943.3639816172165) 1
(896.9399616708323,573.0172133546646) 2
(100.95503738698008,865.8019899929575) 1
(888.0213587137594,485.68835355590943) 10
(163.3022249921896,442.8618721621439) 7
(348.55117617992414,902.6104256288575) 9
(203.18994655304957,349.7446003671707) 8
(609.9337759325676,870.7281669250757) 2
(700.4385401898148,969.4215221793206) 5
(680.4443720496804,941.4518200483639) 3
(334.16961482612396,977.1928398734455) 4
(700.6503673779575,88.46044867163572) 3
(639.2336763698171,745.6678009414911) 5
(562.385218788082,301.73658274868086) 9
(85.83978597387643,600.0976440155564) 6
(2.80513169009855,926.6750265914308) 2
(735.1536749147434,121.42907539363712) 6
(485.58867207251234,175.22199112431437) 6
(271.74235266858716,501.60508035162076) 3
(535.2490362088719,968.8417709663986) 3
(194.7145842406065,704.8020114282181) 9
(181.33353049637913,217.59434759439844) 1
(407.1744820825589,416.19498663824817) 2
(271.19005846979906,932.5589331884421) 7
(854.9168734323144,710.7378719003968) 2
(624.6792356559732,868.7787816644951) 7
(785.2495779369139,545.5357925380625) 2
(54.76412023083543,706.9543689825346) 3
(762.8111255940947,38.35162698104932) 8
(742.5431934847138,390.51015944300303) 8
(393.59168408244074,128.91338329370618) 2
(776.632700038719,865.5217782609689) 8
(709.3730330796817,125.88251749670431) 9
(440.269627237427,792.8407767813912) 5
(779.5963467506587,503.3025651024735) 10
(556.5478510055563,756.4561692377293) 2
(434.63921831264975,516.9639410182548) 5
(999.3900053754988,870.5832390535746) 5
(606.2288125812871,163.22528325696874) 5
(722.5272812713696,673.7521202420203) 4
(474.2515265341861,94.1934805232768) 2
(924.2817656844638,91.72151188564438) 9
(753.2797665409042,844.291940319423) 10
(538.0843248212528,284.1557152212787) 3
(360.73019711248,10.441113158030312) 6
(564.981528036826,431.68126716418664) 3
(11.964436956981572,412.4660790442571) 4
(107.68680031789945,953.8206998188699) 8
(34.16826585527144,597.0352249210006) 2
(255.0942870444789,433.2984202046851) 6
(690.7106732986216,175.00979591266275) 3
(851.4861501137074,25.342399284137173) 8
(141.53846422203475,100.70691674397858) 4
(193.58190141475174,701.3563682871785) 1
(700.0390172605224,949.5460263857315) 2
(405.9045110704813,406.68627323338967) 7
(457.2410858209537,37.55090297609054) 5
(313.23809990263527,84.40029403852934) 10
(893.9740260457164,264.43161532352343) 5
(755.7218989863056,581.2906098451178) 5
(274.4280894803802,619.9628693070034) 3
(665.1833999759397,538.8898672575164) 4
(776.9557741463665,495.47831896065617) 9
(82.77292421770733,329.9355200652209) 9
(50.88657136040497,551.8724253997235) 8
(975.0111197374076,896.4982050408872) 3
(374.9812282377604,771.5839485200709) 4
(840.3138568904126,271.8661687603797) 6
(9.9223697805072,337.7014986957808) 2
(947.9774610889408,111.05904727544913) 10
(529.4034241060181,235.776738684915) 3
(438.2433267900662,168.9402030898265) 10
(973.7799522282198,676.9572075359166) 6
(279.2958224991937,349.02527263239205) 10
(143.2856539255618,433.7592756278331) 3
(523.883139068311,536.1590048917816) 2
(754.1699803370168,553.4464453166352) 2
(211.5133615859356,790.6917843425668) 9
(653.1804323655815,422.2803031491544) 10
(953.1845563671844,876.9944032082749) 10
(190.1944920694537,54.63370433344983) 1
(148.54351113740992,617.4041397359063) 2
(838.169694555867,974.3195092472683) 9
(709.4449980738295,684.3834744091508) 10
(303.9782636191799,702.1223934171003) 2
(828.9035832424963,269.4129363684817) 5
(990.0572390603614,476.88321372889766) 4
(114.10124298590752,743.4140353625432) 6
(717.7660029531907,632.1057100139535) 5
(646.3316492290296,487.0778767490416) 10
(276.4837881500816,738.0048451494617) 2
(33.768743493575506,803.8002147190167) 8
(783.2105396680082,106.25607432957962) 4
(341.0746835102539,243.45766515293622) 9
(993.4146148667334,77.30533387958305) 1
(564.3845721026825,486.49866978661805) 5
(28.9468494776306,164.363602901339) 6
(235.97294079733578,129.56654406583178) 3
(661.3175022242855,50.75227200790555) 4
(208.6223848967491,936.9723941821246) 6
(448.0449728069873,903.3524449626823) 6
(762.0000148333932,400.2145636593389) 7
(822.8949198466645,135.11442699561337) 2
(601.1455150774533,845.2704550652197) 9
(496.79278176500566,83.40391063802777) 5
(998.8470699631505,845.9663680683591) 6
(110.7866723311567,237.92287487826292) 8
(503.2850295696155,278.48362652380456) 7
(735.3956085337223,802.1926288957625) 6
(224.2761179440964,85.29144923246523) 1
(293.5717875615427,363.02005099950054) 5
(516.9124402016746,873.2343715409755) 2
(720.3406373752157,330.61515749214976) 2
(537.5470857235524,339.86611804396074) 4
(71.35065863282264,961.3534407808173) 8
(84.52090189891604,560.4357389987856) 2
(596.6784262683937,916.8101557919268) 7
(871.0250661947733,986.8557468045344) 1
(951.8814209512858,282.51097292874306) 2
(664.4405873066787,318.0289697132477) 8
(819.1229464790521,544.3681558459331) 6
(677.9490482803369,107.5330185732064) 4
(551.4981476789512,557.4257650005866) 7
(834.5264432285206,498.6581641902873) 8
(671.1118103050898,119.41013016934754) 10
(480.32177003308254,643.0197630462008) 5
(150.46363552880428,418.14988171202725) 10
(68.60346943913443,535.3460998521974) 2
(168.17594663488066,158.51451421354335) 4
(515.5898979223219,382.60658079474865) 10
(282.03188157030354,397.33033297351216) 1
(524.0652144344278,93.04307800320666) 8
(261.12454087851853,301.41652482201056) 8
(390.28692214082963,569.9901749123088) 1
(717.199351812602,247.93041988041688) 2
(933.0559902809084,413.8627103704553) 2
(624.4803544201817,809.0801874798511) 4
(648.860885847347,412.43997953241274) 5
(717.191478840563,693.8095512148425) 4
(136.29737716435753,402.35252523912754) 3
(296.96979045861025,242.44758517171906) 2
(938.501471038361,988.2683539733208) 8
(857.3967623162206,759.7468692137419) 4
(886.6481869875754,935.4434033484272) 9
(961.9385728694228,842.4191077165864) 5
(227.62802565959396,338.062592543185) 1
(119.78163160806487,339.04321406447366) 4
(0.17939680219958287,861.8070436477792) 10
(860.9363353265363,210.40653024679568) 8
(521.9270891341832,32.92276017671192) 5
(288.92915764769964,602.7070657966804) 2
(766.0509860148507,702.7330382159108) 1
(22.517413840045798,41.60950427709253) 6
(221.8859214223906,177.0868018920564) 4
