1000 1000
10
(0,0)
23 80
300
(480.5110275864328,858.3053113725297) 9
(313.78423018009073,416.3165224729848) 9
(759.3105687998964,122.84121205071608) 5
(365.1019841935579,95.4359295185676) 6
(952.5270208361206,660.0893737527031) 5
(139.07441393934195,651.9664185241941) 8
(769.7314260215279,435.2845140265806) 8
(833.7582811441893,913.873180325789) 1
(292.4948412024462,406.06513507583134) 2
(236.26925191096214,544.4003741679799) 5
(416.33632626270867,723.9423367256345) 1
(231.11632677467998,490.89182286907607) 9
(509.0218509989779,814.852858183157) 9
(83.49322762384548,93.42403558463263) 2
(993.1123318997702,983.9811626052899) 5
(872.4426449566527,312.1874477846885) 4
(430.0667690017703,356.69576601387007) 7
(422.4302910057819,7.364387401663897) 3
(573.4348312632837,486.49575685567794) 10
(357.251541649398,432.4801164124861) 3
(287.83774813585217,938.3631337293656) 2
(531.0526847026829,682.8345114193554) 1
(978.7193800055055,916.1797338547308) 10
(46.16833346662186,625.1607676114946) 3
(222.5070366486166,642.9093224846481) 9
(323.4854722004108,357.62774488281656) 7
(786.8435820779728,793.5444296799216) 8
(612.4974816994293,168.9267917671239) 9
(28.308822043812686,858.4895509173106) 6
(415.47652245638665,354.03530612846924) 10
(160.33477322264034,234.66557841352565) 8
(839.8407517417356,6.643999381445664) 9
(887.7656991124937,573.0368328672473) 1
(103.01567190194683,312.8935821385717) 8
(377.4760147584242,87.9032792232518) 8
(441.07940905705425,531.5590502982869) 7
(463.94883978370325,41.22933262731077) 10
(337.24069702382576,344.3964408470305) 2
(589.1246891414916,992.7182855013648) 7
(75.44652006400764,659.0923079558006) 9
(534.3106352014763,335.5035213388511) 10
(819.3879285947622,265.64584230393694) 3
(192.03998417356905,71.39184864438653) 10
(557.3633783683543,356.0752882235839) 8
(559.448505296743,810.4807447706278) 1
(124.99499975183281,676.7014753307084) 8
(308.123538697983,234.30709504481672) 8
(282.60140930586255,891.5391201729209) 5
(618.3643246781743,297.8662068965492) 4
(959.9292697506685,985.6969429396506) 3
(487.4629027441182,196.70617374452792) 3
(324.82163587750057,202.6235734018702) 3
(402.7271882511951,333.4217295515699) 1
(748.2504065042909,958.7852146102634) 8
(807.785637919029,260.69332768066965) 4
(266.7242702545106,859.4345552556965) 3
(120.83276529744668,669.6099860907798) 9
(623.306294628642,84.18184785555805) 4
(714.2411782581381,479.64215763969753) 4
(154.7034113580591,490.26885507105345) 7
(951.7665230547371,951.0130157319971) 6
(789.1657867090055,623.8769434846508) 7
(893.7968567890046,157.30236234602114) 7
(821.7798105944179,127.56089662855807) 6
(137.06163939295536,426.93608684821515) 9
(552.177209839736,243.89220022348036) 7
(38.10041962500588,566.0372296710474) 6
(652.6794163902687,997.8673788407439) 10
(886.057168384995,610.1042276346719) 1
(969.399505768186,458.57397242314346) 1
(974.3334394279044,856.07246258062) 2
(208.86071897024672,842.6755055586281) 5
(269.9278595093388,778.9450853915619) 3
(37.502137033775476,720.7279838276601) 10
(451.2600676284234,653.0519894335043) 3
(531.7660719190826,210.2030026240307) 8
(679.6553650489943,616.2762393102786) 10
(640.1294551129928,611.8168631264593) 3
(932.2795286317433,78.97220139374362) 2
(158.1714149859429,656.7313430487898) 1
(699.5735775497214,122.97128494618448) 5
(67.96028436378087,274.1466790769824) 6
(294.6106788742666,402.17127246160635) 3
(608.8750006560733,71.59142290324705) 10
(914.8343244553618,49.45082302003711) 4
(624.1913951487666,31.56177312644093) 2
(702.1111731946572,363.3772316589724) 8
(641.8197789557987,67.4862067616514) 4
(685.5040534210145,185.4021916475569) 1
(55.291960316671165,584.6014975361817) 7
(117.37359756304377,908.2784540527801) 6
(999.6960183261932,60.98464059971498) 3
(73.92209557620843,272.5139899327478) 9
(263.58433610285357,102.36081623693205) 2
(62.66356099485726,787.7240383250207) 9
(220.13649699277528,622.0055545316136) 10
(621.2825785796978,371.50008584147287) 3
(956.2043801001789,964.0155407935837) 9
(545.6313549585172,194.41906144157616) 8
(768.9644964938111,999.5837664191718) 9
(422.38169119798454,273.60819714556715) 7
(569.3750688763952,696.7494427497016) 8
(384.7502318959697,266.3910592964763) 7
(518.0416444967208,801.1676881282991) 9
(386.54011001296607,565.8400654264726) 2
(234.09577079754985,173.15534297209433) 6
(222.0712212524809,612.0257584819918) 9
(128.92725152581986,30.715849448008314) 6
(548.6683391745513,945.4246905072522) 9
(484.7978299254016,798.0460852160517) 4
(796.6670778018653,506.7399835856844) 8
(132.18661165600153,948.7555257754971) 8
(160.9247652675113,809.1261354361658) 7
(377.517856428343,167.11641387690224) 7
(770.9063316462989,842.3130190410903) 9
(725.3834635995952,441.5849399897972) 10
(544.7617903358117,470.81410481175124) 9
(909.4859408758791,520.9245745694161) 7
(420.8237134130851,811.0506821457934) 3
(444.5688607810192,429.8273724261923) 4
(853.0919829031959,981.226916552197) 2
(511.10136830914297,515.4638404119794) 4
(196.17167497249443,968.0988534630359) 7
(634.0226590658255,211.09591150712714) 8
(645.4611723150008,188.718213932895) 1
(218.47719299343328,135.56578840020973) 7
(85.87281093212285,568.262388075833) 2
(369.8785386364276,857.0281524015732) 8
(232.8082010636564,470.7272807206233) 8
(679.3418426937069,673.5101234924279) 6
(884.4315047575534,853.9309141902278) 1
(867.5686768807769,53.26821667809944) 4
(162.51591060291548,272.1364515239295) 10
(350.9930081645755,954.2548542778732) 9
(829.7064098570492,618.4227026760178) 1
(602.8259599364366,79.51815070267388) 2
(650.9308002695893,895.5786150515613) 3
(506.1939175808599,706.9256897176418) 7
(877.9397109828391,482.8691926494012) 1
(792.513409543971,583.7869188823686) 8
(259.2639239384608,159.99336657002715) 3
(802.9041290752849,757.2681650321778) 2
(898.9929482079885,376.78782782234265) 4
(285.39845834101095,970.0773863167734) 10
(988.6278546161745,535.5715843889288) 2
(65.32873572131548,605.4156817822343) 8
(749.9541509068529,562.5216225400048) 6
(365.1482785840302,428.2733331527805) 10
(967.2348036782029,681.5136114775688) 7
(723.442859800495,381.2768622077641) 6
(256.7167478054803,357.9287675743743) 10
(329.949838907304,47.06625102999429) 6
(666.2963465608178,238.60015519535116) 9
(325.12443856792197,923.7986914470415) 1
(619.4331816344938,312.336510685947) 1
(790.3683137822427,263.1160402039424) 9
(609.0828837714033,630.299083142898) 5
(162.32090882945505,408.3603257047206) 6
(257.6497317815716,456.9460805032636) 4
(799.9272782796636,244.2161003587826) 6
(215.8134372543158,994.8174738559609) 8
(711.7369758000593,41.90601248268433) 8
(132.64026742070166,625.9885695036161) 3
(857.2125915181844,437.3514129903553) 7
(436.218582441967,805.8648452805755) 9
(164.90505972680515,871.0070301582153) 5
(179.10409016787742,488.61405441510476) 2
(687.2864203977924,159.58090902053414) 1
(125.20190561708888,141.68081954353374) 7
(587.6246036724849,65.17680628050881) 10
(357.9691708129085,232.2522030438542) 6
(497.0068104452784,197.46845169506966) 10
(561.4735375922972,312.5527705681381) 7
(171.58959113105888,429.4039895951843) 1
(385.1297811598514,286.271882520807) 4
(217.12307452321056,546.3482855315739) 6
(535.1700223995387,588.445406822024) 6
(507.19216122204557,0.46502414307691975) 10
(688.5993709874275,804.2895945913318) 10
(367.3915171234131,869.7275832748073) 9
(967.288316651912,867.7356735334586) 3
(207.06176853286806,345.9906590655365) 5
(300.48518678013505,699.1316378200845) 4
(228.29987964992827,291.8939344839612) 8
(315.7870250139484,512.7823570191256) 1
(345.10787646317164,58.88766328584971) 5
(638.2832487265221,993.1993037661043) 9
(994.679038926045,458.5303231292225) 1
(977.3440848600424,875.3933483041983) 6
(128.72304867230767,22.860612236591194) 6
(302.41528271528404,534.848205092417) 6
(475.76018350203066,148.7097932534507) 4
(962.104002580303,566.0151730755147) 6
(422.7013790103836,987.8878853324782) 8
(467.31224277603786,248.9520075009024) 6
(302.01777297187573,450.6114743592661) 2
(704.6340359049844,576.475898979051) 6
(128.24822626407183,870.8654469137467) 3
(982.8743539392215,475.35710060755963) 6
(472.41992304635596,557.7060595091556) 4
(48.231941431317146,685.4338193277033) 4
(659.3906548353908,248.40311352229205) 10
(712.2294689314327,137.22027774956425) 3
(123.77830495617937,96.25379368877607) 2
(780.0207665357078,40.230541644866506) 3
(561.014273802755,489.83598820165173) 2
(221.5772377360703,660.9429112804503) 4
(872.2081904385077,815.981709916304) 10
(178.61576269163947,477.9218139404433) 10
(782.0229400155328,732.686951013803) 6
(905.9311335929099,523.419718166265) 8
(794.0262504793462,957.792743441151) 5
(749.1953950141246,827.7033684870443) 1
(558.651154799479,442.754914722182) 6
(222.44984671007472,604.65063378951) 9
(547.6349965747203,553.8268717254334) 7
(836.4258994133829,249.3560685914129) 9
(605.9152736858078,991.4453162742859) 10
(562.7311422003288,997.863788867704) 1
(73.06350422367991,31.09929815066781) 6
(307.4756324135901,122.45190744929224) 4
(180.22598509363308,230.05309100965533) 5
(994.2647442590702,431.36947152051744) 8
(136.1776927143926,77.23475282494175) 7
(63.21211957126649,682.0950969495957) 3
(97.30537021913499,327.8017320214164) 9
(247.131520921277,100.56841410996597) 2
(568.3708785959727,18.478152090166123) 8
(319.056825234718,715.5449846848304) 2
(177.80399256911784,795.1260165151302) 10
(149.8260675595009,1.148675050101522) 7
(273.8257896930658,359.42114650096045) 10
(622.4185607091291,582.5395928236667) 6
(504.8589075322859,650.4272354101519) 8
(967.1123763845884,964.990315485064) 4
(464.96137160050534,206.23977379390212) 3
(520.9550373434566,1.820148816581435) 3
(399.8496246674059,509.2398338052676) 5
(999.0344566226714,669.6597441228216) 9
(330.65520820633566,6.015354496856862) 7
(170.68083884853436,805.9317264170692) 9
(936.1116852793041,426.11412670214565) 6
(717.4298440470275,772.2157591940222) 6
(681.3521894185815,980.5268343292053) 8
(609.0448469179898,417.4937890267235) 4
(181.27905843666503,897.407447317446) 5
(472.90308111507983,588.3098696570285) 7
(137.90396936086702,730.6399209722011) 7
(482.6658358407464,657.7785621075307) 2
(280.9533148364116,101.64415581680242) 9
(941.3501733283982,13.618546516882546) 9
(315.2472890381547,497.3582712595323) 5
(159.36139077736922,881.815077501186) 9
(387.63326904309315,167.70805447285088) 2
(338.5674921492792,435.768232543862) 2
(16.74416260347844,579.843912313286) 2
(327.72911202773736,569.1131187537303) 9
(318.2904184080763,328.2302007961727) 3
(235.27801970396445,996.6563810789826) 6
(588.3733581786663,669.4851659001166) 9
(830.0521427167513,293.729125052444) 3
(387.5024512362627,750.7057164745802) 5
(665.0234859858269,411.8905753561954) 8
(379.32234936412635,690.0424285131572) 2
(911.962705732518,684.4964549349161) 8
(39.13410832186515,322.8198591993935) 6
(319.9915590779894,420.65095790678765) 7
(878.3695545213372,946.3289420431036) 10
(819.049304448588,668.5204478964222) 6
(527.080346333418,77.10598872341757) 8
(872.7400391092558,695.8253734347552) 10
(227.92244609652346,895.6303425398876) 2
(927.8221159380064,210.8296622691117) 7
(267.7901769993655,255.22321818083893) 2
(204.4878594601326,441.1050424117492) 7
(566.063561417435,949.2590728672942) 2
(223.5052503092817,748.8683128715734) 8
(2.1402442950235745,679.7975479387891) 3
(149.40798080621508,345.1995787260337) 6
(528.6429052322413,818.3124589202373) 2
(446.4425218719157,0.6304198296609442) 10
(965.9463008004207,136.72759637330012) 6
(914.7620305235254,393.9646393910787) 8
(776.3574027546675,673.5938661929376) 7
(939.4528164063333,129.47425080241192) 1
(866.135182140652,757.550888637261) 10
(823.5080679115424,698.1794819030794) 6
(240.3450421243496,557.9844863398233) 5
(880.9123774814265,333.7614299226481) 2
(132.72143948366687,750.7953618425646) 9
(65.7212471018096,61.48883171848063) 7
(517.3489154609543,339.60666455398336) 10
(609.7452398723038,490.52597722303125) 10
(349.46067831781136,593.4928952350666) 4
(38.08265667124311,53.654281093411086) 1
(33.19651788768696,770.4579954225296) 10
(544.6354261560857,641.0264305445232) 7
(303.17311820851336,795.9549530051478) 1
(713.73196047598,521.5561016995006) 3
(562.7755653770214,207.77153120041493) 5
