1000 1000
10
(0,0)
23 80
300
(202.02867716041928,755.0878394103345) 8
(132.93690227779175,251.7605598767636) 1
(419.19432685289746,128.89601790596438) 7
(484.5100761166959,952.8931170175176) 8
(581.7153681927412,735.7178036961395) 10
(813.5781448309141,61.695767640864155) 8
(994.4454923103328,30.96306348598976) 7
(79.78179577400945,873.1721939014237) 4
(531.3926653679405,396.636854777917) 7
(978.3519053179633,747.6359061151367) 6
(406.2301326311762,958.8108855884058) 8
(748.4946982263239,991.6182838572811) 3
(384.3468470517758,972.6193710515195) 3
(135.24193773352633,148.27161927460975) 9
(508.2629541373338,523.4013227013971) 8
(765.616936480559,470.06357705825553) 2
(45.802547780466554,772.6879510901673) 9
(497.1159348550826,221.20446241680713) 3
(286.85632795782954,38.197631473456894) 5
(998.2024055252443,110.61174730158274) 10
(627.2014573532912,959.2897215557912) 5
(512.5954841956317,734.9514729343264) 10
(457.02055678301014,472.4068794654648) 7
(513.1182793666213,365.9245935781389) 10
(949.3502553292211,585.6465455357909) 8
(32.48776684575849,214.34269350385625) 8
(46.08040735681684,41.89796354395536) 7
(440.8634518131451,572.4779816263668) 8
(430.8527156895358,283.3963209481767) 5
(754.8702876739632,523.9783685881018) 10
(183.38855918696316,820.0816442961735) 6
(118.88769412476319,739.6192880812536) 5
(527.1678632417368,915.2521320540098) 2
(111.98156771530665,22.55309572301345) 6
(66.1511735967687,280.00037095114806) 6
(655.3208849207559,288.735997855056) 10
(748.899857251665,955.5673735031893) 8
(700.7026582004493,148.02715890517425) 6
(198.62626207400092,272.527819976206) 9
(22.664109039593704,694.216051016589) 8
(990.8759908087807,588.0753490097029) 8
(910.394991579968,808.3982431431717) 1
(43.72246951520331,141.43757906778131) 3
(534.154932277243,69.14155921559339) 5
(562.3157748709157,694.3360348719685) 9
(448.24312459534997,623.5168399922586) 10
(542.1082526809095,527.2084416163162) 5
(285.67231517254686,718.8303245964889) 4
(735.6349900510501,551.0746746337098) 8
(147.59965157534648,667.4861780796497) 6
(774.6053651443129,234.34385108365618) 5
(585.9936869545135,607.0015674440536) 5
(747.011462208833,185.35911509232815) 1
(583.1356968471467,129.40025152563385) 6
(454.4807647470007,1.0888914170990027) 1
(878.3647390986234,965.1686066830325) 7
(350.28836976918166,623.4801526436456) 1
(741.6004676784117,248.29495528445966) 6
(52.42106893079501,112.08926531370822) 8
(944.7437645804039,591.8563858555948) 1
(599.7729127571446,547.140188228531) 4
(459.7223119886925,303.9816451224704) 4
(515.7360150084115,321.25364420107337) 2
(127.93695307165731,506.16506353143365) 9
(971.0254051069496,542.4766988662866) 1
(263.21136930741915,312.9950478651702) 2
(281.9442233608254,124.61064679849865) 10
(981.9846889252746,669.7906893524903) 6
(146.9117984449052,17.40514961633144) 6
(340.9622772432458,975.6967785646779) 7
(599.7783847863659,875.6282783106483) 1
(278.0034472102879,789.8526304116779) 8
(758.1106296975921,931.6500645622024) 3
(554.725742335157,198.0987679833256) 4
(495.2786748999074,738.6228692024919) 1
(50.09165687069572,364.5630222271627) 4
(232.94998652705613,130.52440891962925) 5
(119.32993324632868,516.6222574858647) 6
(132.3666537992698,581.4406006237563) 7
(804.730038480275,585.1331805562869) 10
(951.6780851205516,719.2429866285862) 6
(682.1860025596903,926.1041131880686) 2
(714.1595406043956,421.89821589691746) 1
(858.5866241629233,597.5160518950348) 4
(640.7689032897832,61.567802645872916) 4
(134.01585631760594,343.5466657608156) 10
(570.7903942310775,500.1107763741225) 1
(345.43803090967094,156.29891491211077) 3
(288.2178843808124,7.631995814588843) 9
(136.75279328670297,826.869079470202) 2
(209.43286706777042,110.8700154376826) 5
(660.107946900151,299.70024438235635) 3
(761.040446837027,525.3134204703258) 9
(955.4458665593279,708.3662433211867) 8
(196.79711860348624,461.53477531742647) 10
(32.07177930074756,606.2097027019154) 5
(707.674572406952,609.5268748876164) 1
(313.01001967902477,451.4090354873186) 3
(577.4884218529936,141.69738694877987) 2
(896.7572082544636,667.9125874433394) 10
(844.048129218872,182.24575110510054) 2
(260.01651651341797,740.5188472357273) 10
(511.9716681551669,7.81897017387323) 1
(259.1623791717275,680.7846924688052) 1
(229.9466949638719,541.5429411991157) 5
(232.45708635648364,498.2515217388042) 6
(604.5191650396924,42.93665681913217) 3
(880.53662343091,523.1942668918289) 1
(114.96735338602338,143.9217775058754) 10
(701.4687355932957,78.30481823609136) 6
(380.57424003379657,814.4390320002875) 1
(73.4408435156032,40.899248171665015) 10
(832.5837346611731,697.0389061290978) 3
(930.2052049494357,870.1465198090287) 1
(656.2064138102154,233.87874807303334) 2
(305.477008663661,843.0193101540357) 1
(228.32384071087031,322.4973200284954) 6
(142.74672831441947,387.2803664790633) 3
(563.454562478995,936.5332868827713) 6
(416.6774809372762,993.2508947155625) 10
(585.5013351314219,533.3171813923516) 1
(95.24673349987978,278.2835917711319) 5
(703.1141654539445,55.152097000403685) 9
(6.104829125409439,514.7291658644831) 3
(777.4451646478811,688.711798647836) 3
(499.1708559492759,327.09445353718746) 2
(525.4004291939801,702.9015195035103) 2
(220.8649878258635,6.30997173658121) 3
(11.381725915087348,623.4839424351654) 1
(599.8942618944506,125.60522662724094) 7
(630.6735744605804,682.6467789945451) 6
(666.7417778835639,29.535028197251954) 4
(531.0575386183974,686.8265920313754) 3
(37.90777784160593,855.9288900086771) 4
(940.0406985138011,760.0340090201979) 5
(286.00942418014785,165.85623196388434) 3
(658.8890063572806,632.726869167033) 5
(471.74437578375847,933.9140444531671) 2
(858.6649906278296,123.18112310417905) 4
(362.53802613325206,103.13722115369517) 2
(700.365310996203,342.79003855488054) 1
(482.9839701313575,321.2596674598369) 3
(208.8884965795954,446.53707189847023) 4
(179.39989030331327,990.2763948495232) 9
(168.89399715788377,945.1114609391558) 8
(718.5529144879551,892.1583127434353) 1
(643.7459326481932,528.5155460737357) 5
(854.648638311576,873.3211167999302) 10
(279.81318046881154,522.4261389710452) 1
(653.7771548939978,233.89053505179757) 10
(22.890943631744932,616.0759559494564) 5
(687.9859841727161,624.6287602832299) 7
(520.129213106468,492.70152526417775) 6
(258.3958916698039,859.8427525699394) 4
(413.63931337805815,354.0441533538611) 8
(164.15426654416387,551.5485477043113) 3
(511.35501440565133,659.3280748680592) 4
(141.52253857454622,21.227902396072974) 10
(694.5725351308664,8.077118129046767) 1
(413.52589692786137,789.3958998309394) 9
(843.8975986879921,862.7693023688303) 1
(56.79190468696926,383.4637123639998) 5
(257.4534255918075,706.0804130825405) 2
(712.6290460289899,122.58197402175509) 10
(970.6993289589348,254.06403724335502) 1
(0.32945922457794374,402.8616029902047) 5
(696.0646863030519,59.40306010144614) 5
(942.6650019081542,561.8852290832222) 3
(600.8315086345556,21.664742411551362) 7
(60.89161671641352,812.5557703645284) 2
(496.12807492055146,599.5369661863302) 5
(790.9860076454472,795.9887815342059) 9
(850.6880406556775,616.3597786237738) 6
(7.309692042891669,431.9698469777523) 4
(440.41633916287293,7.863274013090726) 2
(753.1947695800048,778.8459355043992) 7
(132.9062802529708,711.1779788553376) 6
(130.28579295116037,125.46714464324582) 5
(955.5879223405151,925.0572378183045) 2
(838.1535355143949,551.2733896205779) 4
(964.0283170861386,621.2427905311148) 7
(451.5649095902716,538.1342622888169) 1
(715.8855326625711,861.6430435249747) 5
(60.826846444870355,869.2077817485495) 9
(211.17166983122902,975.4342871175613) 7
(583.9602497359552,840.5003231000735) 8
(876.5315296772337,595.0158646476087) 3
(369.14162601639475,76.1986447231101) 4
(431.6088820665569,347.99122162706266) 4
(446.7488000292876,326.43328110702) 6
(929.4240170153971,466.07567924235195) 1
(536.0769312687631,958.4489439811556) 8
(941.1305563908196,853.4549885095051) 4
(55.49134486340779,674.7162499214982) 5
(116.68149885266233,374.1339994540401) 9
(216.561780366195,373.7158483990141) 7
(596.518684617669,117.13957119188301) 1
(401.2141996269617,888.4209345055956) 1
(957.7631980654113,832.8890562134302) 8
(498.9512509117813,910.4114719381436) 6
(81.62424506137978,279.33364093825185) 2
(98.06606024629305,367.01710084495573) 3
(881.4206774049873,697.5122401033071) 7
(982.4862893697076,364.25358908432446) 10
(720.071251079021,183.0356638462922) 3
(521.1553402416428,337.1234602994153) 9
(69.73916185379147,651.3747001787808) 6
(223.9814027178465,742.04754806445) 5
(134.1149551727171,458.363408802947) 9
(361.6120520310703,335.5679913446945) 8
(19.321364876064173,404.4798920893906) 7
(271.5982718168106,341.55620936488896) 2
(194.25030193163516,940.0289706218341) 6
(399.67805424190294,369.03837662012893) 2
(424.59036374669654,682.4083501582885) 10
(679.2937677893162,241.53643023818384) 8
(672.8596866453985,651.3985485705807) 5
(459.59926575421093,225.572054120424) 2
(457.78703933387834,384.25464660042786) 10
(93.59071290230337,753.7369775753498) 10
(80.90780564583122,130.39847277567551) 10
(486.30441178592577,213.54825882057105) 1
(41.56280624077346,254.30131341721253) 9
(426.6448963740953,478.18661609720334) 4
(39.05885624147587,784.1404245462587) 6
(506.8968996739368,435.9949003763217) 8
(640.5713149571127,65.97617962806079) 3
(84.93121496947242,829.2462859029083) 1
(771.8018346071223,399.0914667853205) 10
(39.70863722406648,497.9233504267967) 7
(314.08354719661025,470.29240221488647) 4
(249.09483816996047,695.6747305171132) 2
(540.4894031100445,635.0265370095314) 10
(440.9515428556382,985.2129331843182) 4
(243.5246860333603,874.3608503507644) 10
(267.64173597747833,739.3155966424988) 9
(693.4155741049045,744.7540468630916) 10
(35.37670208414412,203.19068003843643) 2
(949.2947536199424,566.1503901065848) 5
(750.946492989634,526.9809189633767) 1
(730.2456414169761,399.97564495660066) 4
(175.1553667471426,269.8541720581595) 5
(424.8920931748252,214.57811559696316) 1
(409.27837467930317,417.3502333061587) 5
(157.40193638696377,419.1292763446521) 4
(417.90855271456394,217.41106312687597) 5
(568.3723424616126,31.95673577424296) 10
(910.4384906221302,490.8764167471489) 4
(235.68602780166935,326.61150146374473) 8
(628.3703931074531,855.687934847581) 10
(278.52568597758756,744.2359193194482) 10
(153.17164619170066,987.7667345400297) 8
(297.19187601215737,492.52486986417665) 2
(35.13959865368599,750.3617704968169) 10
(305.66438400269027,914.4669374527238) 6
(435.1120789971574,435.11774291746354) 7
(64.4528421337367,846.3969292817023) 10
(668.381781203917,31.125486940687065) 10
(552.8575778215361,380.8136526899141) 10
(798.1525182128894,999.3192991860649) 6
(748.2922551241548,9.145615819909803) 1
(390.5848126927517,373.3951820360453) 9
(318.3379077916143,989.4807713138098) 10
(152.11546636245387,368.5320469478375) 7
(523.61635270431,855.6878044100677) 6
(774.0058568553977,157.58268799900432) 5
(621.2315925772482,217.3272526067127) 6
(195.6257634925187,958.9513120472017) 10
(419.98493494276613,375.7986859672815) 3
(411.08775275269903,651.4071930268336) 5
(405.9753352625868,531.8599440537473) 3
(953.8739902037915,433.68621834675594) 1
(546.9639033582024,618.9793016139081) 2
(114.73482710522032,647.4795998337835) 2
(738.1282651584341,658.1038829537854) 10
(410.6140982436176,630.0244312036865) 2
(257.3897773714957,134.63860432578934) 1
(881.0883181683907,875.7433279223686) 10
(375.97665034870045,260.49614694432057) 1
(91.89957286587824,385.70850082681983) 2
(196.62071362540013,112.20585571592866) 4
(470.3988159196255,317.8659732961806) 3
(709.8541795687422,82.80833583416481) 3
(637.753195133587,237.4322579923631) 5
(700.8792480753109,233.13357532618107) 9
(577.8538977355045,988.9519603678247) 10
(885.045875483387,622.3735471728412) 5
(396.9880420143036,674.0916305679773) 2
(85.35476271777198,683.0748000130953) 8
(290.62645385620266,777.4270438140828) 1
(756.7859771327117,808.7014627237758) 10
(601.4580425931679,942.099454979164) 8
(616.4234842915064,841.5519558533596) 9
(725.0883379419365,509.1999451276339) 8
(171.8390592081155,509.4890080252708) 4
(529.2274689528429,548.6444267074017) 5
(287.4312461965284,131.62129551891923) 10
(638.7787554980191,771.6737917661281) 4
(721.4551739937077,700.0346302840235) 8
(21.11624272668522,77.55053454530182) 3
