1000 1000
10
(0,0)
23 80
350
(997.4160541325926,519.3105219731165) 1
(940.5861187056338,80.29062505152883) 8
(120.00554679205722,999.6040957314451) 9
(399.30211912210746,802.2870180719644) 2
(832.653550262487,912.172784669117) 7
(375.03756208013573,240.1664615839836) 9
(505.93522579035556,989.5151245609949) 4
(738.6690093454092,281.2760354803778) 4
(859.090939743887,823.0009155172953) 6
(514.8727685046186,490.8427534784935) 4
(473.415354934684,212.2841327353564) 1
(132.11098148845468,549.7622947523329) 10
(860.5951227671163,163.96305557547163) 6
(46.82239820823963,905.3869814631287) 2
(938.1161406533223,348.31185770111205) 5
(266.43700154334147,91.6674618351987) 6
(81.7643108342886,149.81845016776273) 10
(614.9077356876007,499.82413748737906) 1
(182.15154205639584,141.9591537321866) 5
(947.5731350929279,175.10836688633424) 6
(119.26908595468456,960.5870690237969) 5
(754.8859147912237,262.16160653952403) 9
(507.56444864110193,997.5865388532351) 6
(350.84759177006595,688.7907379420466) 10
(788.6935457544336,529.8135562705334) 10
(90.81390539880817,325.5861258341051) 6
(30.852222430696074,257.4514363382835) 2
(158.82267028970543,256.51689867549396) 7
(351.2899237159429,598.1393376953962) 8
(946.3185561950892,481.2380047468923) 1
(773.3408762514237,679.9943672539903) 3
(949.1294645184767,726.2126669927748) 2
(917.1050317926163,822.8485999268286) 1
(523.1394004664348,618.3039813916902) 7
(742.8269291935268,913.1671023838928) 10
(439.10166671159215,512.3585100566786) 7
(575.3391704425691,666.3391926798472) 1
(124.62397912060763,232.19902751878996) 3
(758.8705993116744,938.6696007754487) 3
(239.72430223554252,786.605112784529) 7
(236.89391810576365,166.45309994565838) 2
(123.61890009299847,132.87566351267566) 8
(105.40534542267199,897.976884973881) 6
(646.2767201163018,50.65350214426423) 3
(619.063720951574,790.1795722305392) 7
(874.559554117271,581.8494859180947) 10
(692.3711009317166,350.05967967960606) 1
(387.79409790956385,151.446962839891) 7
(685.4287228718656,694.1552680782589) 10
(600.8615371351541,270.65481550749047) 6
(357.10875519824367,338.1745499785265) 8
(950.419073226098,467.3336809313012) 5
(420.10280126115174,856.08037382018) 7
(566.4244334829884,771.81052200874) 6
(87.33232957278092,492.39176544369514) 3
(562.1333624668953,953.0561977501915) 10
(419.0044722766205,467.86541961829306) 2
(457.4974984440089,983.1189628042644) 4
(41.81876587564015,578.4628590149333) 4
(909.5962861329143,366.46519580034567) 3
(325.45767538884706,751.2299299590774) 3
(770.7529905524274,715.3592918501488) 6
(520.4099493237297,550.3458457146786) 9
(929.9162497309795,887.2644871633115) 1
(622.6078119717008,362.8514867418484) 7
(203.91791653295365,621.9670298815021) 5
(863.4502972567531,75.56934666326009) 6
(822.9591219459481,90.38602268222684) 10
(323.9228481717149,129.33124128800932) 7
(849.3069830201198,948.1794645225843) 3
(307.32938937762987,726.6540776717966) 2
(52.84696494292162,154.11214313820753) 10
(263.88213435805477,12.873976137921295) 10
(730.2409769912462,256.8750787713668) 7
(861.899743232633,277.7078479900242) 4
(940.9344050873874,891.549627528431) 9
(27.603306616202804,823.6251986610137) 7
(164.52422146168277,9.069070336766849) 8
(575.6333534142872,416.93294794888726) 2
(330.8534251071764,703.0478231712826) 8
(971.0386411815191,956.2243977605981) 10
(702.0923310100679,742.5033591881556) 5
(540.8292001816407,494.9106680998001) 6
(688.5752391494236,614.8539322169904) 4
(12.733490269517866,660.0712190745021) 2
(999.7548350003822,305.7047542225788) 9
(956.5686431444102,177.0703402149162) 7
(576.8383580069782,576.4412442030911) 9
(176.73811052468457,393.47003155349466) 9
(194.38874277379793,288.7713186317401) 9
(62.01139381832055,53.08922075640066) 8
(385.93627660270005,96.09775974027235) 2
(998.8322492057239,338.4632245889422) 10
(891.1358900142521,822.1725987391496) 5
(311.47150421198234,947.3346380530232) 7
(738.0914539121692,870.2160306362367) 4
(141.64079452138324,147.29324386996245) 6
(486.6246469843021,978.1415421999997) 9
(529.6628352615971,972.6648616558731) 1
(8.166456161429858,456.7260951570452) 6
(946.1432007841993,544.0568415929276) 7
(49.09676170078914,395.13049714906987) 8
(734.061503079473,952.200717998534) 4
(998.3281335340156,867.829403868732) 8
(654.1605951847373,299.2957631765688) 9
(825.7449560332497,760.5603674841992) 4
(991.0814376527181,999.1234171431033) 10
(529.7445494888611,699.6335493290686) 3
(787.9354188602157,33.4306171200629) 1
(411.40986980494955,952.4925274799253) 3
(112.87054676056852,66.0304212518199) 10
(810.2611378946734,840.433113655233) 8
(385.04258271536753,506.8757461751051) 2
(205.84389939393267,398.7135503495018) 7
(20.92032789278564,134.42876539222837) 4
(441.4510514527698,856.0047469715381) 7
(618.9814298926058,3.9341895874991373) 8
(491.68809470938123,10.413723211501136) 8
(698.877598815955,319.07910443838585) 6
(539.8369105037095,729.5793617480249) 5
(478.8130615138672,567.6108995317103) 9
(372.7856199085949,574.0428374352452) 4
(897.3034246829527,221.2201247918052) 4
(807.5995651697366,524.3184134847157) 3
(146.64839061745948,582.7901422707338) 7
(107.03730378754783,722.2980800914389) 2
(448.6857409264813,431.6366682356082) 10
(236.01520322353963,908.3325282477701) 4
(474.1551254718177,665.8436288475755) 4
(854.7410483157242,481.22188715977444) 2
(693.4640525037929,530.3625205948517) 6
(478.4953243142088,471.8921001783573) 8
(121.78224901193735,91.78785612672658) 10
(122.17801150707575,743.2092968069135) 3
(818.064689648266,653.386414001554) 2
(618.2873664368739,885.4567786405415) 5
(724.2859937103032,134.83695483293278) 3
(477.5449096931085,729.8333578854845) 8
(989.4511517197005,767.3461060240484) 5
(437.05339767027294,712.8023423471003) 7
(499.2347600033414,676.9505566990636) 8
(414.5879275382979,400.36829627464266) 5
(123.8746170768491,160.13480737018548) 1
(368.60040380101225,717.2515508404443) 2
(573.3141677692034,871.3636528362043) 6
(278.8017181491619,761.2380147160427) 3
(397.04391348007096,337.67413194257347) 7
(36.565586807321026,627.8220294174498) 9
(963.1268866464184,809.9066330925476) 9
(105.6412108103052,233.21033091971555) 7
(109.71239163816904,713.7534243829044) 5
(30.613167676817877,333.1822076447777) 4
(795.0290429500126,367.6978736498353) 10
(661.8023615837609,643.4058354504962) 8
(986.5657010739407,745.5905553379956) 3
(770.3195710348067,27.343092364258247) 7
(614.8248682467705,93.97189095804426) 8
(480.2853978364331,757.3635660656132) 4
(15.866070993116876,878.9246152842725) 4
(501.50772355769425,570.9170804598631) 4
(546.9953316307511,652.0542516727635) 4
(600.3948878562571,724.2398624844465) 5
(931.0146252558872,257.4972796370285) 2
(858.1986666918679,886.9340194291674) 9
(22.226590253570542,454.3854310945932) 8
(435.92456235778275,827.3748725779828) 6
(418.27779971732605,873.5464709545548) 1
(396.1418209018609,811.8064437635496) 7
(163.45113302557647,687.7481526436014) 4
(206.84948512480082,332.85686188613397) 7
(467.3063080189204,247.61886470566276) 9
(408.5341888032435,681.7928105705764) 4
(184.0236809234638,33.178581690883945) 6
(395.15728693291373,84.92284472187106) 10
(142.098634760059,27.218460856699323) 3
(939.8808829525595,720.4127642575162) 7
(400.43602616064555,722.8142245991874) 9
(68.37957031668829,189.8477670316583) 10
(304.1366467074582,713.8262883726948) 5
(54.882106343765,706.4433643396831) 3
(82.48562608433552,405.73596573765025) 2
(764.7433033483195,3.572552350048719) 2
(627.2746500054259,944.2931571433857) 8
(228.15063284016236,11.75950935243819) 7
(852.1073650953736,715.7579395762997) 6
(158.953562931753,950.5037898458173) 4
(12.281962775657185,363.9537241209866) 10
(277.2696459101872,739.8053611959152) 8
(411.1692855179737,552.4247072235886) 2
(170.66866651227397,712.7938203685577) 9
(965.0546608206726,899.0616151790666) 2
(416.068019420423,152.60421100388888) 4
(447.41477964872144,135.69616982938382) 5
(794.4159603870695,399.4612341025829) 3
(490.4311319904925,289.6033110312681) 2
(152.32073004425507,862.8898721181761) 6
(322.31130601201085,908.9873335792347) 3
(68.08757160957279,424.31629966468995) 8
(108.83572166390398,392.8739474316194) 5
(280.62761031744867,794.3151380244655) 5
(90.01794253086214,92.62922573357413) 7
(103.97974568547552,953.5094564179778) 6
(980.4248081757718,837.9232319402914) 8
(468.3098412173247,714.2769704948435) 3
(64.52720867039407,310.4982065502989) 3
(159.30301635083964,605.185889047685) 9
(503.49659327604115,426.4146057507453) 3
(255.2414425317352,607.0832019768071) 5
(136.44333912792538,226.92108289037205) 6
(882.200492787801,409.72093525335885) 6
(169.99410768997657,961.9971245417546) 3
(374.1138433507626,944.3155897061254) 1
(350.450016971548,342.7937459786349) 8
(891.6537435098007,72.02275148010018) 3
(893.6375982856391,386.38733458776) 4
(867.2034277895425,806.4150669841897) 4
(247.57042371666495,756.8151338852241) 7
(898.3416989775747,113.97862240198076) 6
(361.02978870193715,395.24348280765975) 4
(601.8699423691678,694.0618266243774) 4
(533.9917758015181,62.54476876095827) 3
(732.8390042439696,579.9376639435246) 2
(699.7572111055445,43.51821838099579) 7
(756.5960630243236,600.9909289127147) 8
(872.6680839866292,580.0693802611821) 10
(682.9539741059757,608.7493849021957) 9
(681.5396966787819,965.3906086413767) 3
(203.8907646474023,675.703219608992) 10
(41.988396906915696,59.11848015651577) 7
(816.6679338771421,135.35337167343698) 2
(691.8490104673107,658.3967784388842) 6
(470.2754463480818,400.0893206418589) 5
(631.1607631876318,667.5368660544515) 9
(294.75642305566095,329.67244986393615) 5
(373.27624980084227,176.35484217699394) 10
(844.3147005631848,422.5813561201117) 9
(594.0445820062907,422.2977785992872) 7
(55.50259044069639,73.29829915148723) 3
(725.3268271987226,673.8701869256537) 3
(428.86340549950717,784.8660489612871) 10
(4.153396941110388,746.6162331529804) 9
(824.3190334235443,770.2690079992773) 4
(834.1386118688617,520.0737204080871) 6
(672.8454913802013,983.8992852625782) 8
(349.67429207845834,110.73786245339956) 10
(425.7785228482895,917.9611760827925) 8
(31.195812892995445,121.3936750486474) 10
(290.5767213853676,547.00449829928) 10
(830.9327934457253,264.81507801525197) 3
(220.64578509256793,494.186032794914) 2
(30.76552057573345,716.0076471378976) 1
(375.3627397803829,163.14889867468517) 3
(724.9208181833185,453.68113520054874) 9
(270.3729665011445,106.89968057112986) 1
(483.3743416219618,735.8390777946901) 10
(474.4556927799829,506.28365856427695) 2
(686.6315492241267,288.5249288553723) 9
(372.1795814641219,437.80395448604304) 2
(247.52948405022147,82.11257287352802) 4
(62.6084326055153,115.2429241877445) 5
(637.3846416420599,361.50104989184916) 2
(611.7798257519656,450.4704987522101) 3
(596.315686185902,596.7957671805169) 4
(445.76325861424283,868.7049337288909) 8
(754.9968412908345,927.0642961947594) 2
(887.4387937693375,564.0324180664426) 9
(787.2075236133649,98.04413083729845) 3
(46.98920687634212,88.29099595674728) 7
(459.59070777697343,736.0727314236068) 10
(444.38225020647735,251.57749475347813) 4
(74.17880868321491,410.71574024177073) 10
(244.74773576352538,536.6491105063284) 1
(220.54776560639345,283.44218420166203) 3
(496.28905507424935,507.5182445441975) 6
(359.3547666423862,683.7731013415507) 6
(479.69466027046025,105.61718100214756) 10
(642.4297045831037,612.1098234622929) 8
(875.1111021453008,717.8603743649688) 2
(621.341570604881,350.75944517128465) 4
(157.99357056357331,544.4157364098331) 1
(650.9978080635196,387.8095171427095) 3
(776.8119035833057,752.9019255726088) 8
(523.952747196266,994.8536166937641) 9
(92.04149653548,110.88289873313906) 5
(853.1516011016074,879.94150550087) 4
(544.8259342491136,816.4030827153637) 10
(713.2168021168177,401.69248597360496) 9
(204.74485808326637,123.42031920088692) 1
(51.38134622411372,327.43152497905794) 6
(357.2185590441297,120.8980681318208) 1
(929.1158249279753,155.04220180998897) 1
(74.98259931578465,715.9946324860887) 7
(122.55128128979497,332.3602230965017) 8
(137.69532872528356,582.836704198835) 9
(109.32104144035593,3.6978589284533125) 10
(478.57398501940685,974.2530398045582) 5
(86.95067592673655,699.439996081619) 4
(53.64433881236985,305.2650860752918) 5
(902.1891879659873,652.9980025015026) 1
(181.24618924686675,63.0351392227777) 8
(249.59548310065983,379.38109765071437) 5
(833.5781655177226,661.6389484196906) 2
(716.5011468665933,680.4272688579274) 10
(388.85525539086893,545.4476071229545) 2
(109.28299001213814,630.0695912887085) 9
(399.6630592985191,693.1413626420566) 3
(983.9722387646708,241.4722365507378) 6
(465.5152128781492,21.73209631551165) 4
(532.2770776122236,701.9354199760437) 7
(401.36055714846697,233.9806123248833) 2
(172.36036179960047,931.0625926225005) 1
(274.8328194954245,665.0881914512603) 8
(571.772469907809,115.60356963521778) 7
(683.395812166253,865.1311451339523) 4
(168.45090844512058,169.52558523496197) 10
(904.149145644861,686.0077957554174) 3
(742.8199518288817,317.8058725049024) 5
(122.94061720428817,636.445286152255) 8
(426.36398179899027,159.49435763396713) 3
(917.7216585451547,112.08346010705783) 9
(402.2689980948437,234.58435981961335) 7
(111.6007991538085,714.3425850352106) 5
(822.542605923206,281.7270334684175) 4
(243.35841193369268,44.47633226445047) 7
(145.50491595780835,328.96437916757014) 7
(268.17401185489865,194.18734461417085) 2
(749.7712787372494,924.7660404808704) 1
(762.184973529355,994.5721160121273) 7
(449.07659840330183,801.9926453259468) 8
(809.2531558460254,15.702031956204676) 6
(598.5777337026043,574.9380533046959) 1
(267.6029082198581,758.5576032711494) 7
(385.0395988150106,513.2824578700101) 3
(300.73001829121324,7.044873317543443) 8
(28.17206466304334,671.3108709499354) 3
(693.4186276645645,433.8389858473346) 8
(73.0573089020976,847.8571417381969) 10
(196.8841769963534,566.2427763253935) 7
(349.79322944825475,745.189656821843) 5
(668.3642124586083,947.8714557712219) 1
(567.1368473861259,558.3873338615099) 6
(767.3719489831102,90.35762332230635) 2
(871.952087244793,124.42842934913855) 2
(763.9424829135378,687.3715036408066) 2
(929.2928394340975,13.01563338955436) 10
(506.49474621027935,626.6883869089706) 5
(443.56704942175617,162.19133293308207) 7
(386.44429456820086,844.7979530375181) 10
(333.5618912141824,934.7267220195856) 8
(184.51452021988246,293.7916466003536) 3
