1000 1000
10
(0,0)
23 80
350
(658.36000384466,391.0304352602183) 10
(759.2450825413367,492.5038788995483) 5
(803.720419429582,192.46780979958734) 3
(588.057209416562,973.7289130496868) 10
(983.029932359446,580.9847098248789) 9
(737.4920153953374,793.5667582987245) 1
(503.033047099268,132.2364747096363) 8
(901.9572985005581,346.3348457094497) 10
(26.349360225169647,774.3064503512497) 1
(683.1965794666725,1.6383090004059575) 9
(522.9157198850153,509.7655743201892) 1
(176.33831961028457,296.8117554613406) 8
(886.566697234678,672.3546754512381) 1
(537.9510260381135,150.31892254908374) 1
(927.8377335637228,489.8607648592811) 4
(44.12722983872774,952.067181004967) 10
(886.5672838861884,592.4690511246134) 4
(391.69491169364267,974.0461881231934) 5
(204.11877908425424,618.6623089548888) 4
(617.1466229411867,369.3029944441074) 1
(178.96604609853063,899.9983940139392) 10
(907.9710144507519,880.9657569875588) 7
(928.4358805140516,891.8468459363804) 5
(645.9012714999484,294.6868844228714) 8
(396.0872306897132,263.3682260494713) 2
(200.0287990782801,621.7219281372744) 3
(832.1928145088273,976.0904296937765) 5
(931.8266252637902,4.965654602749114) 6
(655.7934486580372,633.5125402618526) 7
(836.1835801993153,744.8266407367908) 5
(726.459511955439,939.6971134545488) 5
(225.59491524797838,142.58857107818912) 4
(986.721724979537,354.8941680095016) 6
(798.8130038625617,840.1524742311071) 1
(487.5423138426196,278.46388127993407) 9
(388.8612025899513,732.8962519036188) 3
(305.199802890722,936.5360550671899) 10
(50.87634898019966,518.6946167210458) 5
(764.6619237247232,473.2157146465579) 10
(372.88969657752926,347.2442153875045) 7
(820.1036061568725,294.15884755402357) 2
(994.4475936919947,20.564032717210857) 3
(294.87013058483967,424.3844052172653) 9
(790.8995309523547,334.4439716891309) 5
(758.742175006856,220.73928596342728) 9
(292.0493803401354,619.4233445129258) 10
(560.6752296670974,811.63428210762) 8
(75.9528545134852,132.9936896209669) 3
(634.1060482520357,945.8182479030899) 3
(306.60890883568794,376.3210265896568) 5
(271.8272721986652,738.3519621822982) 8
(469.1300542600152,23.477996022941095) 10
(122.89806166335026,342.58792088713494) 1
(892.4741916901626,162.2925773330367) 5
(673.8271736954081,473.09740485041306) 5
(412.0452877725223,557.5628198220214) 2
(616.7788596933215,653.973474323182) 6
(685.0890354972016,858.0688547239014) 7
(820.6987906724719,314.40082237127467) 2
(590.1356125435996,209.1844885300055) 1
(128.63422866460718,507.40643529642637) 5
(823.6938147282862,492.74415400257254) 8
(660.6760768218146,304.79884924979297) 5
(435.5624254466703,950.4089086930911) 6
(225.0025367249413,969.7425814260304) 8
(68.50184380948544,937.5129981927112) 9
(280.1089318424524,32.405554070160434) 1
(366.0306981273642,725.6375770951113) 4
(928.6031327270489,590.3498388854671) 8
(266.9762956712426,232.9684611797561) 1
(622.7098209505164,725.8008852457406) 10
(899.8789967229185,208.1861099646235) 8
(461.55198530943085,160.35454506629398) 4
(597.3150525872411,330.93210715581813) 8
(980.7446966968412,804.6247778582259) 2
(86.70702291398125,667.8434036451201) 7
(694.0437435194972,981.8413104955494) 4
(7.180145789599024,814.6444447269796) 10
(23.955433652936954,624.6089258577952) 8
(792.5927744097221,242.22681036896432) 7
(2.1760623027671233,327.1743337729412) 1
(525.6970570938554,112.68608544009805) 4
(976.9984930025336,618.9693828680374) 3
(316.8909004706345,725.8761950110897) 3
(937.2419616442612,158.8620034460453) 2
(115.3871411006867,584.9033804519812) 8
(688.2916133948523,34.65076248448751) 2
(350.2330847148507,930.5215944766171) 5
(863.0245038892543,82.69697956412759) 4
(890.9427936195528,919.7226400923154) 2
(738.6667468120021,64.47077892483888) 4
(764.3125597085647,523.3977937412786) 6
(946.307660479309,929.905539221185) 8
(897.9224778670106,522.1680940913087) 4
(447.87468311905644,260.95889706838017) 1
(788.2659009228473,351.13823027872394) 2
(462.59912842617,314.11739027736286) 9
(671.2822207116317,509.6058672234871) 8
(317.748306892656,621.5227349785065) 6
(738.6084592289692,439.1645263149735) 9
(301.8491020659463,599.7997489366336) 2
(954.9437215921779,961.2220123184609) 3
(409.1383889641501,962.2552551801081) 5
(315.51645796797914,736.2796353596352) 7
(933.5648859772842,41.80215605762605) 6
(615.133999126659,574.8585347254614) 3
(698.6799868374914,413.23577520812205) 6
(766.3945987277978,692.728032163902) 1
(30.73635542367359,33.244414258976285) 4
(117.79854807779589,591.1716893525925) 8
(853.4943980020299,283.01166479712134) 6
(445.3606667559985,704.4808224667596) 9
(662.6219178964541,412.71877231821975) 4
(800.1934967127686,281.0630953477279) 2
(578.3452500706877,891.2501261710617) 6
(74.75298125609086,532.8063350152607) 3
(133.27297738489864,227.11902648800486) 1
(533.4670514914587,963.9895326267475) 7
(17.870822491916627,983.8977019145104) 6
(811.5746526760661,874.6148823526559) 5
(530.3328168137447,398.23774419012545) 4
(532.1350720878098,702.4251409170378) 9
(699.3797399570905,108.88144912452313) 1
(126.15647073514592,899.2814132632484) 2
(684.0656498669383,691.6078047973007) 10
(407.97517745177305,78.9129164880823) 1
(271.42311949205487,806.0481284508287) 2
(150.84155232164852,194.79026567119084) 4
(925.804826278422,160.44997792827675) 3
(642.0134598289984,825.8443408932267) 10
(963.8223161758631,794.5074616374287) 9
(14.473130270208689,618.3806436568615) 4
(220.35175063069613,204.766849894504) 10
(363.7611392602741,264.8828849604866) 6
(212.98863748142205,822.2165696747434) 3
(303.9707689851989,404.534176493152) 4
(547.101990697161,772.879728432126) 7
(946.1759413274486,471.69928057409913) 2
(670.4898878978273,388.53263784249157) 10
(464.06247902862106,490.1958206534156) 10
(394.964788064765,782.7941412464304) 2
(598.0321180141211,956.3779369234139) 2
(752.8095092988153,836.9297498968914) 9
(796.1976875033507,598.7304087731052) 9
(596.2685896978622,521.5883577668626) 1
(634.7875868292246,183.0317691050005) 4
(967.5484632105685,871.4822130818281) 6
(480.0025090967072,420.2105548306625) 7
(389.651912639249,113.860525839242) 6
(156.8830090223199,945.4362376081223) 7
(463.6322112009439,979.8611528924569) 5
(379.2003601084867,857.7995207551978) 10
(283.0277083199981,791.4769036727398) 1
(536.9291621156868,855.3635174180134) 5
(807.4667318281153,51.51633975318093) 7
(148.9839680831807,329.07528834701094) 2
(350.18245424307884,148.85352044857248) 10
(883.7311033026739,740.9230808253141) 3
(650.0330755972733,250.6320877179903) 3
(179.49221665098392,514.4965025652688) 9
(696.3461415517268,629.282502294312) 7
(231.31930319265058,965.5719723008374) 8
(412.50300341113723,434.48932892902815) 3
(239.26438995616607,162.89498858753916) 10
(545.8476442790632,925.5762681139098) 2
(929.5053481372156,13.681430532514472) 2
(318.189592237394,33.342434910578866) 7
(943.4393296249233,692.510480574132) 2
(572.7976439709776,183.51354230312134) 6
(949.9212099681968,292.82013839731337) 3
(969.8106387879545,334.503490389497) 9
(736.2921038971434,53.43908599970237) 8
(906.366062015975,906.7930402416539) 4
(321.1998864507678,358.52161392082405) 3
(247.61966606972908,974.6184094368805) 3
(689.3971102739824,890.1213766241143) 5
(460.45492600956163,7.769467177720091) 3
(748.3616552390929,510.3102611931315) 3
(928.7576647537672,894.7716794139442) 4
(613.9928997450521,901.0322070192667) 1
(488.76287393923576,691.6283212475861) 5
(986.2041930581012,950.741514141118) 2
(479.05852076628975,427.1071614980081) 10
(396.4063597305564,25.044982387960047) 7
(711.7247727780122,491.64485636892516) 1
(240.79453032910158,141.6210681115111) 4
(31.117706824122738,863.1670558846074) 1
(938.7605533126515,624.1879218623994) 3
(961.8775946760104,901.0277497452554) 3
(762.613417005623,383.7985172646265) 4
(517.9131144092875,477.03280516558266) 6
(460.49972599253306,927.2211621735094) 5
(341.5081532105115,162.64598990767766) 3
(501.6599541946638,491.7524363649144) 3
(746.8870955187919,48.60382143427855) 3
(994.165212860366,843.6307455680903) 9
(29.604087596387995,193.05697731589578) 2
(968.7820829899234,165.30625111845688) 8
(69.13912189095495,756.1037445748432) 6
(66.85917112831108,264.4546666069303) 9
(470.9054380505956,654.894240379544) 10
(970.3291213384807,897.5978296259367) 1
(965.003378259937,25.627628472847274) 7
(109.05643339877224,870.7055295990561) 9
(13.066348596886158,342.88885621972844) 1
(895.5486313185306,384.5465099083084) 6
(820.5906697180678,898.8852286363352) 9
(627.8607255262232,92.73930371312122) 3
(3.9281987407440155,374.5037595442244) 9
(494.03614081229796,468.2768823683667) 6
(689.6313009940494,906.1010195226612) 2
(396.18434259774915,804.4095685211073) 5
(3.399745030570056,570.8372734216271) 4
(685.3907959185311,269.98331679161504) 2
(383.6045072604881,920.5118977443205) 3
(777.7344759569945,347.6408820969168) 3
(478.26558640485837,709.5060008989648) 3
(740.1451890964846,295.6979948851103) 3
(789.080587908236,278.1702689334392) 3
(492.385922216612,38.190981582085335) 8
(427.7787518850741,249.394311595891) 10
(42.90514766128195,378.55305334527947) 10
(597.9421025154518,348.86255043605854) 6
(365.7823956153319,566.6889878902509) 2
(585.1137254374684,44.79551590486308) 7
(501.61781169010953,357.25633326491936) 6
(908.2962626231989,679.638677758235) 5
(570.4541416480236,447.91178807676033) 1
(682.7696754253849,516.3967235026554) 6
(464.1313242479429,274.3663548358634) 2
(891.8032318528113,403.0484954668426) 6
(459.7970930545664,280.43942524444077) 10
(535.0870512060745,347.92204053687715) 4
(558.5755232441253,683.508360572475) 4
(120.27253308177977,563.3347700001312) 5
(200.5122361655731,732.8391180003695) 4
(383.4823312014608,430.18482525739887) 8
(936.5044927755649,70.59049192324662) 10
(69.38274313343761,315.0148275258475) 6
(246.24320995175765,598.4916960882225) 9
(745.194598035367,128.0504152926788) 5
(568.8118966891095,618.9841809052543) 10
(276.06074182737683,915.6374669503471) 1
(279.1612045186002,208.9144102519046) 2
(782.6424955259213,683.7419088753743) 9
(787.7649935411442,365.09766538289466) 3
(696.6003711380862,129.65362860700714) 5
(993.9475158548288,885.7561353856853) 9
(76.80380389171249,166.08839640299934) 10
(312.5191833968334,402.3925457044022) 7
(195.91954964059755,859.4457418552835) 3
(204.64129407618026,466.6116697016194) 2
(792.1371636607181,81.35702837802606) 4
(582.501647663009,506.6479674981447) 10
(481.5982335327932,526.5572166338875) 3
(984.654714670411,646.6285894177032) 1
(913.7060237355579,462.2979196635918) 10
(55.33389392761823,547.2047737390186) 2
(262.7612302463127,770.1258158741873) 8
(716.8516516990567,969.61351644997) 9
(936.1302689289643,335.09650174118946) 1
(45.910594292896675,48.54866600093233) 5
(231.63976794671092,595.9237511525781) 5
(281.6459952572869,457.09180147879357) 1
(761.978022425787,611.8483038014392) 2
(177.1554382883308,711.1746287168927) 10
(489.3121616828413,815.5800041546282) 9
(76.1999603077067,182.2089839118739) 3
(965.7700837462569,830.8979804838143) 3
(218.3196786081958,48.94146550828038) 3
(717.2115503209609,486.9681380129712) 10
(670.029993861872,890.7763863339624) 6
(591.7732710717042,834.8083560495592) 3
(495.7437754351709,505.5130308985626) 10
(916.6322925120252,60.42048317869042) 6
(506.8696236531013,862.8542348857933) 6
(841.3425866879171,696.2715031359438) 9
(276.9676905479921,304.67837409656227) 4
(912.2482940576366,514.0948405712193) 7
(642.6104059517252,336.4973721828278) 4
(895.0699917229996,960.3603891823905) 9
(27.98731780110075,465.098766345737) 1
(651.1057293204874,388.10771972283595) 3
(694.7068420245388,806.1798534261313) 7
(728.3441972553533,11.540518572387137) 10
(978.6430053187344,631.5190983855156) 8
(821.7754408765354,768.0295269450755) 1
(251.0166651586656,935.7361791341136) 6
(997.021288775833,948.1379765537722) 3
(978.1510554395883,882.3041975123597) 7
(774.3424738275802,654.7517934950084) 3
(153.90729314655894,463.25377225455344) 5
(715.7600507254508,117.73747374291854) 1
(755.658775718192,669.0082277382534) 8
(474.0099386845283,478.5346102556726) 6
(241.85959009247392,756.1900016212492) 9
(210.31279769708655,209.70460193818573) 10
(886.0551458188203,659.7631427503062) 8
(40.656294626523426,230.80094572365928) 10
(270.30704548830977,39.17300245908284) 4
(530.470744310294,194.29813382088312) 3
(542.807784759923,541.8854940797364) 4
(776.172008781648,208.51611666736648) 3
(403.6616352070761,331.4069695531665) 3
(152.58140651856945,47.947132185770954) 6
(191.75256376918227,136.58614904793987) 5
(195.84425623384126,710.9549021387885) 6
(88.34958332575515,754.6074398348004) 3
(241.7687296892632,404.5289680960373) 1
(647.2032254606901,404.54822219931106) 9
(398.1016204296624,336.1062757997233) 9
(579.3890057036961,577.8294861555225) 3
(643.1567788968116,378.27739665656577) 5
(182.02445536667,609.9133074130785) 7
(90.77008326560143,339.33893357937984) 4
(572.6010703052884,27.748066199131394) 1
(279.8160692349331,312.00596795252164) 1
(548.5422212149216,921.4831824886697) 6
(362.5086127775342,38.691120626589196) 5
(198.01322871367321,769.314877068831) 10
(941.3738745189197,38.054063788397485) 8
(981.1701271735826,30.274007265027937) 1
(238.55334997070554,309.2577838119328) 2
(84.97002009315857,532.8213641259836) 5
(97.0424424090125,8.405415675959983) 8
(610.3135270248832,66.08549857639201) 9
(616.8379810716883,970.4772221784942) 5
(747.9398193223467,369.4337759423355) 8
(156.28840817262036,514.1835518845818) 2
(224.33751920641586,472.45798706268215) 10
(974.3658438673561,942.0348407879346) 2
(372.3866534121768,507.36796792968255) 1
(21.723343499337577,864.6103938873057) 9
(100.42705169117761,966.5014984492468) 9
(468.68283503696586,970.7271047041825) 3
(219.99256091825546,10.141944424474026) 9
(420.6517282330691,732.850340269453) 7
(772.243965999255,573.8867529197636) 2
(65.3481706615413,1.765479091400568) 2
(817.9823852140444,118.02911518386527) 3
(313.88113892580907,203.3118179019182) 5
(694.324879579973,891.7523719087226) 4
(72.90709808567853,724.4201627736719) 5
(671.3149803789543,958.4854951121729) 2
(865.1789551760603,524.3477223165651) 7
(442.0312108892711,884.5532056615954) 8
(46.24888434240992,290.2700324707558) 6
(297.85326115418667,790.5681831593263) 3
(135.45563623875034,454.89521275007695) 6
(315.49765087392115,836.4584747378854) 10
