1000 1000
10
(0,0)
23 80
350
(856.3944827822153,857.4102689011515) 4
(735.4538042991003,652.1699742507852) 4
(784.7496028179339,466.07307640706443) 3
(993.9079502522825,708.3740780522925) 9
(280.56360472063113,997.9953626890771) 6
(768.6184042898464,64.39479004207405) 1
(53.57890002410581,311.47640932849805) 7
(627.4828692768898,510.26990267416636) 2
(321.81195001623865,745.1934012167549) 10
(7.58793898434551,916.3952693498685) 8
(944.7991112126231,293.86974648993527) 4
(410.60986462855874,705.939332097947) 6
(702.7287644504898,379.28685055236775) 1
(702.3662532803145,702.5119627928701) 4
(587.2682848581138,140.22764829125322) 7
(321.39893140516915,59.803006436416226) 7
(363.9584960884118,625.6655245622371) 6
(644.004049593074,52.57489981837349) 1
(613.959859354088,721.1680532997361) 2
(56.552018534017925,455.4326243938656) 9
(69.82206324248274,700.8169064955333) 3
(134.5253728982777,516.9799688283292) 2
(224.16475925243972,56.10272552264839) 3
(44.55285094615225,392.84779231281766) 9
(364.5347230767896,32.31868247175218) 2
(103.74999166078025,744.5830827831984) 1
(655.6213098628732,975.0916158678339) 8
(158.12101139424638,896.0002288944016) 5
(879.737532104242,279.429831882543) 8
(536.7937958574179,679.8627395577306) 2
(911.8363828656203,982.3478496349692) 10
(562.7770282353071,809.7144301666758) 6
(413.66709537014856,59.22229690421943) 8
(495.27814461809936,375.8433016197099) 2
(39.61122882089363,155.6956727126737) 4
(706.4764403935974,984.9168093505917) 10
(639.6834280547353,23.755857752742028) 9
(164.50689065497403,860.2513700569494) 5
(558.4677673060294,358.8060640417543) 6
(436.6680933674911,86.16339611916402) 4
(767.301200480644,68.21372019736171) 4
(668.4373434644766,511.1552831323883) 4
(537.342870885927,762.8926826749356) 5
(139.60379503982446,801.0375333182711) 6
(111.63295822614117,203.62410411819675) 5
(133.3165894831545,521.1884766642884) 9
(261.5096301320241,986.8138408403655) 2
(495.9227957684348,746.0402250315049) 3
(556.7585066789331,361.48329432409463) 2
(935.8437633294229,148.7056978326382) 10
(138.56031020165915,226.5397638342207) 2
(890.321322522626,678.5247717003753) 9
(417.5366022136472,669.7356268383171) 3
(951.2518637083991,932.3672186423526) 5
(488.7859661220765,308.6811506376561) 9
(208.46738590637682,827.8056215383149) 2
(928.7173660245302,501.49479437501907) 3
(190.09294065933392,174.20338110165125) 10
(811.462114063057,810.3425786000562) 1
(402.33891412216036,282.98843581687913) 10
(194.129555173165,191.27281163828002) 7
(933.4449978437588,225.30346104217992) 9
(701.9886754165075,811.2804220638551) 5
(137.44774367158075,226.5729478802969) 7
(560.2289457396166,763.6962280238857) 6
(841.4813362043503,603.1138081712145) 1
(332.5564387604305,365.85413858118557) 10
(793.2731854505752,436.8892066337243) 5
(911.2354479409968,811.6162484873091) 9
(112.31055644458988,754.0772463187417) 2
(627.0732872051142,819.9796343174235) 8
(361.3718895356771,75.23373463242945) 8
(698.3362041061621,242.6173464375515) 7
(307.5884147541259,594.4505614960444) 4
(867.1174497916227,515.5192851384803) 6
(752.861421023548,553.8925021741376) 2
(927.3362850696162,101.30949435551062) 4
(405.6005823570593,943.2362164798037) 7
(338.0436478360563,254.32803306009134) 4
(603.6705013868025,89.5488271101661) 9
(853.744475748596,42.40554187960011) 10
(211.49261819605903,219.72081681956746) 4
(450.01298408716593,414.3566740698965) 6
(861.9430672933571,53.75975701905045) 7
(468.24005053679764,532.9651049149275) 1
(459.47095042496863,44.000557007571885) 3
(569.5594491272363,314.67280130168785) 6
(228.32435634907733,924.7791404403057) 4
(638.0640851131637,144.13739290764505) 5
(383.13804017569885,347.09893235398283) 8
(612.7584351859688,157.04105173296279) 7
(294.85531630041737,772.7587691567796) 1
(648.6030598184324,588.964216289924) 3
(416.87451016232757,203.94567184556502) 10
(702.6960127102781,237.50518676369126) 5
(8.502043174676622,212.36391258487174) 7
(927.7567843492404,854.1597051760866) 2
(873.1364426830162,240.98659589230022) 3
(88.4695180226207,535.2540313860427) 4
(513.4625580535575,389.6304642007461) 6
(785.2536446262654,361.80045766375156) 9
(111.44360073002235,235.50386315808157) 9
(35.74910960938804,298.5906475325134) 3
(142.49569589100486,133.57882842641254) 8
(34.310606109671404,559.031290876616) 2
(228.39085947823668,479.36187366843063) 10
(483.14006899148796,658.9840806491567) 5
(908.0947809461446,329.5115691592502) 9
(782.8881295228117,478.1371624466213) 2
(644.6726724029481,479.6593690683824) 2
(770.1813664781007,661.7615852018923) 10
(143.8650504808815,156.0031156821261) 7
(159.10808716454582,803.3892990547037) 3
(403.26546420755494,337.36171637097533) 3
(825.9697786996462,689.3768858956073) 1
(190.2328153674183,647.7569778241691) 8
(33.31690981612567,200.1601689125757) 5
(296.94421678755623,716.7001957669142) 3
(906.6552732572108,497.34082844308904) 4
(786.0538011361887,829.2933080639107) 10
(655.8757941117409,886.624199859666) 6
(358.5459013427411,535.3960444276352) 6
(841.7872236782831,150.25202571818795) 7
(562.6360958600625,714.502028276485) 10
(666.3083336525561,574.6793377846526) 5
(732.6216369380311,141.36594781709678) 4
(232.02790932401695,322.3475617877) 10
(904.3008044155658,717.2792010245565) 8
(943.5045404158718,571.4995618865181) 1
(171.9682850644405,515.2006207222245) 7
(152.70807739340242,154.4959104036814) 10
(443.84801138416105,365.07610850122853) 1
(821.8793701958913,966.8201147955452) 4
(422.5933749102969,900.5157298042927) 2
(559.6377332407037,548.1607961333026) 1
(27.5009562698868,271.34768151366416) 6
(731.206211770773,632.3122728880084) 4
(925.5127727628978,724.8748265569552) 1
(290.0680753187823,193.42888097668543) 1
(929.176286030788,191.78805911688568) 4
(556.0142267599375,185.63548146048626) 7
(750.1080160790664,566.6071940439452) 6
(344.6783464588693,869.3321195805632) 3
(191.99197227557806,945.5789235544963) 7
(49.304168867570496,179.1028847841658) 9
(271.7448227415665,593.7962151580565) 3
(953.748385700091,0.23293140074753804) 6
(24.599387757301415,133.72960651115318) 8
(447.91374316508967,458.07085222245126) 9
(132.47988173726745,205.4396841643179) 2
(943.8449808417606,751.8631159957263) 1
(102.27358785656548,942.1293650098949) 8
(169.3052779091837,884.52631128042) 6
(443.96933354399846,823.6575887232028) 7
(560.7522323094429,471.75557893119134) 6
(470.13583493502773,703.537155459171) 2
(753.1732755352089,484.8005562745318) 2
(780.6475276614746,714.5647444270145) 6
(453.3084088983256,855.6661548070718) 1
(746.9223754877906,219.05632253575834) 5
(901.5902465166245,192.25318740948327) 6
(375.62427457815863,554.9768851276716) 10
(396.0806700928705,246.37803717346085) 5
(744.3934084765642,181.19882069741277) 7
(697.2352577451813,171.49975746838152) 1
(870.4063676680986,624.5768610983065) 1
(214.6073190571549,64.83969074228058) 1
(471.3766225635545,829.8094964798711) 8
(424.65587393395265,434.72703684920634) 10
(367.59220700901807,389.36764317002223) 6
(267.4300233945732,109.97880150945782) 4
(994.4492695100774,496.95185301849034) 3
(536.3210846714073,551.0364612490413) 5
(171.26239069102468,325.0152943750655) 4
(236.61290664841772,191.549669480371) 8
(711.4354718130338,159.05528472052276) 10
(928.9754529030487,35.28943476476931) 2
(493.53803415580376,871.0526776551377) 1
(775.2712263118061,112.33461973225755) 3
(954.1113930781064,332.84762539040247) 3
(621.011194464452,155.84103293638086) 5
(452.609571134014,379.4705967573252) 4
(2.9577727607832394,260.7789259312089) 3
(816.7914034386727,650.0038865677285) 2
(567.1008176559916,243.76485018597904) 8
(883.120627039142,648.4447545737178) 3
(341.8886887807824,440.2128433703643) 8
(439.4995086224378,885.2312518379113) 5
(972.6272916236927,451.5370634857817) 2
(772.1050970602528,90.17828553307594) 4
(109.92929466976243,124.53062551954908) 5
(489.3378645420181,3.7634399138716246) 3
(419.83292628657085,265.21803042047765) 10
(977.4727160482181,718.8976538126303) 1
(2.2439374679159574,91.44619903601637) 7
(187.65326330696595,178.75990010912156) 2
(914.3650713793968,340.6631849105445) 1
(885.8138487917687,56.65215496266407) 7
(14.620713779997407,498.42644891383424) 1
(361.4330347786844,393.1925832670302) 4
(700.0958972879624,905.9746513712638) 7
(131.77817067853624,963.1235002004454) 3
(595.0478574091323,246.02129142869177) 3
(840.6507962596652,73.84376241518564) 2
(825.8648238160201,452.5297355614408) 1
(510.7993491971177,345.4302511260576) 4
(336.37580388118937,358.3940945931627) 9
(199.82146799049784,538.9497270424536) 6
(611.917800097557,938.7040767051379) 8
(589.288790249176,462.417156094986) 7
(255.26294075876177,139.18687146986875) 10
(151.8175609061202,924.624343522403) 6
(741.0211859476907,118.18546283418974) 4
(653.2102081549158,188.7789412068842) 2
(72.40213456957967,599.6071898707182) 2
(991.2531856696463,5.001063573327302) 3
(320.03319673012464,181.8254191616615) 7
(889.9905392713431,173.85254713083154) 8
(237.72073745369283,428.2630380903789) 9
(836.6022729714753,121.27132407650932) 9
(748.3869999652908,426.7979066040671) 3
(299.5912622778284,724.1058431102608) 6
(205.58704327876865,78.46590829285849) 4
(570.635925872036,648.8810914849886) 10
(80.43120097130819,524.8058011224481) 7
(83.66205631817492,243.1223602624154) 1
(43.81572476554951,640.1946123974409) 7
(325.10659802087,860.5043810030921) 8
(116.7665081300282,858.7328415197204) 7
(170.17315867055515,264.7529433911464) 3
(629.0827682385408,297.3557820229843) 9
(902.1843366430406,161.2551829597696) 5
(979.0729151387534,454.1487770520084) 10
(474.3364616570981,277.9266812279193) 2
(145.92521968253646,910.8516736408717) 8
(158.5493197700275,544.3023010375916) 2
(558.2297515146482,561.645224574985) 1
(993.4963028998229,484.4890389044331) 6
(745.9611317036474,136.88505396191852) 9
(615.3039117556165,231.32278255719785) 1
(261.17756000163104,201.65451830775916) 1
(606.6876142114739,479.17540043795935) 3
(185.55875049629657,106.46700514351359) 10
(765.4954218648717,620.9362542937083) 9
(626.1324600678909,446.7419758064847) 3
(187.8263924742436,188.46503695475835) 10
(589.535652703867,978.4562592687855) 3
(595.0809710515458,482.4132431236062) 10
(101.3115219037175,264.6739209000931) 1
(779.3178183764945,450.28525140428786) 6
(16.03330767841349,341.71098063398864) 1
(102.94253447223045,738.71278406803) 10
(455.3961313172944,399.4265138448325) 6
(385.4369722239985,937.2616911429001) 4
(665.5309338473205,662.7812044312035) 10
(415.50967802350544,549.7292532109919) 9
(506.05309920848083,340.9769904631894) 9
(304.44507345736406,309.89265013800895) 6
(477.5633456015007,20.516730010460616) 3
(869.9327843752957,862.447778146444) 9
(896.5865356099779,913.495614932105) 1
(333.6370274636177,848.8837310403223) 6
(293.3010197945682,598.3676209234576) 2
(993.3529157291872,289.13728103369385) 2
(532.8670159630343,922.4446447702035) 3
(494.7695971375483,0.236536979736357) 4
(432.50365257905474,348.751993352737) 6
(684.0878442053706,31.6309608230112) 4
(354.64259643577657,990.1078486847651) 9
(8.827461200728859,165.21753336619372) 1
(725.7752989691521,6.022307449389808) 3
(469.36012646378913,819.0514577722261) 9
(533.4247667869205,668.1141311656733) 6
(563.7951687330294,573.721185666803) 5
(412.7829007593119,431.39677864949687) 6
(48.03436319564358,698.5948924076649) 2
(742.8527120161739,688.3199182685221) 2
(252.0371546685496,658.53144093839) 1
(181.7342659211537,573.2804518642587) 1
(201.57597228080726,146.10104108143452) 8
(985.7196927223913,777.4461287154008) 2
(435.833479558271,202.8306180338907) 4
(497.6558034310158,585.813342395723) 10
(86.61810087991472,577.6109938603423) 4
(191.33150761894657,155.9822433168221) 10
(123.06009546830698,326.8368330995041) 5
(641.3636171251246,775.7870176549129) 10
(751.2012553844477,524.6267226078156) 7
(895.5553147370854,534.9564878245777) 4
(386.36234533856606,227.43048034201874) 6
(691.3256744096047,292.30877123215294) 4
(873.7849656890526,880.9562278922459) 10
(317.65740143904833,932.3262335933474) 7
(756.3336139904643,289.08108812459045) 1
(132.037116692458,509.43866973425025) 1
(112.45099099883349,28.99072349831333) 7
(922.8282433845943,776.4729626976787) 2
(771.8555358886017,54.972404604781474) 1
(940.8445471524159,99.60519535424962) 10
(511.5928270326364,488.287659306068) 10
(424.68177880841915,433.9824086455689) 8
(813.7866343121849,834.7380578306372) 10
(997.8645545718184,814.3805479260076) 9
(880.8799576229239,768.8984526283162) 10
(85.14730280004656,508.2163526587654) 5
(661.1688383591486,683.570723607664) 3
(731.2553807369637,973.0784865411645) 3
(549.8262492042481,618.3935897116968) 9
(222.55827268163665,456.0037289629004) 3
(143.58763139253395,632.0586121688038) 5
(249.7644798778219,698.265458462688) 5
(492.5297031537713,858.6005390880196) 1
(482.2231605422477,203.6297117149002) 5
(698.5286993436089,393.8684552240569) 8
(331.4091550911642,133.44981714715132) 1
(910.6988532313153,581.5905596834717) 3
(993.2062339400986,656.085701646558) 10
(700.2044716429539,501.12479196918144) 1
(70.69177168533936,711.746997768434) 2
(357.53021813470195,203.44737172086357) 3
(712.7483115868217,664.0478588421553) 7
(590.2657020876431,786.476050840329) 10
(700.8767839248189,602.4748910116441) 8
(183.2303147596166,613.7513882478664) 8
(401.2549271874346,132.45440110532792) 5
(665.6837747258157,262.732564046641) 5
(932.3904758775984,609.9296047214874) 7
(857.6315166606269,335.60173638798074) 4
(889.9290706828922,558.8844959243484) 10
(536.0702262861683,86.95105199414476) 6
(407.99028884315845,366.23573059588955) 4
(438.03844086324364,942.8725104253667) 10
(513.7628484993277,946.6494946974168) 5
(114.34955877760633,374.18476606321894) 6
(210.336422862497,162.07701708947587) 6
(196.09926628844931,498.42892731585806) 4
(738.9932701800028,325.05573651518114) 4
(219.5715263265998,816.6274965949043) 5
(213.06851146649976,247.74715945606997) 8
(440.38961691462185,595.4088980214908) 7
(720.0304216640825,327.0171910897297) 9
(817.0333996009218,411.4709423346983) 7
(135.06369643173832,931.1071030168741) 9
(523.9284554447934,152.76206571805162) 2
(987.1171032642646,537.9097076016131) 7
(713.0383872009448,253.73926805484692) 7
(910.316622296777,326.6710872057713) 7
(599.6466869128307,173.68856553728384) 3
(466.64815487314826,945.1652736599725) 9
(496.46888607259956,755.169265692896) 10
