1000 1000
10
(0,0)
23 80
350
(175.6347869630136,297.92935542843514) 3
(506.90575311193555,289.31986285129375) 1
(536.0629941363514,611.4287317923603) 4
(804.5126316495096,56.38471331342543) 3
(341.55456437389165,999.6095310597593) 6
(158.99233066858076,743.2351870011) 10
(300.9116424354469,262.17072273222254) 2
(752.2747354146281,970.0678344027226) 3
(341.205419224758,389.76207189874344) 8
(136.67257687779676,753.6558037913372) 9
(917.7344928261767,637.7063641228018) 10
(987.2627808210724,443.3995636460981) 8
(462.8199400200929,795.9325948495456) 3
(443.55897466807426,378.71975734479855) 10
(520.1509838085699,309.4842395737616) 3
(611.7970765999514,217.02670311878103) 1
(868.1766584080706,875.8342851826159) 5
(624.1009392235698,161.39455680704174) 6
(951.2384046248802,613.7572949844749) 3
(209.49936757934606,769.6299036750083) 1
(582.2192649772823,781.1926853240662) 7
(968.3157334777868,714.6705958568414) 1
(720.9951227519074,201.94586999058762) 3
(264.60392535953457,102.9966881951776) 8
(65.95480089681428,704.3787963710463) 7
(28.744003841009057,726.5538237552875) 10
(758.9480817436249,202.3094858389022) 9
(520.6768903025097,160.13432147734218) 1
(819.087202450296,642.6706586309941) 8
(838.9267089266888,275.53176888982466) 3
(319.1492918968057,730.3591081411147) 10
(143.85843561727674,671.3963027849297) 2
(726.1305795034056,398.24929811923806) 8
(396.28193571447946,423.6725507075407) 8
(155.86693050377798,434.6061951402251) 5
(262.7342043132936,893.9025969925248) 8
(766.9447194708598,876.5784969048253) 8
(3.203884878041907,533.0853747458481) 2
(27.65725786010087,313.86205966754375) 1
(763.9710774962897,503.93665588220273) 7
(495.0424490323114,844.4746410545374) 4
(632.9787237722649,458.1427133422896) 7
(405.1897885196595,827.1438183525518) 5
(144.13861854877587,161.1161179041819) 10
(245.62572098113878,50.16466802608355) 3
(684.1918007838309,631.0529818853729) 5
(425.64364951886034,29.817638217200184) 4
(256.3194224093227,145.80199511534798) 2
(208.00642615913802,903.0154575165345) 3
(92.86281331595225,479.88835286540143) 6
(893.0745713632718,217.65269411838506) 7
(567.6435174754159,548.9324067375752) 10
(755.8954878060565,301.2743581093991) 10
(24.32234155037105,330.6419224498497) 4
(228.81980392747369,95.9030716395416) 1
(109.08644572349357,198.38002710307745) 3
(446.04550953304675,885.6624987560125) 7
(563.6655360106497,72.63329630910131) 5
(210.655701924084,346.88451215165816) 5
(456.5756780846649,65.48516184755404) 8
(808.2747424770675,242.87737584049972) 5
(965.4582789119299,993.9160198089924) 4
(127.40534174218121,535.3173141995701) 3
(561.0185630335361,198.01390690451714) 7
(217.8617790540158,920.2849392282952) 2
(481.4506829551395,223.54322698266282) 2
(899.3139381559804,573.5098310153838) 1
(953.4873193082317,446.78616544060714) 3
(298.05890851733454,241.620599920218) 1
(187.1117923104637,616.2457915331665) 6
(933.0861910382495,811.9988660122141) 10
(434.6969852801277,626.5355239320797) 1
(137.6204064158214,164.60397898424938) 2
(895.5603882447803,383.29979742420016) 1
(711.2373680222453,387.7733926017496) 6
(220.5175233981975,986.81946679177) 7
(230.3067940857062,686.147508922577) 10
(36.404219985325945,588.8662559063027) 8
(884.6127987340633,181.56455389380622) 7
(688.0494363805269,798.2300420486704) 3
(285.0796691347647,446.3894096250498) 9
(3.128376761454277,403.450038298774) 8
(279.6446840938821,49.42644394379836) 6
(826.6126344669051,79.14891217972652) 1
(146.01495814233988,172.86256667860644) 1
(466.2119148869867,447.3210712256427) 5
(339.68460159857983,774.9056486364309) 9
(790.5768897948074,277.7254102359986) 3
(280.0671313070451,517.4208950898628) 6
(361.99510667571565,981.8866659462415) 2
(834.0154961380288,16.415772750778213) 3
(233.7374217161352,230.75865525032057) 6
(564.2780674992575,266.55222620754904) 3
(84.25774497726601,332.021926245618) 3
(189.00473683558528,863.3192130505495) 3
(738.6054636720595,602.122758890112) 6
(61.66480889484794,979.6175922049708) 7
(219.05457632197155,579.5147510380402) 9
(227.02445002345473,229.24563517999775) 1
(746.6064488494268,219.333076972561) 9
(120.54041386021996,305.2957050226238) 6
(896.4734617977288,865.5929264236204) 4
(364.8409998554455,23.094329800664614) 6
(722.1694657011785,916.43747254648) 1
(330.90988066701755,458.72518414761976) 6
(62.03853786611402,721.6971406491713) 10
(120.70714570641694,332.7320614516989) 8
(620.9263101176382,481.52492254012316) 8
(566.3861150927341,533.1393923101793) 4
(173.47378538164804,148.11363953484204) 6
(758.3688804906063,25.98755128292707) 3
(409.5360036021834,958.3133011415973) 2
(344.3838059822932,656.7960308325572) 10
(769.1702014663447,753.2302980958589) 6
(125.08160604618845,475.53806809570165) 5
(677.1791440076969,10.266320661931672) 1
(88.35282088084017,442.72285653708576) 2
(1.299760207702949,198.2231682238198) 10
(107.17586751161434,516.7182700528017) 4
(549.2790895763461,285.16413426088525) 10
(823.0104702803968,28.803382750966833) 4
(569.2899693362413,981.208472560839) 4
(828.6943428484836,564.6708619050813) 6
(806.9128258704961,160.8283304829805) 5
(748.8985699350284,240.14769262566548) 4
(793.2454814628718,50.38721373622679) 4
(516.4257039624945,380.60396344298965) 8
(624.3683005435172,279.27027113906524) 7
(422.7259452291767,941.2988750545964) 5
(125.78433543834444,135.67802626367998) 6
(390.49496011980233,877.4594176937293) 5
(787.3623265132337,552.403895614638) 8
(279.8627102374158,30.25271339826119) 5
(988.9682056496158,730.7442393593094) 10
(667.0032500280078,821.8656919593011) 7
(992.9160239418998,410.7576789707904) 6
(675.7600956120441,189.62456904059087) 4
(635.4122779547796,373.8088199082441) 8
(317.58815510941054,228.07916758697533) 1
(557.1311455540899,115.18849641896722) 6
(718.4906244347607,331.7590050494521) 3
(352.97150269106345,204.66889371213492) 6
(929.7609335463522,732.6051831080954) 6
(729.0945437219159,779.8425052758137) 7
(77.4728798182398,662.9053347183034) 10
(781.3848578883265,388.89022337740766) 10
(874.6758736492365,332.67247588532155) 3
(47.41701308102542,635.3348950588323) 1
(14.710423613672695,687.7056512559438) 1
(961.3871013922356,417.3827621069658) 10
(298.93581635134547,275.0262502656785) 2
(444.27301937794397,643.9626387556009) 7
(233.94354699826857,365.7281703353652) 6
(919.8604726651754,829.1852057130523) 8
(440.6231989603695,839.0635081428895) 10
(435.2051651889417,534.4116380845298) 5
(747.6970985607667,937.903913604647) 9
(938.0181649987738,747.1254603813328) 4
(770.5046607465866,188.3531042606116) 9
(947.1621776419353,367.97151216348544) 8
(254.0924738143172,372.0059497116318) 5
(951.5216656022429,813.1010535572937) 7
(349.7577562804971,243.1354296863567) 5
(796.4065440797172,80.75714331622264) 6
(339.525083751657,447.1394776209425) 4
(781.8346734050958,33.8882439450755) 4
(641.5976411549523,696.2079338951007) 4
(39.01513148213587,485.63643430694236) 1
(725.8493695937332,362.42854402553405) 5
(601.2878620800169,356.9052464738467) 4
(103.31351354574181,586.201392175418) 2
(102.4357408740989,278.0007844477479) 1
(988.1478889929368,50.90641068892254) 2
(87.22422347608705,418.0941805649352) 2
(206.11895044883977,159.51418149353634) 9
(175.79644162793917,548.6381186210662) 6
(855.9041578357919,217.34756938741484) 10
(202.46374898200014,156.46899060089982) 7
(706.1576107350181,923.3059215356077) 8
(107.06768959973378,353.9013653666595) 2
(247.52592035111132,353.09384809380583) 2
(935.8227301065597,747.4150785755833) 3
(820.4888152174749,879.278587982111) 10
(782.9869995101799,444.8640242416881) 10
(673.9428914637621,683.239818447041) 4
(545.1013020154714,104.7074403671423) 3
(280.4479937242816,240.80301540276005) 9
(272.1714964489367,486.82469886634584) 4
(894.859593570676,307.4338246230398) 10
(375.26373260455495,203.784268371639) 10
(345.4518563763236,170.3379716176372) 8
(589.2998023422064,940.4000557351975) 5
(988.6851829992387,750.8226757318521) 5
(862.8342882487751,267.3104434536765) 5
(408.1577808742847,881.5404765174507) 3
(170.4428113814068,468.10017166318676) 8
(296.34324802131925,183.23395754127847) 4
(309.8867214136434,996.8689213780717) 3
(9.747712613578653,287.9269423952514) 4
(714.9010615274598,869.370098510268) 9
(100.48157422672477,848.2970404545675) 8
(259.84961026638274,735.7781920467994) 4
(125.08359402616031,248.9822733734932) 9
(998.6132671024941,489.9175504883696) 7
(343.1166060700273,817.4038575450339) 9
(121.68648089895851,260.42268384634235) 8
(84.5093689490608,447.3579371727767) 1
(286.1257310430979,4.918180393543858) 7
(462.1968373389669,505.9450589905632) 4
(238.23283300388175,345.33099713443727) 6
(803.4651703408362,507.2757968780681) 10
(612.4902431320668,274.47638290164446) 5
(584.8484845215828,385.82300755697776) 4
(656.4067268862686,142.0461083217457) 1
(839.1447966053101,206.8236963511475) 3
(871.3635667966314,24.615300836737354) 2
(789.0530711473062,455.4252446089676) 1
(6.335935761090816,704.7116063411198) 9
(253.69450124982274,822.4509545804979) 10
(311.77680225760326,949.2261174169894) 2
(705.0555906164135,132.70657368876115) 4
(102.80888122294718,90.2083507639192) 1
(662.8049947543168,812.8282104359197) 7
(186.73686523992993,481.3816178802077) 1
(867.2892326780677,268.7366837950208) 9
(875.0790325085095,651.7083690032637) 4
(169.0113014365402,5.416897728990233) 8
(549.9696036396599,744.7540162273671) 8
(862.5645986876946,89.45282644077857) 10
(30.418763682348636,12.235780200653522) 5
(890.4017420496799,122.00697828698004) 6
(659.7473277174927,945.811344656658) 1
(415.05499270654576,910.1179616702556) 10
(141.51690833084552,250.5280176317729) 1
(288.78169818037503,930.5802778186998) 1
(405.8670113701527,671.4543916874835) 4
(490.9958993986635,819.9714105616168) 9
(695.9780824554989,924.5396278454895) 3
(596.3726981355306,954.7169588179482) 6
(561.3218552819665,547.0109908370704) 9
(494.0120524500654,982.4490077036785) 8
(755.8033536680389,879.5276841488017) 6
(914.5617692863534,433.0109788020996) 5
(586.8763811243076,670.2786730954326) 5
(237.45933333393265,643.2430101379805) 10
(319.6391406073298,416.112485095808) 10
(118.30471372834961,568.6584478871645) 4
(200.45296890548815,688.0002533749274) 1
(272.0607935357137,198.07063627262156) 4
(746.2757288927331,429.56303802594874) 8
(711.396158128556,908.8281333965346) 10
(460.9864257528544,583.4511486041788) 5
(997.6419392903865,115.29492547180675) 5
(649.3524453129975,399.0231571356742) 6
(999.5412756923598,781.8390065165308) 4
(800.9465592039397,754.4506678096194) 1
(26.672900718940575,540.0265890324143) 2
(358.4075503066223,324.4572195105716) 7
(378.53375017467215,952.5961168013647) 2
(474.2787737759381,646.2026620355539) 1
(519.6787281848123,231.06452573943736) 1
(311.6204610354139,37.34590463051069) 8
(999.3507235408358,271.04778534711517) 9
(181.6790104100139,756.4478951584214) 7
(152.98320840399194,454.2175279236941) 8
(148.20723850792496,347.69524780040564) 8
(192.45359325231448,376.5973410598815) 6
(733.7112345909195,330.250159681185) 1
(819.1545034293282,547.8602123079202) 8
(233.31827848800313,302.48937356684803) 8
(281.76518601950227,241.09419370228346) 4
(983.5679680106908,119.27068622015757) 5
(92.19659547101166,808.9691576487623) 8
(397.19767825315523,337.620286606213) 9
(575.8795420836901,969.3054002908408) 2
(198.46373756824843,911.4154942096594) 9
(618.521694270144,571.1716377523115) 4
(836.2598075145517,427.9822946238171) 3
(851.3939055784126,489.5090330490991) 7
(937.0047265589654,135.0459293265619) 1
(460.0297174248318,827.9756140188209) 9
(858.1194237249304,6.3972595227380635) 5
(556.5354080936042,796.3682692952497) 1
(566.0742358486272,798.3298376346393) 5
(136.57193315229142,286.7987923436486) 9
(772.2411095182646,463.11545872222206) 7
(923.7990661858573,336.4050968002327) 3
(237.3059173417913,97.9155494164462) 10
(659.9870197378,134.49308138757732) 2
(486.5110544910692,731.4865494236665) 7
(297.9551912219146,513.2010684056783) 7
(85.42010917867515,921.0552374697078) 1
(221.20716018728749,200.27005711184765) 6
(153.20579363339792,289.46589301726897) 7
(691.4032270192819,696.9137982232418) 4
(559.7585005279692,616.5269928723311) 1
(327.6217511721048,182.9497637579506) 1
(15.459959327829175,297.2263034897119) 9
(971.3930693852445,496.3430884268271) 9
(494.38536852827366,305.4733377198984) 10
(288.6025249584847,488.248653136971) 2
(673.6993488395769,937.8931706061311) 6
(179.94774637891285,712.730816892318) 4
(697.7590979246485,90.61795462814493) 1
(544.8032397822172,124.54353089692327) 5
(624.4596419457063,209.05924668452147) 8
(130.92735000981438,991.3821233392365) 5
(942.999038946465,404.2059032254156) 4
(934.3293080207493,238.29453556320036) 6
(465.48737760102586,292.8445817031242) 3
(697.8652197201386,567.7374263918628) 4
(117.44098214996556,431.9311250794111) 2
(534.5717724001772,933.5003996131126) 2
(444.8108250003299,938.0470521121766) 4
(952.0532377793438,289.85927754921835) 2
(224.49244353936615,85.03295905034925) 4
(831.44206067491,981.3606059600219) 1
(887.8956122185411,363.76972340767543) 7
(800.0952203828246,355.14160516992996) 5
(667.7048641676879,384.42098041425487) 8
(875.2502687389325,907.3154646216138) 4
(987.2225140187704,927.5860575655329) 2
(198.67108418735435,587.359530067309) 9
(995.8776370545953,757.9030053976049) 1
(282.83201010509805,655.4939541489275) 3
(621.692794706018,497.65608080637446) 8
(949.8961232689338,132.19600502333319) 1
(149.64994243461481,333.777522588546) 1
(407.6020400069953,95.12014593167628) 10
(407.32507111436036,577.8982527053885) 5
(662.6141317699698,513.704731383082) 5
(107.22093453571624,810.1223590488262) 1
(620.9103497370247,218.93926546647856) 3
(518.9936582874701,630.0330377311126) 8
(673.6349308312965,484.23586624859814) 8
(520.4230687241693,842.5601780145076) 3
(922.2923826007645,659.2128875622623) 9
(682.1778516536782,89.1280168869184) 8
(209.32878951948797,689.1088067252382) 7
(741.9534970609943,157.8901914572035) 8
(76.97093397829357,744.3232660492337) 10
(389.5116584067346,901.4579093299639) 8
(660.7894035001464,205.92418591795035) 8
(744.304295117204,364.2167374745534) 4
(640.0803301046382,348.5862565154837) 5
(852.2923775251434,632.9055133194518) 10
(611.9498221527089,253.70869584998246) 10
(417.6968592094119,662.1663852973002) 7
(675.4387011883929,673.7161539107927) 8
(8.095108909971671,667.8580188900684) 10
