1000 1000
10
(0,0)
23 80
350
(774.7908173834717,104.18907561458057) 6
(890.9766911927582,446.8247991996931) 10
(416.6493479781557,198.55130275397624) 9
(856.8580140037714,208.30914708593318) 10
(674.74381823944,261.27958097946515) 9
(531.8961200137403,822.1463852787485) 5
(685.0664569865447,139.95803136029238) 9
(473.9007012187061,129.85434738214428) 6
(566.8837800107636,308.68787672619646) 4
(621.4372026452768,124.39630545063763) 10
(885.1983730968433,677.1237095966785) 1
(506.3920723670534,685.9714636767695) 9
(399.4182210088302,953.9982995888374) 2
(914.1096466623696,1.0526125721371793) 8
(364.39769772654904,148.56500998714895) 3
(492.22383671123396,442.55990299313396) 8
(75.42376509388016,385.9551786552309) 7
(343.76403637000084,46.33094339148669) 6
(964.9479952135572,162.64954449876967) 4
(476.54024322279156,163.08051520548074) 2
(913.9231466497707,89.55185948814636) 4
(197.7324581941512,584.446347286877) 2
(422.8624626828249,349.7822477469944) 7
(606.2779679411962,963.9515064593828) 4
(605.4295329874266,864.9764252034521) 4
(331.39939986154644,271.67451660924627) 9
(516.8597371698111,491.3044117150499) 7
(48.0017017202129,352.4261404327775) 10
(263.63784637878985,435.3412692173774) 7
(83.05988001776842,165.31895095453342) 7
(702.5748962531062,290.8868482430839) 1
(405.92470238642676,100.42250410546094) 4
(657.8264280029656,662.4352049676337) 4
(832.7154979847238,100.7921366993697) 4
(228.9956401848352,277.80995388939954) 10
(824.3286013962983,868.2908298396053) 8
(663.2724214153283,689.2667274259288) 2
(100.02827434104655,152.91992218522543) 6
(815.0669737933544,73.6094026548475) 5
(196.07253600323526,263.7308444478137) 8
(201.67895007221816,412.8978911293518) 10
(184.982466819405,359.3475257302544) 9
(840.3126525124575,776.9518984036096) 6
(528.3234422290066,214.9829601619757) 5
(661.3424897290498,886.4074482489558) 9
(148.18228326776483,748.3364066105968) 5
(908.8646231143881,215.56896721330133) 4
(968.609976766323,315.78628293261556) 10
(284.91913691837243,334.4968134491246) 7
(373.0660048240657,91.57699679790466) 3
(59.69569898042104,919.5910814016839) 10
(677.9117745600432,278.3484692960577) 2
(830.9478682698516,136.7063989204208) 10
(238.59406341529598,337.55298683893676) 10
(604.4387470924217,209.7394536060214) 9
(201.68962139598833,673.6428135913244) 6
(251.23240080748778,750.4966785244259) 4
(807.6033585539085,23.447008818005987) 3
(733.8542971298111,775.3647157444864) 7
(175.90940967841374,528.5301805240481) 6
(517.8117433947509,151.14376986397517) 1
(945.0108544035153,37.907163356292294) 5
(74.80745237588371,374.9322089342808) 6
(582.5859359991671,740.1148178803512) 9
(299.4287143040695,895.7340106278886) 8
(346.8584266573238,745.3621128041199) 9
(347.34798087695907,415.50712348864107) 8
(68.0381172031872,998.2388898408557) 1
(359.3027092026684,274.3304554093986) 9
(273.1339083788869,277.0228647637917) 5
(47.36117837124731,874.4462135579066) 4
(458.09439047150204,560.5555008913068) 5
(538.3874262907319,422.610222082197) 2
(7.087538897655121,379.8816675168324) 6
(134.9604971213958,171.47663145655056) 3
(981.5996419805882,804.6715403583942) 8
(296.80248818780683,728.8910133801139) 5
(864.3041376447901,737.1596613747638) 9
(242.05648128801494,719.95369791149) 5
(297.4737654898392,763.7923687321538) 9
(497.12139542990377,870.8429056757091) 5
(987.1000966644084,522.1205082429634) 4
(614.6413008832685,813.6351342785993) 10
(195.32767496451908,418.8462901768224) 1
(186.22415220399625,233.0057844059099) 6
(88.39658651820281,319.057901920351) 6
(346.98848015728004,519.0792360690056) 2
(121.50989830496161,181.26907122018088) 3
(283.8514605483651,402.2115181552316) 9
(604.9051845261914,43.08442026131265) 10
(393.31617128468434,120.83356295320469) 4
(419.5607547975142,601.3942807566054) 5
(664.64605774112,611.9356582273052) 8
(256.2963745271667,834.2351756741926) 5
(5.673840366508309,913.6287341758975) 8
(489.8440147302221,416.96180513576905) 2
(426.53158240701595,302.3683450942981) 10
(17.38143797171987,424.73907327542526) 1
(118.96391939384942,752.315090689198) 8
(484.1316419216053,22.264594452408915) 10
(191.61430695665172,66.38369724809246) 5
(122.05459431095412,408.80194379045673) 10
(431.1817688884202,66.13932798204391) 1
(218.9381251541862,441.27659774823746) 1
(430.8097567503084,450.40964899040927) 8
(48.083528402297794,448.4161368217355) 10
(284.24751046533936,687.6283723876188) 10
(648.3887487164163,615.7990248199354) 9
(147.6245019644564,987.5105143038147) 2
(847.2705808801928,642.1230090821158) 3
(989.2166845338767,639.2717574596534) 5
(321.98301844233845,434.84547141042594) 3
(389.86843858755606,923.5419448252418) 8
(692.0640624137055,677.122884966466) 1
(289.71539422836855,591.3766806026422) 3
(203.92298398606712,458.56037119354863) 1
(829.2163138195435,286.60601175495634) 6
(372.59917710862123,878.9673041219619) 2
(367.32074884162245,538.4077722483952) 9
(443.9189009455834,204.6413569790526) 7
(12.66272415700309,45.06220908633796) 2
(837.6220746156254,572.5530835340212) 1
(892.8251824062052,816.4418083289322) 2
(477.55473171757836,268.84691430328246) 7
(187.42804801428946,879.8408453866372) 5
(852.1770205577999,838.8514205562323) 3
(700.0520112284057,390.49959876604356) 6
(55.742174609514365,288.89500938859527) 2
(549.4393608192136,562.5884643830684) 6
(965.2759609193799,213.82454134640983) 1
(374.38731455568706,873.226393272832) 1
(694.4871451011111,388.8416100881088) 8
(308.4193617332965,867.6940677791304) 10
(757.7410616364635,686.6124624788633) 9
(632.7432415889635,108.74231286276914) 4
(198.39494379621257,86.94327486044217) 1
(503.2779291153394,450.61747508652104) 4
(342.8611117676309,372.0188329510039) 7
(460.6545556236044,991.7985780891041) 4
(62.917107160710195,177.5755602876802) 5
(692.4315869241873,698.8887301625499) 4
(996.8397457890333,275.9066508454281) 8
(48.23282755555947,522.0350340548273) 7
(406.41410715752824,292.88158282269706) 6
(96.50599111946923,873.7958605623103) 9
(497.5078246626942,456.2619312941131) 7
(661.6458365157077,470.3939844334044) 8
(223.06659007215157,779.7734362770776) 1
(753.6239574166918,539.1192398753681) 4
(560.2537982296565,125.99523765962417) 6
(903.5986627200634,207.65087622361435) 3
(409.71818514679825,210.55316465510344) 7
(895.1747385521192,13.6918309330476) 5
(587.2361216700272,394.4776720923914) 10
(756.9476204146106,371.8260947966886) 1
(661.5133542986773,284.11652242779553) 9
(33.157011360222754,612.3809080616408) 10
(108.17793997532632,668.9546520325301) 6
(23.51999738139621,770.6310061777112) 1
(144.8610745958918,978.1439777411996) 6
(109.61768123087879,809.3872501663421) 1
(454.126854990638,374.3689655998032) 6
(80.60625397894394,875.1927662908298) 4
(708.553219761097,138.78520801838624) 3
(418.1704527095403,538.9252409520784) 10
(50.5116541229973,505.89479086440105) 10
(27.003317737394728,641.3573397960224) 1
(757.2259548071162,572.1733937414699) 4
(471.10536868211017,707.2808728869303) 1
(435.70643564738407,557.4045437649576) 1
(196.4479457072662,37.34812766641116) 9
(539.8118651488492,603.0010527950773) 2
(415.4731355040935,502.8824604866765) 7
(310.9698849162625,557.8551339427227) 6
(70.32010102497543,165.76367497056253) 1
(865.7550252680156,725.4108750706622) 10
(36.15441300333588,22.261451471137228) 7
(44.191173203741776,29.80023245649399) 6
(429.0685368918423,776.2545679422238) 6
(145.79227888453616,980.8948643847388) 8
(268.9451940865605,480.65926428260343) 7
(950.0696141091802,473.6378737797079) 9
(823.1208219899241,798.513039672106) 4
(806.3571448725311,563.7166767263186) 1
(699.3534343395198,516.2004183496973) 1
(684.254075290984,998.3158619370782) 2
(432.3959406904602,372.89173903854567) 5
(39.86664157394293,646.7803460809203) 5
(0.8246095223587435,126.2258882192998) 5
(642.0292640891228,150.10854578879616) 2
(25.901774059614247,290.26624604358386) 6
(86.73792094921696,982.5613045051152) 8
(92.88701865364624,399.70000381095616) 3
(832.049452515337,775.762275418457) 9
(608.6935068089646,319.18357321147425) 5
(815.4528776111522,131.59552053915112) 8
(731.0493328772951,575.3307783932162) 7
(903.4316149821807,72.94329221676988) 8
(44.767207650231455,931.1652682633479) 5
(658.1583457343208,430.94216557772125) 8
(571.2123581497669,372.8624851231336) 3
(211.55847335643864,178.38141003735296) 10
(219.11850036924218,566.2101095413823) 8
(768.9049074975695,792.6988185212957) 10
(868.7761698506533,720.0235285705089) 3
(596.2729904253399,960.0877231880545) 4
(29.797540759874398,303.9980386435762) 10
(28.257315275151296,821.6365915132168) 1
(845.1678675226611,988.0563367935293) 9
(989.160252405278,949.23711149539) 6
(251.8013190923851,132.24854810781383) 1
(417.803203697606,441.51251772024125) 8
(667.7323096218383,552.5057041719047) 6
(646.0490292288902,825.3280083744756) 1
(917.465218489199,686.4196815018693) 8
(407.0550514275165,899.046286557355) 4
(450.43921640708953,13.285127683422049) 8
(905.3417628460697,820.5014319896728) 8
(609.5536038192353,415.8758620893891) 1
(564.5282419765043,446.58356090012916) 5
(152.26270024851007,950.6402793398645) 3
(914.0956279278516,825.2280402281967) 4
(20.38675655297373,915.4440484690999) 6
(391.4940395541782,173.7379536869592) 1
(710.5533599209768,437.61862850816533) 8
(329.53557849253855,314.1348544382957) 1
(57.04734053993332,598.9905415975842) 3
(927.4382920169378,209.25767492635205) 1
(604.2149988391195,222.2761962592603) 6
(371.09695020602726,857.659843084142) 2
(842.0553578081951,50.21933879699969) 10
(407.2414550746144,315.0820893787358) 8
(834.8038902135269,16.12572512918886) 6
(594.0706770301524,834.0717141547212) 3
(838.4125087197365,480.61609504598266) 3
(286.2157849892745,127.42168846615675) 5
(746.7001902845141,177.00513346383318) 9
(197.8940719599408,687.9418268924446) 4
(878.9624785974213,411.7324413897978) 1
(13.029437069408957,698.6413624904218) 5
(620.1330028693844,731.5660374226683) 9
(687.3736503773567,112.60035406003522) 1
(532.3133275853871,768.504848438748) 4
(102.00850972766762,288.7110721322903) 8
(813.6190256467336,506.7120277602333) 1
(240.17467103063672,441.6297958486626) 2
(791.0735546963044,478.7059353005907) 5
(286.55319086598973,244.5702581395085) 8
(79.74661248014792,983.4933374669876) 7
(974.6629409039926,675.5343710567029) 4
(432.3333126342963,710.7238201442419) 7
(527.9682201905981,769.777897507488) 8
(409.746441002892,357.66490585557466) 1
(578.5407745690708,516.1295438974187) 2
(194.48965367161685,901.8986978317851) 9
(665.6580804948929,60.91686078900216) 2
(631.7181456309946,625.9157896024352) 6
(653.9050094949412,407.56198181027025) 1
(835.5235695061839,99.47626516382013) 4
(253.42742812790698,571.1483929299707) 10
(55.773778050045465,784.4390222962327) 2
(896.5671502817538,430.7771842411455) 9
(428.8112449571717,401.92563487608936) 6
(638.3159443290007,518.1370571845198) 8
(796.4338952865886,550.2162077728786) 8
(22.170646583640764,673.9912372321681) 8
(791.3373062542037,288.3332975575643) 7
(99.06377128942268,566.074697802119) 3
(415.1382364011897,726.3581881684455) 6
(909.8839280955508,71.99625714925462) 10
(349.79920769182394,881.1550363593876) 5
(765.5151798181021,754.8627972981942) 8
(837.1178209699466,651.1124063865972) 6
(947.4771208177252,174.33644267223326) 10
(449.48795755029835,41.05512462327099) 1
(324.42682536473654,179.1597310984443) 3
(424.0772170370626,987.9743367171352) 7
(630.5657911333005,460.6054601530914) 2
(790.2766354951488,905.3735706578068) 6
(706.5360857171014,922.5998284528122) 7
(330.6978350746177,499.75089673348884) 2
(636.0262160678138,484.82692160669785) 4
(429.6107666921313,450.64447056930925) 9
(661.8085101236627,435.1344714455302) 8
(147.6762472513118,961.2359827808416) 3
(78.63472631731617,942.9728766068081) 7
(539.8439219497329,431.55012582325315) 9
(779.4935604706711,520.9043294494264) 9
(470.12923231421456,10.552865571247239) 9
(725.7637574431411,485.579857506927) 5
(342.0164379541043,126.9697132092854) 7
(123.75072167888513,952.400247236159) 4
(921.3369243663595,86.8207023276133) 8
(355.57558967478775,749.0356418324075) 3
(143.3836324555241,53.49487639561224) 1
(87.54022950911688,477.270679969762) 3
(929.8470498702858,302.3889045725041) 10
(928.7710706340675,793.7678831963932) 10
(785.1018854897542,396.75568623074963) 10
(856.8090201614406,152.7675867856818) 6
(873.746984396753,4.749814339370273) 3
(279.6647610843337,394.09694717966215) 1
(154.8948492799378,703.4873892517531) 10
(50.07781311563186,600.5343750821936) 9
(751.0184882251332,916.7194383607509) 3
(969.8344198973231,599.9893051037495) 10
(326.86820674977326,930.6046044401044) 2
(976.1855788534914,162.4282217045384) 4
(377.71138236333957,744.9483919154557) 8
(987.3706482901605,746.9260749091899) 1
(33.171196522105426,469.08202478012527) 8
(925.5748679385099,414.5345953777482) 5
(344.27479480334375,100.32873522364216) 2
(422.0498735636825,130.90006409860598) 3
(867.688604551791,506.10155521075905) 10
(677.0322696875618,148.81883949412577) 7
(826.1101139038974,94.24726465991617) 3
(702.465091868496,320.4743258467874) 10
(110.40135754478241,98.06630409901062) 1
(269.289401143773,261.32697800654614) 10
(951.7504967308842,294.4946032869964) 2
(207.85809213734507,22.30572253771257) 5
(39.08954643068196,464.0696743844795) 4
(159.2851020628583,459.62282936411134) 8
(836.0089530504274,703.4736881037416) 4
(563.1209839565362,803.6474965632906) 10
(342.6737778109934,629.259599653323) 7
(218.96738627988577,947.9085188224743) 5
(405.1229254895884,978.8336928904514) 8
(53.646465437413696,920.1047196402745) 2
(914.6928972950009,853.6574774506777) 2
(671.6169878709607,202.83805690837252) 10
(949.3274370291897,324.7052708610937) 6
(224.16490875479545,9.309580547518959) 2
(680.6865259351463,639.6322269546622) 1
(53.72166489107677,585.403377732674) 4
(121.92449426409857,354.1337174096677) 8
(273.6184527518166,834.6815066422305) 9
(95.89797055569782,324.9910419580462) 10
(551.0513735670509,225.03830477952192) 3
(701.9773773920513,572.7277498514067) 6
(506.9739637305877,345.0133478223842) 5
(52.80536645617195,713.8692250420048) 7
(565.6900297283617,814.6507808608236) 8
(775.8268400806226,132.29859728328742) 1
(335.06096446360914,938.6158407178036) 5
(96.50650768230362,311.4051600364216) 3
(896.6239421711163,824.4992079856154) 1
(748.8168050888145,983.0716028827776) 4
(553.2139275195434,87.74258899998854) 10
