1000 1000
10
(0,0)
23 80
350
(502.449373213496,217.57169551373568) 7
(367.7746502844621,903.0633680740051) 7
(662.7113479903662,56.69965173008307) 3
(393.4898500698034,154.49604128586935) 10
(881.4721002739271,22.90834250436935) 3
(355.4058867466019,86.84675361808746) 4
(101.84617279093754,182.71126735392562) 5
(164.94858611421205,419.74203867967896) 6
(934.0551561379551,926.7734050465151) 8
(203.92565898201588,464.10123117189005) 6
(716.6039613251827,399.8390011107624) 1
(231.29559801903065,718.4605069459378) 9
(104.04090283869638,736.3757094667562) 2
(556.893821696652,483.2362079889226) 8
(120.11480459249712,476.5800662567652) 6
(294.9012029820072,978.27773212013) 6
(411.3564825488227,320.96533063333834) 8
(805.2725145338317,287.29711913042246) 5
(267.95756932574756,97.44925438581919) 3
(965.0966518810923,992.4675859550064) 3
(136.69308739198317,326.7865857702471) 7
(109.93524876485905,469.5806109042995) 1
(857.3100734396794,81.10598035221528) 10
(415.2995243232339,397.08972848712057) 3
(457.0334582708262,840.338203057973) 5
(240.50880345443827,311.7978357253659) 4
(476.0799405833299,256.3203703139173) 10
(451.67774560186234,638.1041320949317) 5
(597.4826684262958,928.6033625078096) 3
(614.276901641227,281.6084341393622) 1
(336.6090115513635,297.01058734974015) 4
(454.91900151289633,359.1529409777179) 2
(771.0714923344311,749.7833889081822) 6
(72.49447008192034,330.9520245704455) 2
(190.15297709509127,779.0785765736392) 9
(844.739796506519,723.3982092250682) 8
(892.478852994189,729.6606945532601) 4
(43.202266271979205,756.7869205865107) 7
(371.07857343828,168.88022996902464) 4
(362.4486844651714,638.0609299417315) 5
(502.4706920116824,152.62814657071132) 8
(163.453776027217,704.4078964480905) 4
(982.0277784846563,789.115929766957) 4
(642.2260196785907,120.58035985704674) 5
(661.3832988444279,370.6580672070414) 7
(395.8426900260299,838.8682263907996) 3
(210.75322563170397,208.3196024798114) 6
(192.6705301934337,546.4231450626302) 6
(148.98653003708552,699.3622947860298) 8
(508.8120830345685,381.0092917618969) 4
(73.09467420683946,51.550890255694036) 3
(673.7851585975202,349.8118007127501) 2
(646.3198366189313,140.24848725113247) 7
(633.2504828493089,492.0741182921577) 5
(56.08448778600228,798.6338776735239) 10
(948.1064605479231,702.2835261872401) 5
(358.26972871506456,607.0051068620753) 8
(236.76395011849337,160.61460673531502) 8
(667.9437742333739,195.76352469053205) 8
(505.0021157988306,653.4489309451018) 5
(950.4656883787854,689.2694019855726) 6
(991.029616807265,149.46096275485644) 5
(24.022793369352648,589.2564914851831) 4
(943.4898619880144,491.95896521287295) 5
(160.95413271099156,465.35512955762795) 8
(459.84340590834614,945.0407421204213) 5
(254.9146276564066,461.0919213837826) 7
(86.75794745775977,233.01558516753906) 10
(328.3539367908862,199.56101768753265) 8
(540.0993978688251,890.9476042933032) 8
(897.5542626251853,134.40019386458047) 6
(415.043074818752,749.3854656560429) 10
(119.50688797886532,633.9502996444741) 1
(219.33316873274933,912.3272795881613) 6
(303.7553984006751,523.1080195038279) 8
(4.322610698692886,463.49922420047585) 1
(301.4039336273453,512.387853482265) 3
(38.79012891775923,751.235703612206) 6
(42.47964232283608,517.0893625917831) 1
(669.0303683075207,117.90640337238467) 10
(410.14745293069797,45.07516396822786) 10
(653.9151297445824,790.4055086392564) 4
(614.8691103146152,417.8219403391291) 2
(258.3829975291282,458.55759038871844) 4
(510.1256455380436,669.2250684705284) 7
(819.1372848728764,436.75315595495323) 2
(10.34125480888559,735.1167906915506) 4
(433.7554700496521,509.6341857567173) 8
(41.3770437529497,501.7585131464388) 6
(950.0367913673361,881.7274671435399) 3
(535.2652461077541,803.5799166931213) 7
(227.12778076761774,111.16501760754305) 5
(146.88534551639177,874.2664097632817) 7
(63.8056276571386,157.74905827896134) 4
(422.24853541595905,714.7511715199124) 7
(870.0425030370465,612.4807645735283) 4
(358.10729175244194,946.0907659755993) 8
(993.1834162780361,352.66038517766805) 3
(723.4243739606775,56.460877209684625) 2
(845.2994328278879,655.3291879633355) 7
(324.8581628914912,776.4691181589089) 8
(312.8077910986717,265.7067402304769) 8
(845.3152862989886,438.7531093469056) 7
(871.6402964197061,699.2021937095507) 4
(504.0098094463993,103.11584362192706) 1
(891.5804676191559,427.2093237549919) 10
(668.6853375905862,125.94411605360634) 3
(821.7800115933086,530.6693190216065) 8
(377.8364562785025,434.6135078514158) 10
(396.16304158116446,112.5166184549028) 10
(184.02083442579342,48.936320701941206) 9
(491.63518667214976,308.95428876625766) 6
(649.704101623789,419.38721163824755) 10
(974.7366485795451,912.773676867211) 2
(297.7436314997072,617.3387237563927) 4
(681.326136234355,993.0352615121973) 4
(272.5141687676551,382.66788077335747) 8
(589.1078967566527,619.2524359184275) 1
(556.8230264138235,585.9911536088722) 6
(579.8333533200621,906.7948818621601) 5
(737.657907599709,762.9351639908795) 2
(113.1153615185232,714.766155886688) 3
(269.16291899076396,988.5333385381696) 6
(503.2929286010169,550.9696038933961) 1
(600.3570102906442,579.3447867921393) 9
(968.3593866880406,359.78781638558286) 5
(279.6337685609811,40.02874375642607) 2
(717.5825696995238,171.01608659234802) 5
(191.3694578024323,513.3231752964753) 9
(718.919652881432,259.6297206991979) 9
(855.1712045377756,171.61982115683273) 9
(977.319062391171,312.38963346544955) 9
(254.94456950188206,616.3506618253491) 6
(283.4355758677355,890.698719054247) 6
(348.12413913975337,685.06702444954) 1
(409.01987069678347,346.7806658337359) 10
(257.4297095742488,203.18977569862383) 3
(399.55465536551407,919.0928310147931) 5
(341.41168633474695,14.749630721888174) 10
(386.4560066589759,600.6122444266065) 1
(105.3844376516304,98.49724307926944) 2
(435.13215854120955,36.627186265495105) 2
(39.11344750035261,888.3773451154908) 9
(534.1289172540949,294.86331728842094) 8
(230.71824056536428,864.0274161196318) 5
(294.0796075972155,482.9233108415344) 2
(706.1863610264971,937.4911244229494) 2
(245.4965985574994,175.59369950394245) 3
(52.89382193657877,854.0587059517345) 6
(730.3483613180085,906.6428788406441) 7
(700.3156717123371,972.0571076633523) 7
(56.89015053527946,445.12864098376036) 2
(63.10964328893598,100.62556617233886) 8
(378.8302439486563,615.6016289660389) 2
(935.2841296808688,291.38229795513524) 2
(918.6792889184333,953.1107123756652) 4
(369.2875913645648,248.21032008132082) 4
(752.1716313185697,847.9203045366379) 5
(532.6498535518825,11.940111416032128) 5
(41.67817001852969,901.9311414027302) 9
(979.4222515216745,260.21053372741096) 10
(556.1741667659974,622.2398607119779) 7
(713.5202483563951,129.31446115601318) 7
(431.55479202120097,676.0031114402103) 5
(536.7602515638353,490.3049516166565) 5
(875.0529266460559,675.433847338625) 4
(257.091803903671,731.1259296106812) 5
(533.4362940575884,321.0387850852084) 9
(558.8767934699964,913.2191474043819) 10
(469.20478068756375,11.332689438501408) 9
(749.0600746224424,80.00256896308089) 8
(754.4963031167546,407.3753645385626) 2
(783.5456093978464,81.218756140377) 9
(788.5560904856105,944.5735661772864) 2
(504.2672456455577,148.880624080554) 1
(443.094770197656,236.31247695816705) 9
(874.5025476485042,647.1055536785855) 3
(423.8677226898314,49.720431089161906) 6
(97.0690346195161,757.2848967911408) 4
(905.6718131665499,352.6920678498542) 7
(593.5719477347768,323.58983692442365) 2
(81.41045109584444,638.8793626666491) 7
(958.2724645257659,927.7161616763639) 9
(50.30854741901392,916.6281902801438) 4
(910.8073805166422,24.82731701642105) 7
(690.4689088995797,873.0062422099094) 1
(902.1050351914041,748.3974294365239) 2
(222.38852749252047,95.45276449383245) 3
(475.53909643887107,332.4288179515229) 6
(534.8077121646322,189.59059527704835) 4
(404.5629379261364,573.2653161264997) 2
(170.5795267490665,477.1272349899339) 9
(364.47495466070177,143.73820231219548) 9
(352.7910333815515,414.456961452321) 4
(163.22435495734277,146.560686996558) 6
(811.2153173118955,598.0675713469045) 10
(944.8036676140218,157.020149607343) 8
(133.3013469295369,702.5993995612216) 7
(597.3009486964735,741.5116573524053) 8
(497.4077701791473,248.31995465814094) 7
(754.7544618333843,562.990655411091) 5
(211.84230378785907,607.0402713260986) 3
(648.0366931109216,180.74667828633463) 3
(302.0375141464672,643.3365375011413) 2
(545.6337869403666,136.89103916699375) 1
(493.68237263284675,222.0086162586037) 5
(685.8733077566462,986.5127750067046) 8
(122.04818776101834,890.0436616397382) 9
(259.2043214156182,509.79199125034194) 5
(756.0092293414472,490.0394730276447) 2
(374.5142310263674,959.7100007445414) 2
(757.2550404425215,836.9969579240947) 5
(962.2108492593687,161.0553812579314) 7
(729.926899996481,259.7909265308126) 4
(986.233892223449,248.77630740909774) 9
(579.5553500327711,347.358428046096) 9
(45.740414703492995,127.58689651085919) 4
(698.5558762313751,973.5986338333065) 3
(570.7331852090892,411.8633636182203) 7
(198.1788305946146,161.5697411252437) 6
(774.8110361106447,467.6951434786802) 5
(799.4225431793043,779.9334441316337) 5
(739.2232156468451,12.710785943528924) 9
(532.919997241185,940.6859344429106) 10
(652.0442033094706,663.9655765749873) 10
(595.6641004254943,626.2432900057121) 4
(922.3218376620267,323.99937168155293) 3
(43.59275957348097,58.68981706987297) 6
(181.45614923364118,63.67275764897406) 5
(45.4571157150242,712.4539555481463) 4
(673.0818159895601,497.5206370822458) 9
(133.88659520231582,564.6358463779584) 9
(595.6199594300717,635.8902247797662) 1
(421.76436221276106,214.95035439526478) 3
(759.745783452488,489.6813549816681) 10
(925.6293372733187,434.49333803840386) 4
(590.6143316561084,240.02964290436145) 8
(615.704281201534,988.3808425812845) 7
(547.7602170831997,830.4339763326846) 4
(532.6646165529811,301.12342025642147) 9
(507.73454735819877,504.6458001117664) 5
(677.4325193342468,819.0814479400892) 9
(698.5106893848651,916.8614264550677) 3
(164.90595948338216,389.7743890662537) 1
(221.72724768312347,513.6730140558133) 2
(392.53137819906914,722.2883509832038) 3
(765.8235928741207,122.16567317359839) 6
(19.569354555195815,475.2865108863692) 8
(596.2734883971202,453.09791417786727) 8
(496.7254431145631,611.6078982638408) 4
(737.9835239702958,413.47722449205537) 6
(165.21753127804973,872.768989217983) 4
(851.5010073879255,124.47263019290844) 9
(740.7515922043141,60.50661349833153) 8
(128.10326862543397,702.4274602873913) 7
(674.1667888124402,946.0450756581067) 3
(914.1252788239283,745.9530466662452) 1
(46.66533949447593,592.5476056649605) 9
(998.7181125389357,789.7378549898039) 6
(242.04316623137066,831.7766305983166) 2
(590.0178168447691,121.99184611591696) 5
(884.7094256710275,190.80709411179342) 6
(925.5404432570699,575.5046037924387) 6
(180.48607162938546,135.2059726171876) 3
(626.8154270952895,863.1112728964025) 5
(745.5867515794172,1.1301925728535167) 3
(875.9450836721021,846.2000769003614) 8
(525.2121279276008,357.14414537714225) 9
(386.9176623299262,209.53516688620033) 9
(528.1373278719885,38.10307571780669) 5
(921.4738305900843,949.7275492429225) 8
(76.53766015541552,393.797393434303) 1
(267.28524641843467,672.5441723485678) 4
(883.9830662238933,481.2404035551666) 8
(634.3204606875345,710.1478079207983) 9
(785.5483801735783,664.7934623869224) 5
(594.8185567173606,988.6025027625606) 4
(876.6712535084417,205.3192108848799) 10
(122.21127158670141,845.715228879579) 2
(761.0290195012168,946.0082967217053) 8
(968.5612100936926,743.768545218572) 4
(428.9277968357695,263.7929115395512) 10
(548.339523589342,304.5376139440328) 4
(853.5419756658727,826.8049366047519) 10
(389.12337816685795,426.4677690936895) 2
(49.49139219898435,587.218681845971) 6
(16.692201513252126,720.8522496013675) 3
(748.0210693508411,560.799486211266) 1
(808.7723151451029,607.6231714840134) 8
(849.726531240038,482.3404084564481) 2
(74.02598730928855,816.149038414468) 4
(611.0820396084266,250.46652587683926) 1
(491.9387977528766,818.2124036057219) 9
(358.1010781544465,331.792684258487) 4
(434.30555206105737,421.77862734378124) 10
(516.711544932399,666.7333987091714) 10
(527.0758455220173,929.4445966178268) 5
(792.1558060854167,521.1300176434428) 4
(317.30364427485534,612.4264128071663) 6
(68.2097749824957,797.9316766255777) 9
(446.257800724035,439.8296820645561) 2
(295.0766600590077,464.6773828931615) 8
(948.11822342995,89.21450938628006) 1
(795.7717451024769,392.25347479266793) 1
(854.8433845856192,479.76855719555846) 6
(621.4045181205181,939.4473457166226) 5
(185.28214444939007,44.754448726156085) 10
(767.4630770077138,79.30396518801264) 6
(501.40737494216256,930.5539160670002) 7
(913.7170118725061,661.1121354182503) 9
(28.145946386161746,572.608775492178) 2
(967.2540316467869,251.37237685610668) 8
(397.3602567911194,510.9703545878914) 4
(58.34846580367559,41.90307545992222) 5
(805.084481452716,260.3746541194838) 6
(953.2191475136641,669.5849063238602) 4
(493.8428785776275,465.9373398763671) 4
(735.589588806757,653.2984542432029) 1
(590.2095282103613,397.95501588481443) 4
(300.47609200840463,380.2261861897137) 8
(655.8075397743788,92.7141383898511) 2
(658.1336691152133,51.673507134800566) 2
(797.0238977579651,481.6155133599975) 8
(245.13899929071746,912.6666646706431) 6
(894.8718806742094,123.6035074419548) 2
(53.413850215823345,583.9048155193585) 6
(800.9690418692792,790.0283658312093) 7
(700.0366676728136,321.1796384827724) 7
(479.60194487315124,820.6395664053522) 5
(115.45862754484493,177.17387507039538) 6
(88.90644511362945,591.399670746612) 10
(962.3845138507271,26.881162894197065) 5
(206.30617525367433,751.7859116750536) 9
(368.2773408079031,906.1575644795494) 4
(839.2200726066849,716.5526598977218) 7
(708.7865292362159,6.118792265705109) 10
(451.25253396530996,307.04759093911537) 5
(909.8843253863126,363.512645981696) 10
(818.548574238676,212.75476615113175) 6
(92.30354026916754,847.0560789494087) 4
(816.4878420199053,84.82696932516886) 10
(719.4625140830084,29.880489200486583) 10
(685.0062499581298,226.34879027257014) 6
(466.0121383104343,991.7289043247703) 2
(382.13600988908894,874.3958394584037) 6
(493.98881170968633,158.32649587150416) 2
(924.7858000756473,856.7832397067477) 10
(920.5656560422369,4.429950197870625) 6
(159.3524424770424,382.4069926216384) 6
(397.14106061909183,87.19617599146923) 5
