1000 1000
10
(0,0)
23 80
350
(755.8115345829932,980.7094346126868) 1
(171.185238990052,147.2462615026129) 5
(761.5198424391463,161.4845203220424) 10
(82.79733860852245,31.18223053754976) 6
(706.2121063319887,929.5734839576685) 7
(562.4966261676552,424.8541071380596) 4
(981.4669328369408,573.2285709826807) 1
(636.6528434432144,693.048612780296) 1
(413.77626949690284,134.27250724169804) 2
(49.99299609043983,606.6596589790001) 4
(301.0880363477797,536.4790066739442) 5
(921.3491893872739,284.38378560704444) 1
(85.38486082445974,671.4298176419087) 8
(863.4719507360379,643.3450145465763) 5
(852.4892490256454,51.156960570328145) 5
(619.751298062975,447.20197367958247) 3
(438.28355731049396,318.0145188570569) 1
(200.6850549636564,555.07052172798) 4
(967.5031070121495,185.81027888759917) 7
(628.7548777977349,709.5353727358006) 3
(829.9358436514556,537.806118659087) 8
(815.2931887957527,164.33980541691528) 8
(282.9072087974015,34.63613414946454) 7
(2.1960494321404678,996.3463140567113) 7
(324.7136854756466,741.3578852928821) 10
(854.2362109920789,391.3141909564134) 10
(741.021643758384,251.66702146035303) 3
(624.0684787113728,584.1300102221816) 2
(27.821761958985448,550.0901527399094) 9
(40.472318541309285,745.6526211119447) 6
(234.0728990373381,434.66146504863457) 8
(712.2498142508888,905.4575443722026) 7
(848.8160957230942,7.285314830725698) 6
(410.38377868274875,137.23445353081675) 1
(166.31649430149764,566.5449909600424) 6
(352.146284012816,2.6088576901460714) 3
(303.29529678702625,147.37737528634497) 10
(403.01851470490504,897.0258835876552) 9
(394.31681209154937,668.2200436859954) 4
(585.8290623967356,756.4623283669894) 6
(936.697124095182,145.6104537982037) 1
(119.67893166859167,981.2620199286683) 7
(224.64777274691028,717.2980552990646) 9
(869.525574705089,847.5208054882739) 4
(575.679193265808,359.05090386285144) 2
(722.9913908344256,727.3046903567048) 5
(953.6625701273421,448.0387483273148) 8
(971.5367544361598,530.1062496183065) 4
(603.3559932963701,640.4512401566581) 10
(689.2222415024927,41.105485050116684) 1
(430.0827246571871,742.9869626625019) 10
(142.52224604098208,542.5438790658209) 10
(259.554662489644,89.34305090940053) 2
(872.5873906832156,281.6807507601047) 4
(371.6155803003013,673.1553788975621) 3
(313.3411601413365,892.2306022053408) 8
(570.99131937473,846.7481315843518) 2
(330.77079272848584,456.34340253828344) 7
(835.1791251472503,657.4643458125815) 9
(747.8270269909445,714.5418838915916) 3
(148.69355186126143,911.1094147114543) 9
(517.7592989222485,830.7703344314593) 9
(328.56500628124405,920.2767016202966) 2
(764.8996950161592,761.5476911847215) 6
(899.9276455667284,817.9083736751126) 3
(855.5499596342628,795.1584329900577) 5
(609.7085408407071,521.9974774229967) 6
(125.80706851282608,673.5382169997431) 3
(963.7545862901603,147.88265073217778) 10
(33.98865998198308,986.0435289109166) 6
(499.39738042775986,886.9058754885668) 3
(358.7047143927963,98.01068357530274) 9
(253.47258681113416,99.62954368551813) 10
(655.4908015377702,716.8448890100275) 1
(266.63020604314033,195.9016258688664) 8
(890.9595298721432,603.1263452048632) 5
(85.4543896204658,68.90586190115044) 6
(688.3687915376664,8.849128721490684) 3
(859.3884597710394,479.78957279010694) 8
(853.8892335631908,477.0422952410559) 2
(596.5812416683018,916.7491665258458) 9
(906.174651597624,466.20126666832306) 2
(272.73398158852547,735.0289070736378) 5
(468.85210842435623,797.7648062766517) 1
(535.6794421637456,60.6103327091182) 8
(707.7885955522127,71.03655589556534) 7
(701.144287476286,10.09781912585539) 10
(470.5413402026167,834.1973729663221) 1
(977.9044102046357,482.9629747054219) 8
(462.40290891964133,271.9643721875317) 10
(14.350119147246376,554.8039047065884) 5
(962.9669718078201,697.1387436748927) 7
(261.11631194249804,35.22479827465674) 3
(246.2629726794653,93.20326999499507) 5
(17.701274242503338,550.5356312844859) 8
(593.7702782782491,814.2976327958573) 4
(806.6407222905382,555.5865457452206) 4
(398.51044599112475,894.4014917674778) 6
(561.7160757955397,373.5133261921495) 10
(643.8742889633529,101.03761872177452) 9
(684.5409956264862,891.7587215930739) 5
(585.6937868361858,502.4742298764462) 9
(50.296234571419184,278.33343906871) 5
(272.3587229421057,488.4106719316379) 4
(58.41155734950798,16.20972648575758) 3
(950.6735430444492,877.5380611110971) 6
(868.0254420241986,410.9688901134204) 8
(940.958569659058,818.6151530175457) 10
(726.4217423285111,972.0483566019955) 7
(552.7354747083966,587.05657294257) 9
(494.16933791208294,32.62028445375653) 6
(712.2138450816839,686.2879262247346) 10
(662.7365118432566,718.4317603613968) 4
(913.4944798985935,88.10830929388347) 2
(476.9656925038425,988.6548358315316) 8
(878.9284449289026,281.42923121972166) 10
(984.3014554340203,517.4466539602213) 9
(208.65589691903907,942.5554163083729) 1
(31.985125832955873,477.8665647954136) 6
(248.46964429019124,941.9171082343021) 3
(178.4084693847403,70.49410744211893) 4
(995.3876310783842,285.9925688694345) 8
(782.0589981685328,282.05795432643663) 9
(799.6682037947558,224.57962003356823) 8
(338.56401031302,886.0280617996607) 2
(144.24007104248415,110.79976995030616) 6
(920.2779389921282,431.90613028854784) 7
(541.1810956676576,580.1324894655371) 7
(445.4450337028062,360.78380752722984) 4
(887.787559144103,32.120693019292766) 5
(574.8265428804555,72.81354951942853) 6
(617.4768536467119,351.90595968061956) 2
(754.0076451907762,915.1046580813305) 5
(72.79990185620844,371.1713583759264) 7
(349.47650366451086,230.68984411834336) 5
(40.01396374184929,862.1301347094053) 8
(494.40469420730716,630.1977454299453) 3
(190.05697973237855,748.0837962093326) 1
(868.2397735374371,722.5432866806807) 4
(34.543743909894346,894.2361616121128) 3
(834.56625556544,215.70500561641015) 10
(469.71921722071863,875.8330191245783) 7
(446.4756236511752,231.34917435637115) 5
(91.83724311712216,560.8130350339145) 2
(425.0104699548792,589.5180691745437) 2
(526.0043374059577,692.5829071131623) 6
(526.5900381105105,526.9671138596668) 8
(272.3023023918336,317.0442484351722) 7
(753.0746206364781,398.432896354616) 8
(990.0449465694579,909.4212168654893) 8
(778.3249998333758,237.46244578065023) 2
(769.9519764389977,913.0412873887625) 7
(27.999275630719467,554.9436924493021) 10
(83.97875202322037,420.6535183977511) 2
(808.060287521729,349.61317386570255) 4
(635.4418466827947,316.81828453588776) 6
(75.76576524656598,676.5136954482856) 4
(101.73730332201924,574.880663390859) 5
(704.319187592575,640.7723780381816) 8
(90.57851730803235,463.2424371598636) 1
(581.7841114428636,168.2373298467753) 6
(228.20007185872439,388.55112910821254) 10
(484.76385898978623,906.4472785343258) 8
(711.8271169206876,105.83816910863608) 5
(281.56277856782975,44.872644993222856) 9
(259.48364435499525,210.73388575540352) 2
(337.88262343546415,208.28205160726543) 1
(599.3080447509958,113.40073597282951) 3
(949.87417223712,146.6668832041522) 2
(637.8544935418588,444.09470726001587) 8
(610.3926586352017,945.1756839376579) 7
(303.4769879886403,590.5346234405515) 1
(749.8544933026965,615.9138736136279) 9
(690.0642102124999,713.7103064055538) 6
(728.7578552252625,698.7735084852585) 2
(856.3476892675078,27.312271316233037) 6
(607.5473303718524,519.0734288346649) 3
(542.3107328366573,797.4411666236015) 7
(138.9260887594076,138.57483216823297) 4
(339.04361961951577,622.8068885734916) 10
(508.05098166731767,481.41064125342) 5
(728.0157667593533,320.98309030987093) 9
(908.0128716102201,809.2367307579235) 6
(139.32965824352905,928.6450756215672) 3
(738.8178188229803,73.5565978146352) 6
(969.5432078668714,326.5351823278481) 2
(489.2740297609568,161.2109783971718) 6
(96.48074280343243,179.08529760588277) 10
(258.05062845741963,202.57413991164452) 8
(596.1182232715971,609.3121722835388) 8
(5.960690560090076,843.4916363652941) 7
(942.4531364201905,75.96363688041185) 1
(730.8051538744162,758.2456128232051) 6
(928.9072059582307,119.83028882056846) 6
(720.0826640603797,63.0010174265625) 1
(127.01822716609601,951.1841163446775) 4
(730.2580903411128,363.8550459081148) 2
(429.9119553932449,979.1305965490103) 10
(374.604087990827,199.9490158777908) 9
(134.67528472896163,265.4504819279805) 8
(580.2831475317781,652.8973488178127) 8
(152.39909762119407,651.7570334433708) 4
(544.7526951311894,287.8468876963968) 6
(608.2338907808742,734.7827535826111) 9
(306.16805627919297,432.23939535723264) 3
(426.0190063432753,351.1701636780292) 10
(546.9872488936896,333.2106367897465) 7
(524.9473487618602,429.40612863930494) 1
(898.5768835796747,871.8613538181686) 1
(477.3248416288468,840.4539090307751) 6
(101.95844444898295,184.34213203769767) 7
(185.16655500007184,40.05913810347839) 6
(781.4267647088476,556.8545304534985) 7
(132.37333658872907,794.6821508910662) 2
(906.195333493093,540.1824079771645) 5
(534.0197137394017,692.6254413650042) 5
(888.6096723514048,339.82479099099237) 4
(109.28181694952022,582.8831223725044) 7
(139.1753874958309,43.42668556180796) 9
(84.52491021833819,79.57826505570809) 2
(773.5881333040463,62.271807958612754) 10
(469.9132916246034,423.5508643595901) 6
(142.88024178822212,732.256276024366) 5
(56.103127815871126,732.5135935485016) 4
(294.33769069158456,415.75421427764013) 6
(605.2898942860555,941.7349228754989) 6
(519.1937560047804,191.31233392846147) 7
(271.91456618099676,613.7034311670175) 8
(741.4612430801726,8.192726528225226) 8
(412.9002240222085,935.7015327853431) 7
(987.7280146836866,760.5875453800344) 8
(369.7264339430111,987.0564964992421) 9
(456.63617370077645,272.7005979031709) 1
(295.0415486394058,112.07076592966258) 8
(563.0935485653742,255.94548837948383) 9
(46.878729932204436,744.7353087961153) 5
(748.248059817525,197.29204973954205) 7
(943.3742173290325,969.1877038999762) 4
(926.6046370879449,211.8566447757434) 7
(857.691419191082,651.8521217981763) 10
(226.162614567318,318.53413367370933) 10
(502.95899722088024,943.7313412091131) 3
(556.6038058756744,490.5528017709645) 10
(131.46271158177603,299.9163548412905) 2
(665.9465550890394,872.0428630627433) 10
(891.1176602709478,439.3636083404511) 10
(509.9456985367027,31.89562914002597) 3
(623.2875371653786,839.4727666699553) 7
(712.3651037746367,791.5366275023353) 2
(196.61967812358682,755.9674565654069) 7
(931.1207503842337,118.40749092684999) 10
(553.7029809825631,222.1815731907778) 7
(521.4636958647495,1.5172839664144844) 8
(192.30189410392128,463.0120951777493) 8
(158.93001604227973,292.2376910563593) 1
(45.94876347272259,153.1064678304611) 10
(866.2583080497504,728.8706994477802) 5
(672.5667041779743,661.1396744707466) 1
(811.8423782768002,928.2222822768769) 3
(718.1562012747638,625.1023518396886) 3
(992.4783795244151,475.6500978458007) 3
(229.85544030453298,692.3615640577503) 2
(911.7112237534644,376.03329130244276) 7
(887.6407056142465,316.903643933944) 5
(302.01874768874427,630.701820862517) 10
(980.0279720677163,262.2159803756613) 10
(456.70759935677927,89.8686448520204) 10
(820.6504764781192,715.3511982718309) 6
(756.8326807085728,474.8055170958748) 8
(653.0499838985052,724.1343643860212) 10
(473.6095946581726,605.462590362862) 7
(220.91937787493433,681.801699108739) 4
(977.0234625812052,76.87579645595876) 2
(448.40443564261966,776.1042082912958) 5
(507.3653638332126,172.83358674005422) 1
(528.5110513269111,596.0288771888869) 2
(231.6336368503703,571.4009892830943) 1
(867.4681882698712,418.34771426379535) 2
(830.2864398442742,654.8599445108041) 7
(890.8372048316579,633.8310086289224) 2
(107.23986635977101,188.40422232216403) 3
(477.4260710898616,643.3964918753289) 1
(332.09296785199894,899.5289135313674) 6
(237.61450921636018,445.86605630243383) 6
(687.1930149811266,345.98708720726876) 9
(734.1068481312014,468.9291527091143) 10
(568.8303316265861,874.4775802815268) 9
(857.7658053824731,386.4020420887305) 7
(889.5868605409909,542.955721539195) 2
(721.129319351036,509.81679768444053) 10
(239.13845851484496,170.40550379032993) 4
(598.4324912186866,129.79049526565444) 7
(899.3500823203345,947.7382672669625) 4
(516.3243456184151,162.9361012064876) 7
(113.67198746913887,928.2751581344717) 8
(687.8342603151292,212.08118402955944) 2
(819.7402801353936,588.2793654204806) 3
(111.19000134230018,533.3231664623656) 3
(727.2060038334095,565.8403997141329) 4
(801.0334818796242,545.2933755161081) 2
(491.8681036813417,185.45707247072772) 5
(25.9703896532264,664.1155736991329) 3
(372.2962695066723,158.10544517461656) 5
(743.1785371443247,629.8561565805701) 5
(456.29411706907507,564.0519575945883) 7
(338.85702276845495,471.1939696682307) 1
(780.3025941210147,98.04709812595691) 1
(534.2358911985433,674.770719781679) 5
(936.3657577681379,988.8967438844918) 10
(550.9899066044717,551.7996325676204) 3
(21.165659110992664,102.66555037574288) 3
(100.09546989685347,645.2837306350388) 4
(306.3118559575293,926.2672360592126) 2
(26.93111151754046,941.4945207570987) 2
(417.6702372803667,223.4369115724236) 6
(231.4889530821328,852.1611216562968) 6
(219.79373927122725,522.5147851361738) 10
(147.94554955359095,882.9753939247076) 6
(576.6083182284742,528.351712726125) 2
(589.3758777691465,285.4335376493102) 8
(898.7668394211311,741.4690159985684) 2
(688.3757677206889,217.41562472794828) 10
(885.3859051890548,280.52981991585824) 4
(760.4247532761108,354.8793300292712) 2
(308.23872743151225,399.1970709195288) 5
(357.3734733413557,380.83312820459713) 4
(518.8288243705684,605.4081050956771) 4
(980.6576562903715,521.2308260213058) 9
(467.7469860816623,450.671215723806) 6
(715.8736009591624,630.0954344027099) 10
(264.7408415879867,677.3509255112454) 8
(24.4513196223487,80.76177758170722) 10
(344.5886886643527,938.1840910481326) 5
(310.49612140273587,9.769488241902046) 6
(621.5031407561738,143.45646359164533) 7
(92.80274744719352,227.24161620882722) 7
(597.3787214127946,680.4462020019234) 3
(374.450035309164,36.863095569934615) 1
(312.04032780132394,436.96751739818853) 4
(429.78775974833184,741.0464021458499) 8
(274.8445913211782,410.330053611763) 3
(25.673146718178664,606.4854583094576) 1
(587.4043580838952,501.39911999534314) 7
(625.0028228063239,185.47232788989442) 8
(968.6624841155026,749.3852959289055) 6
(802.5757454197953,672.9890664890034) 5
(725.3703373587404,430.2370627485621) 5
(215.98157067236602,619.9046963952941) 9
(882.5703165640642,120.07357040672117) 1
(966.9859198411218,596.0429617512481) 4
