1000 1000
10
(0,0)
23 80
350
(730.5783200772083,603.9030953494148) 10
(753.9144712785264,288.0628864561778) 10
(826.805860419677,384.3954486634386) 5
(521.0665799622241,743.5702891496542) 9
(13.1397835038104,375.0407056884307) 4
(485.084839907314,494.46465976467636) 3
(221.56548041727976,848.9763504531592) 10
(13.947621148550414,998.2543483324398) 10
(497.50670860967705,979.0708426270033) 7
(691.4991009860394,32.93286100310411) 6
(90.96875549863437,446.60481742046534) 9
(736.9289995492297,576.8770213938566) 8
(36.438753933605625,69.86582612639869) 3
(167.67695385894322,569.1496356813176) 2
(551.6346081942999,34.389545354716276) 10
(136.62632789122353,234.77793948521685) 3
(616.5331545499763,778.3251196879988) 5
(485.61492159748167,996.7985558576947) 3
(548.4513138322933,576.9541496963974) 4
(589.5975541740462,586.4661541320453) 1
(534.5124644509734,587.0863465156324) 6
(808.955276420972,68.30559786456114) 8
(929.9971779819654,484.8910725797225) 6
(427.32828903035625,503.774698192933) 4
(82.0527476568016,828.5975313601568) 4
(169.3059270312257,992.991487489941) 9
(427.3772361296104,760.4427083961122) 5
(392.7382511497146,768.8214198195462) 2
(839.078439306045,828.0042058643306) 1
(709.9371664054867,47.495284488781934) 8
(214.4618218605654,539.8261766186441) 6
(536.5576252789327,558.9561169997611) 5
(119.02078682644546,932.8764569220515) 1
(938.0886152290298,143.85938631021466) 6
(985.4343604547494,939.6888065829052) 2
(529.8365094718167,568.9167252524985) 1
(579.3959484305863,557.9316404250512) 8
(19.020421288459378,789.0855836953361) 3
(108.72201819439952,41.239175646950564) 1
(28.634563621059648,663.1466804771748) 6
(797.7126933382026,605.9449666647374) 5
(815.1878322187536,883.5388416774585) 2
(659.656043907205,973.9127691347666) 10
(69.22671367217481,999.4641249523467) 4
(598.0581081459567,288.13825711777696) 5
(733.5319864742497,938.6288842456054) 6
(8.535658440244953,184.9649838031141) 3
(140.08524713909986,310.850893154478) 10
(518.6992083446698,305.11558664196315) 7
(742.639179610509,981.3712404217412) 5
(806.4536868977154,569.8288727954139) 2
(923.8826827819908,80.06440482485655) 3
(792.9624603940724,196.42256500945155) 6
(515.6643076403349,414.9025992908371) 2
(811.1197780553774,55.42000195231611) 1
(303.21756461732764,693.7205662696846) 1
(391.8973927744539,94.94662009383603) 6
(470.94148046000385,889.2227435505387) 5
(570.3911533505686,992.0035456343409) 3
(597.6488173651379,362.55793039959974) 3
(56.319935318692835,841.873033375295) 5
(988.2439617410497,590.6387966396738) 8
(616.000159987707,388.2561146317074) 3
(727.5701597066421,460.5059162931759) 1
(800.7443886245278,255.171460404348) 6
(625.776696780448,998.3004864757745) 4
(133.95571673731231,583.4872814900237) 5
(750.8242065220635,837.9988906674021) 6
(483.9254481932458,243.80849313701003) 10
(333.1112066771238,538.6099225000676) 5
(333.4949078509661,44.01734430159521) 3
(440.5141025569793,443.54190900508115) 2
(558.7088401980272,607.0446944720863) 9
(345.06720871327434,650.9860780582553) 7
(474.5663054745628,453.3280907792789) 4
(94.21160850428822,590.3704334346692) 10
(897.2495989116493,498.2215938207015) 1
(57.79404371988495,672.4261224789545) 7
(479.30924340795144,212.63842589247307) 10
(777.8126284756893,4.602102244681272) 9
(361.5431571360137,975.4500871165327) 5
(71.91373978718718,116.095001326191) 3
(650.838761191408,868.7050029406097) 6
(893.6372482498257,62.525026537115444) 1
(434.86801778378634,284.62739601145324) 8
(608.5193746885627,360.40351765102605) 10
(531.535044108453,135.462255243174) 1
(686.0578628252222,892.5776780712475) 5
(262.3091614399838,308.1645418590122) 6
(487.36670481248444,889.6980186521066) 4
(134.48019662387134,622.292866307616) 10
(766.8499567678452,553.3086427278868) 2
(252.98525869200506,689.8005328964373) 1
(291.17494733742643,215.56778944430056) 3
(938.641890976231,588.7059443099324) 6
(595.4646372114421,113.54767313330017) 5
(566.1624904649594,538.0293999887031) 4
(866.6333802343628,418.11361810508475) 2
(249.614972428727,458.70748468357516) 8
(473.1947719112164,794.3885271214081) 2
(128.17632394774446,956.4595376381511) 5
(280.76270615428365,830.0434318766182) 8
(665.6733426100077,124.10175759004815) 5
(547.3039419749563,891.0756808442371) 9
(971.1030827608657,280.14588387910254) 1
(439.69680740039917,610.9862528872214) 10
(740.6982948616177,393.27736857902016) 5
(766.0774356945498,537.3655713370931) 3
(656.6038302219024,801.8977306305237) 4
(926.0580927522474,757.1321701912746) 8
(283.7964201383918,503.3542384430839) 9
(640.0645334021118,756.907241030832) 4
(34.5983395450159,569.6532667152435) 3
(514.2886181544893,57.32582558917265) 2
(226.3634219699856,745.1292203342182) 2
(288.3073371454361,575.7792309493132) 5
(305.7231691304609,920.3428083038442) 7
(132.68642027456923,978.8081485404265) 9
(854.8044387533249,911.5763333149414) 1
(7.7022715747467885,92.75784841263534) 2
(923.7663619945538,870.0207486773924) 7
(815.7421139583568,340.2604402653654) 9
(345.69884903789574,894.9620921964676) 6
(754.3625040656308,898.0490095287554) 8
(678.9316822098755,886.0135911166915) 4
(707.3730579366401,807.4768575395167) 2
(403.9858542873318,518.3426035184347) 10
(679.5091993289958,369.16448127712187) 4
(259.1153408359995,999.4510078279745) 6
(740.6990268734311,508.27275010290754) 9
(869.7122253945793,266.98315527870096) 8
(156.72268823027923,657.4169762406634) 3
(885.2503744898811,701.9624575585157) 4
(850.880455955716,713.5379279397913) 10
(435.90166091335414,675.9546456233976) 6
(777.4200059822051,18.503684971454824) 10
(964.2110972140698,20.966593627105958) 2
(295.96096258356687,788.94048980032) 7
(22.82226216451766,472.76180575488036) 6
(848.6018352826399,897.4915478804402) 8
(649.4709029061997,877.2542318639147) 4
(76.31782787760211,208.38536828184405) 7
(911.3878451969146,622.2668415392018) 4
(482.721452491983,753.0958628098855) 9
(849.6958837265106,754.82516856616) 1
(627.671829630782,8.46024919104682) 9
(954.6233266793715,756.50522461086) 10
(886.7371614050328,420.35995583184274) 4
(967.0483013315825,499.05545130594777) 6
(593.6992457609667,987.9828466587899) 7
(884.3475470191871,335.7353656259682) 7
(318.2267282957775,848.3725660608378) 10
(699.6633025931362,702.7850140739073) 4
(613.8084583428332,828.3525118935692) 7
(27.215203140339206,52.24996054489039) 3
(59.27858434551803,716.6743946515822) 4
(627.8726880121055,694.9738541155999) 9
(122.50184583705726,216.17670122245613) 10
(161.3643040944015,593.0577754369664) 6
(765.2741650526406,517.3522798558735) 7
(247.93182299927452,49.55559797853803) 3
(489.7052890324182,270.40457043822505) 7
(278.5066857198547,435.5660664575166) 3
(320.4900681090053,260.08818002597013) 8
(855.4564242420429,966.1975450415475) 3
(289.6956409833107,839.7109411437569) 2
(766.902622977063,707.3684374111448) 1
(277.5230938170777,587.5142188334323) 1
(337.0533333400073,470.5705796066061) 9
(486.00770735744646,569.6209308144716) 7
(1.1361793163844336,330.26567552047436) 2
(620.8280481615268,763.6425833124102) 6
(288.0204072282552,898.8845601182697) 3
(508.2859024355356,587.6324640076633) 3
(953.9470544024505,758.3596009525776) 6
(528.4393374758567,705.2638629433676) 3
(58.10676274009341,923.4548463932596) 8
(105.39001659915547,635.2662742434087) 5
(230.77607852417347,883.6392493571008) 1
(535.9744859538673,105.1625193211988) 2
(508.3751808476898,148.93241580813654) 4
(566.9503527088655,45.88955627995117) 4
(471.23671271861156,183.42930522171662) 4
(694.682057089896,272.9400881801337) 8
(149.82468546887117,700.3764212727682) 8
(390.4730361401868,417.6393790226579) 8
(996.7572664389717,127.20385176100912) 8
(188.76332254535498,497.94572675059135) 6
(747.5110193707693,791.9655645149468) 6
(523.6721278134839,644.4423450009327) 8
(724.6345065117101,280.5271873017946) 4
(678.6915285866904,116.01306849686677) 7
(357.2540645246567,151.65889300693914) 10
(639.5732169134591,471.44677780276226) 8
(914.2095147640993,502.4609331659782) 5
(23.79225390205231,651.1367649969842) 10
(520.5099245438367,227.0613553283163) 4
(12.919257922598293,155.7162969492786) 7
(270.6574121214531,535.3269115908639) 3
(804.1318754366462,629.9229179576676) 4
(993.9742732117326,496.8844522112351) 7
(248.40637699090362,24.7432331056332) 10
(224.5685308959645,534.3265527775885) 9
(804.6656852686597,687.8783411624313) 9
(757.0555825775666,461.7654396556121) 6
(292.0646055174727,310.8630411408865) 2
(901.3125565766916,416.97081418889746) 6
(606.3041421482043,56.66131939806496) 3
(596.3600784799805,569.0513015283087) 10
(278.64024603276505,175.05754153607577) 1
(599.6403039594256,415.81232404562905) 8
(785.6726879672088,738.6581343045581) 7
(339.65899394767564,28.457511376316692) 3
(921.6193040515391,620.7105346650973) 1
(403.5532948097038,729.3887467320014) 10
(913.286314417574,257.71640206000234) 9
(957.6280884247839,227.88154362798718) 4
(490.85377795973517,617.4686835357443) 6
(830.1766385987711,993.5741881991269) 6
(490.51043182683475,423.9102210669219) 4
(599.9552363035128,138.56145015385147) 4
(953.3373870206565,604.8624720394052) 9
(136.85392801566843,832.173968393915) 8
(267.75507578519273,383.4351547497904) 5
(140.42140279451732,309.3548415896441) 2
(406.83320618781704,33.92710118210574) 2
(906.7123990967198,860.9154658500252) 9
(785.9141896751337,650.4887773573721) 10
(330.27374639041716,554.3156228988857) 8
(508.995953488282,687.4225569392704) 2
(202.00977883943762,5.954572721724394) 4
(939.0401004621049,365.7312176148414) 2
(636.9716637035173,179.55465281168847) 1
(246.6927238195018,101.40487283931887) 2
(787.5399991714592,374.2207897968285) 3
(615.24497992253,541.9958714868048) 9
(923.0307376947648,536.9765862378016) 7
(386.51614252773805,740.0528368473854) 10
(861.1905649851257,699.0382165025238) 10
(87.92491200431928,602.2753473757599) 1
(855.143325715827,767.6016005148962) 8
(222.61575442272897,77.15685387078508) 6
(62.61414529750009,294.61581527479206) 6
(463.72293758396177,50.53006800299964) 3
(684.9297952740458,832.2491851203434) 5
(371.6392141723548,430.26371624336656) 8
(178.47154132866106,477.3711981959383) 10
(836.6872819470757,999.4049977577288) 10
(350.45586385176387,841.2825769376875) 10
(634.2393435664493,246.46573943889604) 2
(482.1388781906858,907.6068396684075) 7
(984.1930213913362,424.3901680081197) 7
(927.5347134660392,13.518860361147688) 4
(277.6277827605307,113.58492518551522) 2
(207.26316518705178,684.4929738044503) 8
(237.6871754863723,537.029053922065) 8
(803.1875821059984,595.2368668100013) 5
(665.9493639689587,5.539251118519384) 9
(388.4131579150126,616.8288894805571) 8
(916.1613568259859,632.7532358519258) 1
(289.47313240626295,963.1303796402756) 1
(258.6402255955391,680.102542232435) 3
(255.51165939173427,359.09122631586064) 1
(272.5178658100859,517.3638218672047) 4
(941.1859771480249,484.65199524326994) 8
(482.57390963286815,818.5118530185288) 9
(358.73066052412526,901.3750272351227) 2
(927.2370869931627,539.6760852156538) 3
(24.56323212053757,31.43235843953618) 6
(495.3455360569579,917.0360867040686) 9
(249.87285958725914,791.5693814246628) 8
(891.6661164273526,223.92363329196118) 7
(272.53415717670214,538.8582097667609) 2
(842.8048666133149,788.9565068415691) 7
(817.6397113490336,795.0227600298592) 3
(778.583486703166,141.32596689091858) 3
(685.9722282319906,956.830786564635) 6
(513.2838003108948,279.8876094635814) 10
(895.3532833507779,727.2148986332674) 10
(187.26839926401607,123.520539592887) 5
(33.56043140304443,943.85525340035) 4
(729.4953134335741,427.8830193990283) 1
(433.7569542629599,672.3300874166565) 8
(480.65411278122826,25.18120265276247) 3
(325.6823611449702,921.4578160004936) 9
(779.2726804103463,175.97595742098738) 6
(620.8689680004009,507.02573215031185) 10
(64.28942470678112,240.93441180606345) 5
(611.9743119942193,847.9861033887762) 9
(555.5739427720243,850.8537778183957) 3
(142.56948132756474,571.0905759731982) 3
(233.00592240900818,407.5927172489091) 9
(959.0303166544169,793.214715118698) 5
(473.51219225256034,293.0587498697197) 3
(420.02016722601365,15.567771233146232) 4
(778.6747347843396,974.2279746896838) 8
(761.8235674134465,602.9731343007529) 9
(606.6660724192997,943.9952222339523) 4
(161.43918800421963,711.2405544270918) 7
(408.2994672506641,263.17479446902445) 10
(951.7548175653785,24.143514759059514) 2
(837.547536696775,659.4709934634745) 3
(261.6741818794397,853.4253600637212) 6
(523.9746260939585,524.5671084356397) 10
(32.03575172042494,716.7336440912263) 8
(141.53717080242723,167.22950227543697) 9
(941.3867150696572,65.99777720544341) 4
(189.7313904008774,122.69018429677614) 5
(159.91125051193833,342.7508610937442) 5
(736.3994213397671,938.5877068485063) 2
(751.1330577194407,921.9903562388491) 10
(438.8219764228091,344.3163539162205) 10
(989.9403143393203,193.10417753016108) 7
(795.3103102232755,311.4066919351508) 9
(599.1795312022258,608.880191824007) 9
(243.9371622354549,71.34743550463173) 4
(554.6861826076592,759.6086445527455) 3
(624.9979115277615,80.37860591200985) 10
(611.5417552094129,63.78490225852207) 7
(254.37985495640902,651.4320377979511) 4
(490.3231284380248,816.8787476828401) 4
(530.0558743320372,136.00934156155643) 7
(934.1920431123639,762.7308055135986) 6
(957.6360457056609,350.14228319545606) 4
(95.05524867602722,262.79076731427284) 10
(620.4340032067067,873.7443683062774) 8
(751.5816344142089,190.63506337585244) 8
(26.441540534421605,409.64298945855825) 9
(570.8876294272854,711.5353296724481) 1
(191.48982831683213,67.40478296047814) 6
(727.3219505226315,85.28382146444235) 8
(404.88307760258033,298.30464602049034) 8
(295.2779827870513,540.3408748442117) 8
(246.26065502058913,619.78505595) 7
(739.5599097639454,886.5463690148866) 2
(159.929345493779,266.74348740066733) 8
(748.7970947111211,650.3504712403878) 7
(882.1502445929381,955.1237251480942) 1
(748.3195628530859,328.1625263182253) 7
(112.92192941220091,326.21132927686904) 7
(455.32771295182164,715.3190812989485) 1
(716.5121306162036,160.3653370184468) 2
(499.1623939442842,542.3346319575527) 1
(853.8489222724893,950.5621731918675) 7
(187.8066806029559,74.53799092300706) 4
(322.87525530339747,458.0865981590226) 9
(103.25254311976273,705.9388509017864) 8
(68.58455410051346,144.7534024570991) 1
(951.1246785116232,879.2458403735765) 7
(457.3467016208923,939.2574677312839) 8
