1000 1000
10
(0,0)
23 80
350
(357.9882636030145,263.64997477926164) 10
(451.25612074286437,757.5528425471912) 7
(357.77493095763856,239.8266982380537) 10
(847.5790938517185,555.961500569308) 10
(630.9289377614297,480.73492031291875) 7
(451.24170147686505,191.1701561313357) 7
(585.9082221397964,505.10321311355113) 6
(230.01620766522558,466.19918769099155) 10
(131.30304223032806,951.7417691834044) 3
(704.2501981962043,347.9588201640641) 4
(71.94339666328919,952.8448266295164) 10
(546.6647931788124,379.193428784275) 10
(47.146747134252266,742.3931436558879) 7
(486.24429295107774,759.9832110939685) 6
(283.1133695288247,987.2547589252886) 9
(219.7432148815669,318.0709308389147) 9
(791.4505181666558,477.0259136244266) 3
(102.15606049753134,406.57814758117104) 10
(578.1963195715675,45.297003347582574) 2
(233.1988287914456,977.7476337968305) 7
(535.6622933284187,56.989441505684745) 2
(552.4771831645354,567.0948606516022) 6
(456.0317526509149,842.7594145615318) 2
(116.26385589883115,644.9913266802328) 7
(800.5243837269236,761.1498778817581) 3
(1.9745423148116448,311.7051177377589) 3
(429.6755230808121,530.0343975812578) 6
(738.0217038290781,182.19535359453732) 7
(11.104112243418118,671.728863260088) 3
(687.7873539079707,609.8083381815635) 3
(74.01693299924695,62.44488497995293) 7
(951.0751714708774,50.42127129539509) 10
(97.99333037639191,986.9952682098748) 6
(309.6638687764016,845.7317711281505) 1
(709.380889336188,425.68189099470834) 4
(357.2407458092225,624.3223459017327) 4
(83.36962019395556,704.5425168034884) 2
(963.7012981583034,858.3716224136183) 9
(262.8576193780702,739.9287005460343) 2
(479.53947940218353,339.7210539088926) 7
(602.9838188882516,570.8541232072047) 3
(762.1546144121623,19.383022375149327) 7
(789.3883042183751,681.1952230687756) 5
(142.40525249956204,575.1250839594759) 4
(461.3070512368339,636.7514195554493) 7
(167.59605836966074,624.3559986994551) 5
(186.35113939228088,297.67312062987537) 8
(883.6936467949781,502.4066149691958) 7
(758.5729635768888,720.4421126223233) 4
(750.5110749575788,802.3155276795565) 9
(618.7710310248019,688.725576087102) 5
(211.87227826858745,814.0603808609454) 7
(318.0335220230739,519.4572107528575) 1
(517.4062900360273,954.0189022222863) 8
(767.4259751155148,25.06056999344597) 8
(170.55945766277736,404.7281828838874) 7
(611.1048064870341,931.4853265842194) 8
(77.90472657524484,805.5402857459294) 5
(199.24724262174277,746.9415726743676) 10
(274.196611883345,642.2210986016496) 10
(439.5995480791382,580.9638532611498) 3
(656.42552141834,131.02838771537338) 5
(809.4366276100287,384.8616770751844) 7
(81.16815416038159,413.9816232245798) 3
(968.0298517705531,976.5155381787267) 5
(863.5292045629623,999.1600054007428) 4
(225.5095961957515,40.87093479667892) 2
(181.9013210825262,902.8038214029825) 5
(712.1063461500802,804.4893409852631) 7
(488.1856799557992,931.5470311128956) 10
(501.9992392574173,505.72435295308895) 2
(890.4264026206355,307.63150186780086) 1
(237.00989750662393,483.6472675200101) 4
(270.8601238439136,476.411831587693) 5
(464.37144529815475,44.42857010442558) 4
(766.0873135084754,209.6355837455469) 6
(104.07422047412062,11.642054744577912) 3
(696.6869445572519,211.8848942037036) 9
(815.2390632777876,26.052438911841502) 3
(106.18260377931443,201.15709401892755) 3
(601.6608300715293,281.1949607046644) 1
(43.568756922499844,99.57519494262202) 8
(78.97792463227005,164.38938783233291) 7
(76.1034913138715,178.7853695212309) 8
(294.6764963173845,388.9192394716006) 2
(589.6595783946883,330.70943048597854) 7
(278.7946353499349,709.5421350118332) 1
(114.1567155694283,602.0390156734978) 6
(52.668221835663886,774.0800189175304) 7
(603.6160953229073,908.8507132999514) 3
(591.9398583052799,751.1511308069804) 5
(451.8693315509682,810.4445452046625) 8
(402.0068110322339,778.3357746377472) 9
(375.62598267142147,665.33285710431) 6
(565.1363099842509,855.7993431291989) 1
(90.72002947335045,911.5776205765861) 1
(824.2960832344453,273.9919533274424) 4
(153.62851081156802,942.9902035198627) 1
(659.4863778906573,354.4622070270287) 7
(115.96440684569842,217.64681857471345) 1
(333.2623998793407,82.57077061871587) 2
(660.6335631687609,327.119303024321) 9
(763.4776946745649,386.4993144304963) 6
(58.94231299006192,795.1656447354025) 2
(933.7087243607707,746.154804574084) 9
(593.5642410177846,519.4914760466955) 4
(687.8270405149899,976.5214752098119) 7
(68.40676267076506,54.148308689798256) 6
(509.6252490547357,877.218989295809) 8
(486.50486457674344,829.2279246042332) 8
(394.78675517732665,848.7472371957841) 3
(508.7888431669211,560.044840016507) 2
(155.10369510849574,849.2730339855229) 9
(156.48606088918348,982.9734367425859) 1
(825.274114901616,750.3278897212379) 2
(866.6418889367142,74.93918340134442) 2
(388.7265098785079,645.5555862965512) 10
(282.3306855074427,803.5077245993767) 7
(141.7836373721514,978.7604222418462) 8
(0.16562569613276512,678.7790432786936) 5
(483.40907298592737,928.3249167992261) 8
(111.92154532080978,248.2324861659616) 6
(50.76160516712203,684.4191407711915) 9
(85.6106873773933,118.68111311206508) 6
(960.2117501785032,327.2084668519891) 8
(251.71689632940263,91.53426588910263) 6
(143.7709595561968,574.0933260603673) 8
(511.108531416116,754.9738716266837) 3
(548.3377327500241,43.2102279726988) 3
(825.0849317501439,751.1388376161924) 2
(611.7575637177113,408.5341050644785) 8
(685.3420487428473,999.3861239462572) 8
(626.923793339387,30.52523270238716) 8
(395.3655200337307,12.654327905454622) 10
(786.7900387795734,16.32938893309277) 9
(897.1823397106664,451.0274374133002) 7
(438.96282842844414,717.9549529653003) 2
(783.3767202302995,294.3990131794533) 3
(800.0615918795062,269.13808962949895) 7
(872.2854323072363,127.33190216851453) 2
(420.32916893749297,910.7192032620484) 1
(744.2056879683038,629.2844303960214) 10
(269.4006754470912,933.8332446755104) 6
(53.30838915885627,172.94329188926372) 9
(53.70210620895921,188.17041991197004) 8
(572.8145991437217,305.64697092620906) 10
(210.49189688993408,122.45569908851472) 6
(737.2532643939783,24.15708891020585) 7
(903.4286383470187,870.5067481094808) 6
(657.4358789077837,0.6472987708743272) 10
(192.32329406282932,885.4074444789319) 5
(742.6978551726377,264.73434645054004) 10
(55.40180926348071,780.5715745340127) 4
(251.3485231559519,980.5780233840115) 10
(206.54089962020495,498.4412066493625) 2
(879.0214796277706,194.05874876981554) 1
(997.580638525731,866.6093227949433) 4
(285.05843468946335,748.6693151794763) 3
(669.1052237957815,926.949144370326) 3
(484.77932563090974,400.80536712604874) 7
(734.7248775269263,150.7628719721873) 4
(109.57654311152632,198.82658148645083) 9
(238.0834018182373,268.83577778780887) 8
(596.4005324725869,679.8515522444579) 4
(581.0366677174715,999.2663886022366) 7
(186.88478228926752,692.2638820712355) 2
(188.9804245278176,257.5980630361802) 6
(821.8022227347409,141.3271143055582) 9
(496.38951346082126,194.654810162739) 3
(945.7730183952153,31.46186369045745) 1
(416.3958511595567,562.7440154611098) 3
(202.2063873742963,624.1539460640523) 8
(710.2744451975572,84.56801929480062) 9
(719.0799359085211,165.29815606461952) 4
(471.4591847023672,375.7454685410044) 5
(153.82162008307242,493.1247176027942) 8
(104.04502936623084,970.1375335613175) 5
(840.2931333434985,667.0984623535695) 3
(223.84946387683013,247.51547651952987) 9
(414.8213716987768,276.37019405249475) 2
(42.50990024538381,890.1266157130823) 8
(978.8160772218781,181.4598507781001) 10
(959.973270027159,132.24693443027968) 6
(732.9832146857302,601.3439542858687) 2
(444.4354472090152,493.2318807716837) 2
(605.0572138799948,633.7201376305471) 8
(451.303052615981,272.46464712816766) 7
(238.1081344459387,160.55819382680093) 9
(792.4372720098542,620.6244012651141) 6
(922.0744254927777,32.675173593275765) 7
(433.50309330050794,441.54885403754054) 1
(956.4568609330726,536.706521386569) 9
(594.2001041562241,875.8087876301619) 6
(936.9709678188445,533.8497202522335) 5
(560.3249541740419,296.996707861242) 9
(136.65793574828822,540.7884413282198) 9
(341.87541010039166,959.7814769871405) 9
(323.68792835121894,997.5031496835633) 9
(640.0325660472871,191.6154650635964) 10
(371.3238830328748,80.59974974570017) 5
(283.6011620885388,150.944462417697) 7
(544.0441696722535,827.9361326391896) 4
(36.33443348822962,109.84481833241378) 10
(182.25889419800555,762.264315846126) 3
(287.7959664402332,95.4277784058617) 1
(370.8147561739718,723.9153572650797) 2
(553.4218562307907,886.4075676663084) 7
(812.242570564969,928.3043749358657) 7
(701.402770712786,338.7153248908765) 5
(161.0494009280402,625.4530992517157) 7
(573.4874635348397,670.9068794062651) 7
(603.6453796984412,200.7486378032498) 7
(727.9289154294461,839.7901992224732) 1
(203.66826432586694,954.979540050149) 8
(27.797761071878703,951.176469757051) 9
(251.51449270978688,516.8857177141554) 1
(855.7451739287121,644.914783443268) 1
(13.444738125644395,798.9550635431407) 1
(93.45360610587849,790.8350775225407) 2
(4.236198794812407,629.2912861214152) 1
(49.735824369881556,451.8478593903591) 4
(204.04489619867084,666.2898453206986) 10
(303.5452394391754,677.4440209261882) 3
(280.82824048482166,143.8460302959903) 6
(480.7534825168097,393.62003344968633) 3
(380.3277407069151,466.1888166360727) 7
(524.2616014518662,385.7815454218274) 5
(683.688305651207,29.958301994972846) 3
(103.75931059860865,951.1452294981848) 6
(758.6515208994535,84.89940206602431) 2
(635.3788961228353,75.47124607581578) 8
(115.5126183885623,55.28859769483552) 3
(931.3711118474503,640.1421699094764) 7
(672.7583651257447,840.8806644658649) 9
(365.50248500722137,970.6672936910863) 10
(127.47348606612175,195.27741017052912) 1
(143.21982681477863,193.4564154816385) 2
(106.4980499408389,980.0999516552753) 2
(916.4890830873653,827.0767528307639) 5
(214.4773327216627,47.377993637543355) 7
(14.421343993527792,869.2734803298749) 6
(708.8647423938834,194.35468248772568) 8
(965.7564149651809,795.1476741129696) 8
(803.297803136107,252.5663259844807) 1
(809.8146860885956,58.67264285106799) 9
(429.7878344972548,127.2911756328855) 1
(247.99031740449072,885.4095680276777) 10
(590.7451269317597,807.4246804867821) 1
(48.19205700108464,591.9809738071651) 5
(697.0784965574005,928.5299536967933) 1
(852.977266854894,853.5607115301489) 9
(445.17037993628674,975.5786977725844) 10
(154.85844971024798,948.483256308162) 1
(901.7575102954122,911.3595837236958) 4
(374.4339451647074,482.47183989939293) 10
(879.8053445972635,959.3473511343539) 1
(475.91831214465543,604.8844609537315) 3
(368.22815581707056,681.8397885541831) 6
(93.58148590698234,43.59182061299571) 7
(546.9366595860337,342.42877207053067) 5
(17.254608905046155,383.99880454701275) 6
(178.08105177280675,492.9601676727542) 6
(777.4045297046878,145.10198921757734) 9
(210.41076564321958,950.7070441300776) 10
(760.0112648355123,575.5178311359492) 8
(161.5918787070245,948.5541465327962) 1
(855.3138482466795,960.8955003730135) 7
(409.7331456006286,399.9469740761783) 4
(44.1233120207013,817.2291796594394) 7
(701.5429566076742,742.2456131805828) 5
(72.34944512145725,685.9538729688102) 10
(237.59322028023388,60.40549822779451) 4
(427.0834875375413,364.97022508335897) 8
(945.0693837237814,63.92711149484032) 1
(830.2245181598767,671.9338944141136) 6
(729.3849986497776,210.15030190588303) 7
(748.1566447041128,927.8863740910126) 10
(899.1139336300155,674.21450660862) 7
(735.3265597736133,154.75244529429767) 9
(383.94143459269026,68.44859134120807) 7
(260.04894457348473,361.2499972581286) 7
(404.3711466839899,997.5338280676534) 2
(716.2536730834809,487.437771193178) 4
(390.57108593792947,958.7504094085341) 3
(654.4567990551815,586.166966278888) 1
(224.1175447203193,957.3123936740502) 3
(866.435030895211,844.8653863003448) 4
(144.63431925929427,618.0767225244352) 1
(686.8101195465798,641.0929454131895) 6
(363.34535581441673,186.21092596988709) 5
(540.5222174428209,381.108803472604) 6
(533.7246515112959,149.81205288277155) 4
(277.25937977864436,903.632030967432) 5
(508.3238719675824,218.89919550605407) 2
(929.7529172604434,454.1793933479048) 2
(758.0033109187311,609.7801979324101) 3
(309.535911494377,147.75409179084642) 8
(374.03116740723743,381.43536955753086) 4
(901.3444112313722,403.72097365916215) 6
(720.718282916067,455.2072212642633) 1
(698.5701752313794,808.2087733359863) 10
(885.8081201047561,306.84628450631044) 10
(316.9972270540488,887.8407137618899) 5
(684.5797184109988,694.4316806959233) 5
(31.491234684675184,257.2506293494049) 5
(377.8713219723603,319.20908621143207) 10
(659.473325857255,815.6881505471721) 7
(67.43992930483577,51.68006323791063) 5
(171.6707070583472,903.4866018922729) 1
(560.4522732942311,963.5070677502065) 7
(893.0135255844523,871.8153942094907) 4
(723.7554337716599,157.95657116739824) 2
(997.4959299532909,770.1760126493582) 10
(704.2454054160644,206.0908957323714) 9
(331.8980156275141,183.24618775317282) 5
(638.9931903985316,557.0016961521193) 8
(708.4498758859646,443.93776313285707) 5
(43.12302352612185,308.77924272701216) 5
(828.0008122644234,886.3999460978941) 10
(649.2720148068781,689.6830745628145) 3
(86.83243436892518,576.4093547384916) 9
(177.37218428318235,894.557984165459) 5
(770.237005425127,73.90349830069687) 10
(185.84274546706348,991.3019181333991) 8
(235.65656299162518,840.8272906789869) 10
(994.4409558890932,401.5804256276426) 8
(745.5919431829074,345.3495198668168) 8
(733.5327654469409,479.6167096832743) 9
(790.7338559184185,129.50467829706113) 3
(638.78864277376,448.91098628229355) 6
(206.98886791321712,799.7971555982137) 1
(300.6644452256706,913.0810624571959) 1
(338.08338336906075,432.7333575125414) 3
(714.8080110879082,278.6517016259683) 2
(730.8865246062255,511.9763308407297) 3
(775.2413274442206,591.0468047090208) 4
(385.9969025383572,223.5273696184479) 1
(388.4387479888689,608.4228278749644) 2
(547.3156517289617,335.1993382887367) 10
(111.60139749223941,766.5899830821712) 6
(248.05882353557664,861.1723955151241) 9
(288.91114745102186,762.4688651688635) 5
(904.6230305820959,454.3445273372101) 8
(909.8590816149975,446.8703432443234) 5
(942.8757539355968,222.09051846976303) 10
(205.01134619496486,811.969711155118) 3
(512.0210758164819,783.1711933535586) 3
(459.2208744368428,73.92435149450426) 8
(528.2790104276067,507.2231481940084) 7
(719.8954276928263,441.60404516375684) 2
