1000 1000
10
(0,0)
23 80
350
(95.62685583689922,209.58204905351664) 6
(220.74165500614572,354.9179982992444) 6
(306.85703070035976,19.96789170404023) 3
(645.1082335996118,240.15089681603519) 4
(299.24738926604823,418.8752150667282) 1
(763.1584775364728,331.43176412887175) 5
(70.29278800571682,946.6423975610554) 3
(281.0040499728126,123.17061681278174) 10
(277.4113948344711,966.1616616644651) 2
(651.4692802944694,665.8800686102809) 7
(573.4970966382435,172.16261466390682) 1
(273.10306808787,356.48726614264734) 1
(246.5107883497525,264.8399567090386) 7
(879.7725675284834,968.3261594295029) 9
(758.6160007460095,288.12300684597744) 7
(419.38036147361765,770.7495598522355) 5
(845.5616470578958,105.66138537317526) 1
(249.31496913657335,359.484078259512) 2
(202.6884400765262,663.8358701616798) 4
(803.577572990181,412.19271548875537) 4
(551.9095035505999,453.1803983063825) 8
(96.75927145427521,15.488109298826934) 5
(196.4883634058705,541.8925008179627) 1
(894.9458198123336,129.31937141493142) 3
(977.2399047618474,73.55846150021061) 1
(619.9226777208887,627.4262414403337) 1
(916.6124479134662,430.4230269300447) 6
(153.30329114833262,53.57820061143781) 5
(253.32407237715503,978.2078093905185) 6
(272.44250770590173,794.5266899416142) 2
(147.71446865340621,891.661039298331) 7
(689.7754097167089,8.636251155413554) 9
(205.98738666838855,834.7676611340613) 7
(828.9502327292535,781.8573530663393) 5
(11.734581101670361,408.0581895965087) 4
(370.76630036509073,141.6896916635396) 1
(954.3140875815451,666.8000876415897) 3
(488.4895159470245,755.6761000635063) 8
(41.81256803115696,989.4792538236893) 5
(515.9646321318418,147.98558001613148) 8
(418.11388091332725,560.8111564451533) 10
(815.325950562002,235.6493518277969) 7
(121.12159344867335,153.34293298068457) 6
(968.7428345610995,463.66316823066654) 7
(388.33978165292507,705.5312930808511) 6
(805.0972305171562,832.8341265501793) 8
(41.51219165410824,307.9044050815952) 4
(290.55121235897883,855.7059948818933) 9
(788.1084694680194,202.52615556971455) 3
(543.1103908151191,750.3125004003306) 8
(54.51672666978469,748.2369590838468) 7
(906.8115077979587,940.3337620794845) 9
(33.10156023686795,492.3741617039513) 9
(293.47343660950366,798.9573834675288) 10
(217.08431458149124,398.54761456806176) 2
(299.3344048966565,489.3698159941233) 1
(600.9706235775427,697.7224743415142) 1
(764.3293753722515,980.6013696170927) 5
(174.87580423392123,672.9748405065257) 2
(437.5083315174716,423.3709011168496) 8
(308.64814811714183,155.31083783683874) 3
(389.16389735941794,164.49340295478243) 8
(419.38067223066145,983.941322998156) 7
(567.9319749579885,971.3091843933659) 4
(262.53421079825347,360.83726956460214) 9
(774.2426109691153,423.80805697361654) 5
(3.307882033102838,779.4086053694758) 10
(172.6908584777288,155.34233988561675) 6
(99.12093904121511,141.37852767274163) 2
(262.5311905849462,389.0387674464272) 7
(748.9425357701048,174.92146825367305) 10
(845.87496788582,732.2321081848544) 5
(64.11801662986727,885.7086580418633) 8
(900.0355603247588,431.5871077838571) 1
(213.4680295403808,329.9644547509998) 2
(950.1605407033921,870.9016472688551) 8
(852.951157844375,861.823204978253) 7
(893.3410456201004,7.4518680090941425) 10
(225.48223651773358,569.2158127564608) 2
(873.4860174785864,121.99304105439612) 8
(738.182764750015,12.872273912407305) 1
(600.1597082311156,759.4121886094331) 3
(483.79911211621584,684.3796803852923) 4
(221.1645457966599,684.1581203080826) 8
(715.1934721203205,209.3083125360108) 8
(280.21828354828625,214.74819460013217) 5
(468.3522306268936,592.4789075966941) 10
(272.56971829116037,149.60992083194878) 1
(487.3370566767107,558.3943450779274) 5
(649.2263327220348,865.4865191404093) 6
(768.3440908062017,148.674470482284) 4
(519.0869120786929,450.5013550808441) 3
(939.7021915642711,988.798549659653) 7
(721.2826143789439,390.45707606843837) 2
(265.1160087441037,614.9141232133753) 4
(875.4839870040722,30.58865303101721) 6
(197.44739109916588,849.5866003612631) 8
(315.3420854573421,201.0056115483525) 2
(267.8735535383492,311.96823299452427) 3
(276.58527053080104,792.5852730892777) 8
(472.6760502131111,447.7825628146941) 3
(495.87229063040985,449.73472713852857) 4
(979.8045214861875,483.8430436832862) 6
(882.816349945807,4.383142754885272) 5
(472.2357690724904,351.7456968033483) 8
(704.6328510958477,602.0811518165224) 1
(383.99811692978113,442.70017477967025) 4
(729.3846971745572,595.7168005610016) 7
(390.2125997809559,338.0330184984612) 3
(675.7090522342295,787.3170688838678) 4
(3.819524824923648,777.9885497103223) 10
(655.9222038347554,700.9037374530647) 1
(334.610474085577,425.0355222351051) 1
(757.7554228200672,768.9501546525335) 1
(32.32838796106308,619.7037126365805) 9
(812.5846108583787,37.271154219439936) 2
(284.35720977716215,180.01109310406648) 5
(939.4279046192925,586.759758616481) 8
(61.4043254297042,411.582419372152) 1
(750.4525239375301,32.46311916689481) 5
(874.4647869804527,435.96453031238025) 1
(351.17751266620957,648.1606649116973) 3
(817.3864400119855,973.7908333904467) 6
(244.59662814226456,669.3910272399416) 5
(44.288000494455474,874.2844469481348) 3
(15.36979025233931,93.53917440107718) 9
(887.0640857435882,369.8293291827609) 7
(797.5642358551884,539.943131052961) 4
(162.12669699931982,570.0896308414345) 6
(492.87800439870256,223.28705691872818) 5
(949.8808274555422,772.6846228238896) 7
(134.2136478123771,687.9511762268851) 9
(675.8190071543589,131.68445700512544) 8
(878.0504498651812,815.6186767117581) 3
(245.8378939509541,733.5329407517927) 3
(685.2704560555206,19.005911803266606) 3
(642.0228652128405,561.3690903783597) 3
(151.54167800528307,424.56863076849226) 8
(658.4028189643568,84.29180091808985) 1
(426.8665266596159,415.13697477324706) 7
(161.16919359535265,681.7680608555142) 7
(452.97068670510055,505.51973732055944) 3
(173.6525977309089,445.9355234389397) 4
(80.25936727636707,717.0955109757975) 5
(881.4835058911757,820.4615798000056) 10
(603.8937468458931,858.3735254327399) 9
(289.982654111118,15.869310655645009) 10
(918.4359046025208,89.1297111788374) 4
(184.02025614034056,679.5647767476473) 6
(776.605810887481,434.87604524414456) 9
(924.4889429882141,750.2739465698934) 4
(252.4585881456004,429.6516411085312) 1
(509.0379418559099,914.9296092064112) 9
(603.2301907555794,316.54411730677765) 9
(101.35043318617743,958.0367098541271) 1
(550.3545621132889,697.5651370424697) 1
(395.6704913651512,903.7262418639891) 6
(66.75332609753559,713.8950300395827) 4
(325.15169002616716,427.1398141471726) 2
(684.061255038547,638.1671522118797) 6
(653.913371614813,658.2194502147669) 9
(714.6769221753735,105.78587089266878) 7
(628.5988047970819,805.9236816134838) 6
(669.0956800121529,625.7197961446725) 7
(697.8067311550375,11.160639606505264) 2
(857.992239162121,687.9466440042083) 9
(113.63398674279213,391.18847978151786) 1
(782.7158092742656,130.82185410581482) 6
(881.9254077610883,315.24432061614016) 9
(890.613268021423,377.0052129930344) 4
(320.5680838810192,870.1857632273804) 8
(518.7363837619404,227.08957547344554) 1
(69.75562426574055,7.255027910908263) 3
(791.9095686330695,602.82130380309) 2
(876.9347548058092,710.463777609997) 1
(878.0144579453917,105.59107520203747) 8
(663.8870764721306,644.753888929907) 4
(85.94324299663147,603.2210510052224) 4
(133.79310582010885,540.7176326627393) 6
(290.74230249097496,348.024486441067) 10
(47.60372512822863,555.4731488177534) 5
(143.86377074388267,314.9113696232172) 7
(446.6758080698533,902.1862234963544) 7
(715.4473475673367,859.1291680736235) 6
(347.3885271508945,513.7123228085911) 9
(339.6018952990042,887.1862522899906) 4
(454.4795260681329,380.8919229524784) 3
(293.0125872390531,740.6274171693912) 6
(209.62252291260364,45.26221052415813) 2
(949.9381495524545,453.4300419133096) 9
(47.016648680571095,168.14792700643565) 10
(894.6439370549219,985.5004902862961) 5
(433.0627213334624,288.6851392733889) 8
(451.5084251243826,126.62344648295587) 1
(87.87414622813594,248.97241533716686) 10
(252.34285295872684,580.9727098528709) 2
(881.1727206434745,300.62078828537784) 3
(254.60498980963797,422.2020602883203) 3
(660.658378839367,773.6712393714712) 9
(522.4748612640201,544.9640159582901) 3
(27.474426927935667,567.3493531774947) 6
(590.0709842573959,591.0561350193682) 3
(63.74314711735074,121.15543254419914) 10
(573.7715919460588,519.364560006111) 10
(763.824780942076,113.02583569200608) 4
(705.2336819210924,786.1489426107428) 7
(742.008347157348,164.50377232515467) 6
(996.5601421387003,279.62121383639095) 9
(488.9442875047859,150.40591443274587) 10
(890.4319468083936,759.4089236424145) 5
(606.7945029420092,436.28738569721014) 6
(662.406815368439,208.11391141514002) 3
(466.3872459047494,889.9914170969259) 8
(412.2327314737576,937.8662155152042) 2
(231.17610506262375,350.641624360698) 1
(16.47544882020757,488.807712621765) 8
(773.5131787863894,988.3280013953987) 2
(681.5918911855149,554.426068201078) 4
(879.4950966078187,507.08193558697) 8
(217.1062866934378,135.0463522372577) 8
(7.3835082455087075,166.39908174135786) 10
(389.5144193989065,141.76185605884305) 10
(456.0124418725007,391.87058099725937) 3
(530.791335539477,921.2967926577504) 9
(492.72444625700683,527.9268910273246) 5
(239.99165132005274,146.69469623425502) 5
(673.9795998370735,367.8091375477865) 8
(902.7302076630568,975.747140956115) 10
(528.5293018294913,103.15497488000003) 3
(185.90222137664813,561.8935902801259) 5
(494.7198210843028,199.36110944443297) 10
(951.5773974543905,146.54400950379087) 10
(713.0849754395821,952.5384076186475) 10
(404.76849018896365,15.122966579407372) 1
(373.2874490261323,976.2184406128924) 7
(354.61901565886745,789.3430284607612) 10
(455.76698170984463,914.6665271528666) 6
(175.89141234375373,102.97165088632576) 8
(677.1166639940751,249.95036007270633) 2
(142.57933986285454,270.2905399561125) 1
(994.9820656784027,592.9740217087282) 5
(773.405058870354,486.66743414328585) 4
(390.08083947209514,750.9502452489055) 2
(491.47987539189165,184.9021269507567) 6
(683.161412499556,729.3682947820927) 6
(416.3814724220895,821.3568746393296) 1
(810.4369555991049,173.79810813417285) 5
(129.94655755657402,840.7207937971735) 5
(85.84236090466058,694.6928548204503) 5
(871.8149384571846,538.9456804277496) 6
(978.9760427392765,795.2194948718886) 3
(304.6164257121531,990.2861294071687) 5
(892.4587189573658,958.7033309980255) 6
(181.7618799212758,675.899788021271) 9
(453.1069200613057,665.0947008044589) 6
(6.409408115133575,9.682317470416146) 7
(30.847289677829124,137.3473754418446) 7
(6.364522743063539,126.86645786799266) 8
(544.0115405378154,882.0542207711785) 2
(62.65683557178969,157.5644903679325) 4
(687.0674717854961,523.5376786483241) 1
(731.8745564794826,655.7027950732979) 1
(984.0890264686803,628.4614506595124) 2
(103.16732232308424,616.1318363416129) 4
(884.350979002917,455.4437784661759) 8
(406.8098353484223,691.3260800258445) 4
(452.83067415249167,867.0407824430318) 3
(432.4322119105207,809.7228308711811) 7
(871.1049770652148,692.9106217534363) 6
(833.9969217678098,993.7078265005007) 5
(739.3502573858646,186.00253895373197) 5
(186.70275131282764,112.41302311470425) 6
(317.62249978037624,922.473709437196) 7
(92.65124095124943,877.3385607967194) 9
(298.72156950591835,173.20201530180123) 5
(567.6854441456853,302.07059113370195) 4
(960.846819918991,396.20819300327014) 6
(791.403161791218,525.8225168349818) 2
(211.28871097322676,190.29602001629675) 6
(824.0133260905621,104.52291379402735) 9
(726.2601274664255,327.3430659817728) 1
(340.3405673845351,302.56049649474005) 5
(270.98421292192177,699.9826542240285) 3
(543.5829880184133,106.51664353463019) 7
(275.1516949167336,657.1832369913406) 3
(168.57008841093557,601.7671888414827) 1
(997.0106020901228,998.8999659205548) 4
(820.6825371146175,93.80977573240601) 1
(575.5786982681294,75.75307978723356) 10
(573.7586129718366,894.1854311953414) 6
(826.2534803301055,515.8029497152432) 10
(957.0203012317612,531.9939571224932) 7
(302.1887796818343,138.15887298224905) 7
(783.9981301550511,516.468060940468) 6
(84.38422198325723,81.84957772085389) 4
(188.00608995995537,502.32013855509507) 9
(457.72293938371143,316.9962655189733) 9
(651.6606234278483,404.22948916331404) 10
(95.66206421398837,519.8135599132681) 6
(152.06370596954488,668.2047064502337) 6
(714.3626561447924,795.6505815040736) 1
(865.7144461912774,840.5111003243788) 3
(314.860139680463,406.2677630886323) 7
(55.9460836708564,836.3741888729172) 5
(308.3106543413828,301.98013234040343) 5
(153.3649693454605,679.4828623682815) 3
(484.6495425668434,181.34417473715735) 10
(407.762624192503,597.877937559722) 2
(607.0824530391482,634.7185099791657) 4
(229.17758442627922,442.6234959966944) 10
(984.5364009519814,198.89990126932932) 1
(848.0685280658842,855.6271319318231) 8
(396.4041310912911,791.6161071041168) 1
(404.71820061352037,817.5531346085539) 3
(203.5759280385513,750.9271188274818) 3
(865.3537954214474,996.3086084263903) 3
(800.2314024091793,532.6569081572547) 7
(562.7470149637244,600.4318289094836) 9
(766.8113513621321,178.69111841452266) 4
(635.7123408814161,155.29134158927505) 9
(843.6446520695112,430.3518545292562) 2
(202.35922292543685,929.3707884236429) 10
(377.25757475638954,414.1881058974025) 10
(274.63922457064837,234.53188521667744) 3
(918.8882004087677,863.3276206764201) 4
(225.31056867143428,167.96496794224237) 9
(187.18120037737108,32.114993172793646) 6
(556.7345954302261,803.8831567707448) 4
(624.5184336771891,486.21583039353624) 3
(107.64787776682428,722.4029066643141) 1
(44.90627799753722,424.13650534218806) 4
(594.1017347282741,10.335578107467104) 5
(216.81702190484086,774.8790710554362) 6
(748.6584303018026,790.6193102936577) 10
(664.4142865693038,11.878756023967597) 7
(632.3081003528509,584.5109551728087) 9
(96.76148653237715,488.6094240422277) 10
(178.44967002327738,300.12065856148564) 9
(633.2161874120827,397.41066642836165) 2
(666.8389704034878,515.8882241846128) 7
(699.7743913870213,172.4213581691102) 7
(218.58840009067748,799.9285054816204) 5
(553.5890546851065,857.920419504006) 8
(540.4465135906872,909.1633541139819) 1
(694.3426044172653,126.25398871942517) 3
(356.90747629948004,237.5798827675717) 3
(214.5959500389152,628.2424922223385) 3
(57.00551352357386,326.3078236371464) 8
(25.01791899367167,516.1636367189408) 9
(309.5283460083498,423.8236412274593) 9
