1000 1000
10
(0,0)
23 80
400
(823.7195850189448,444.54585736636375) 2
(671.1428378014531,255.77081615880792) 6
(855.1314939733574,682.2026682523755) 6
(660.3858644311354,489.0818687825382) 5
(549.2655670252791,938.1887118546105) 3
(908.185202019034,260.67964496363027) 9
(534.7255816426926,386.25096047312115) 1
(770.6063453762607,7.229111838580549) 4
(498.4048720026716,542.2681952525257) 6
(279.0077222604386,910.8757528762857) 2
(139.37181324429392,633.3621911029006) 3
(646.1710508356908,215.19954761631365) 10
(670.7515053874608,519.7450738564125) 3
(902.9360153108524,798.9791208140633) 6
(500.6057513669434,782.5945849932218) 9
(560.451000401091,442.9804363778016) 6
(959.6621727765236,10.445388275145074) 10
(654.5321425359346,123.94603586758247) 1
(93.91870115337464,797.3153735323613) 6
(920.3374282565043,701.9773293048496) 4
(903.4844038498914,651.8751437900845) 10
(452.4546756138713,407.1784702308432) 10
(18.000749706620468,902.8965465356293) 6
(316.14016881899244,792.363297105442) 6
(644.5887317019943,14.01253391991042) 10
(552.0786429201628,96.10340906177073) 3
(123.526950169486,462.24318718354283) 10
(50.993517808259895,689.2128072550826) 4
(153.04259093448746,272.9817106454352) 9
(494.26666039429534,52.66037042881499) 3
(29.084511081045928,944.1891459492028) 1
(157.88542800235794,161.03774875909284) 2
(25.631153301568066,279.78848547980704) 8
(454.33866578779026,389.4819126626926) 4
(578.283129795255,453.0061882310226) 2
(84.10323225960825,566.0350595088617) 2
(771.2447357559147,774.2493039207325) 5
(823.1231908558186,652.6050456762691) 2
(602.3286638807041,892.950763226625) 7
(736.0157633614501,574.0203237167278) 8
(231.97533436820515,905.4992499371446) 3
(437.35849638137336,374.1968371061192) 10
(790.6909914448286,993.8691411479485) 9
(3.0684960731227617,760.9792834914671) 8
(990.7232214136287,629.388616827954) 7
(216.35459401754943,914.541993505129) 6
(999.7406873120225,503.8755963367694) 9
(283.5933897570769,469.25841707203944) 6
(790.6751709442044,49.19334641355266) 5
(451.37613724395896,550.0647844920563) 9
(198.04494336191146,107.44910654391515) 9
(449.1866990843738,722.5721460224253) 7
(868.0758377338443,396.27459945165145) 8
(282.6969735382272,592.9109067187474) 8
(130.05143171666646,927.9843614675391) 10
(254.13455695903252,142.6966938760672) 1
(77.72207719330338,774.3863850683354) 4
(497.0481876218337,977.8649641237819) 3
(38.35478882161636,920.6481109553907) 5
(10.515134919509395,304.7732562064754) 7
(72.84331345488171,284.537060653255) 10
(352.1008906040841,980.1701824353802) 5
(249.15558877830279,759.6138977984643) 9
(944.7075622421704,622.0611708153072) 2
(403.02038116216187,542.8179405350332) 5
(735.6337639274903,622.0567121050582) 9
(113.78883699414588,994.6438920721085) 2
(979.9455940638311,793.390536186462) 7
(946.9020179197272,854.9876381517139) 2
(60.73148202884193,160.44217888222713) 1
(628.1499680345499,465.34739334785604) 4
(240.9262603415344,4.967299609264786) 5
(45.319297420357564,612.930171461044) 3
(0.23394796117492955,921.8106286663074) 3
(639.4012865683532,884.7665157865256) 7
(375.15656804687535,286.5155067753295) 6
(529.1546135247197,777.3642090459044) 10
(271.3258350396696,90.74958575662751) 5
(369.2035415438262,252.5895347616699) 4
(6.461741625137352,274.34402330154427) 2
(199.91526461534016,597.8042456950507) 5
(551.5660659492438,326.1057525560206) 10
(937.1195433920577,780.8742085445087) 10
(730.9832127862455,175.55264810291283) 1
(349.25497193224584,970.4037155886429) 7
(952.8542768293398,660.3279565576703) 10
(825.7675237642339,636.8502966036679) 2
(756.0214308553142,351.21890922861076) 6
(824.7242224682731,347.2999899385414) 2
(786.7470932898829,763.308561070193) 8
(793.6655303510287,533.9746339220428) 7
(804.6046077035195,214.40414825894462) 1
(639.7933335253416,201.448867122636) 9
(891.3626882414933,400.780066552514) 3
(671.7374073355568,348.4738335802078) 10
(599.8392896219552,849.4596293447873) 2
(558.1211771040372,305.6287943214814) 5
(670.8843714603315,475.3894583933206) 2
(343.309405454275,118.28964917314933) 9
(334.06842599688423,165.09707386136284) 4
(129.0760708292743,573.8949334309302) 9
(128.00040195428696,363.5245855786535) 7
(826.6876234547342,612.1145688254729) 10
(361.12531318203366,497.06293387018695) 2
(53.83328652227415,824.914058662916) 9
(206.3543907466333,798.2734191897225) 3
(90.08380414300609,804.8580165991721) 1
(780.5559938497837,214.5110754691596) 6
(618.7845228469168,358.7638120886528) 6
(358.5971640136988,470.0016417842144) 9
(419.1826471043857,436.9273357712893) 7
(461.35468465829285,613.575941855017) 10
(484.5828773810666,698.2519266906054) 2
(727.2280192505093,648.0037450045515) 7
(570.9822074655633,93.49543339064914) 3
(879.5837591198369,44.17997305510746) 9
(312.55869387633516,462.44953798006196) 10
(856.2203892336025,908.0474371011113) 4
(234.08736228280281,828.0453488198409) 2
(857.4576466322527,182.46716527081674) 4
(527.4692935609928,737.4542568248302) 9
(233.70695599937974,990.8007306514261) 9
(370.0766652088964,497.86776612879993) 8
(486.8936862161186,869.8236228121596) 7
(723.7160249409277,583.1394211999607) 7
(966.7901975574657,436.0145000151592) 10
(454.6455696798255,771.5681161419835) 7
(950.7779213363457,6.947796080145507) 10
(676.8481014614059,249.98898538651127) 6
(599.3899915621599,648.3869320329029) 9
(974.5953949489835,282.374084234807) 4
(371.39085765089953,382.386055661157) 10
(8.43184968420918,95.91664523697396) 9
(740.0436461731568,101.09588214481057) 7
(971.132141639617,712.1564922853009) 8
(169.59268671105553,893.1535365373292) 5
(0.9327486982760869,999.2230766203339) 8
(802.8968466840992,405.13637490298584) 5
(471.89209470934856,485.7400679753804) 4
(464.4434008138205,157.13046812449682) 3
(505.74208857447377,686.3186138686553) 9
(536.3234896438563,866.605350954154) 5
(656.2881402443578,932.9755669139063) 9
(205.07247526824835,910.4665190411304) 4
(820.1271163036047,356.6697224434345) 4
(564.0733373723164,752.1399515263369) 3
(834.616528975464,103.18698530268577) 9
(99.42326527167367,319.1723137548175) 8
(466.5646794977929,811.3180266169211) 6
(785.192401741056,573.6128830045856) 2
(645.9913118494096,215.01146967972494) 8
(794.5749318741239,295.6802486596584) 3
(220.55082314382156,940.3004400875234) 3
(724.179464979829,549.3030554882613) 8
(754.4931447263294,607.1367793396233) 2
(504.5422910549626,288.7354452863726) 5
(713.9361249864222,997.1362481528672) 8
(277.181127218655,394.68750470691714) 1
(48.596533669257866,80.0274000187482) 7
(689.5311015965675,533.4639578868678) 7
(488.67072031487703,581.0873478195625) 2
(188.79484514813117,389.3304436030166) 9
(364.78558055265967,514.5054514411537) 1
(254.59074945002814,533.5663028078825) 7
(894.0775176330312,10.863099583775849) 2
(298.2346922462111,184.88300113827495) 2
(748.9528953286708,393.58677356129965) 9
(81.51309606105828,512.0270029169097) 6
(696.5190705921726,868.1688106078577) 1
(82.45165620515849,11.840888101074864) 4
(994.315708718391,22.491615812100907) 6
(848.326990789021,395.7958793036728) 3
(225.18581191059695,277.5686518136006) 8
(289.1248553774317,123.74840770328565) 9
(540.2828403119925,814.7477363361378) 3
(189.53951728892815,47.240177055144386) 9
(252.5427920889779,854.297982271382) 7
(301.2515122001241,422.2478931982853) 7
(701.9006256484254,699.3148541890382) 9
(448.15057532028936,841.8673078056735) 3
(369.38398875187517,714.2470042551039) 9
(784.355365598009,744.5618254210311) 1
(130.6475695780186,476.6525427418792) 10
(992.389999821563,116.15528424655419) 2
(488.99580751203496,153.17962404611097) 1
(649.0781270499127,698.6410568702661) 6
(591.8562327104971,668.2823079376889) 2
(811.4016177636368,58.58636781504123) 8
(113.08125930325342,972.9631726985958) 10
(444.81383607959924,14.364725469689477) 8
(550.876113079146,847.9507599034073) 10
(110.22103122627502,92.17226419099379) 3
(248.31335402108044,140.1358690244061) 5
(687.0568181044201,924.8238324430225) 5
(749.2480158195754,995.4851365939537) 4
(118.21628360703096,146.36090293963443) 1
(544.825911571626,217.56377326356602) 7
(732.7174888315744,167.22905719852344) 10
(363.22813177800595,824.1570413381502) 9
(16.51606722148258,679.2732084119749) 4
(23.170809351388378,634.4613403941004) 2
(391.1701755600928,737.8937143945898) 6
(94.80825592362952,118.31186548464501) 5
(985.1595327085479,719.3596289390416) 5
(251.29577538843728,780.406260286635) 10
(324.19823302021166,896.743568527404) 10
(938.7586131548857,952.8331479595475) 3
(827.0117159514975,312.574525683464) 9
(650.3301823598788,476.65884624317675) 3
(743.2910432223997,197.18155196442544) 8
(265.3285434448979,900.1289045295586) 3
(378.1730377320837,758.1804058889585) 9
(654.0462174639573,675.5014774736826) 9
(43.21491595833849,709.513446646228) 4
(92.46226952589586,589.4091858489543) 8
(89.10529791407662,490.96227639155154) 7
(826.7777742151081,541.4485035958966) 1
(489.96248389994923,481.3089265193612) 8
(814.5728280791391,759.4182008797716) 10
(54.77811739369787,302.62716945324144) 10
(623.9945870381019,887.6388683531565) 7
(530.7196883521104,834.9698502413894) 5
(348.04134898467976,656.9119906990112) 10
(391.98350405136284,929.2361038808065) 9
(980.1283158105911,443.2097493318953) 3
(545.2093748867412,508.99731586448104) 2
(811.6380388393501,222.98856152204283) 5
(332.17856616904464,197.4532329185572) 8
(70.7992405360246,998.5683284122159) 7
(386.8633553493884,888.1954424955796) 3
(34.50354324399729,835.2937545544116) 4
(599.1578323668075,18.845144476232534) 7
(916.9768567491764,245.21053662319449) 5
(246.51420543578118,33.559822602899246) 7
(501.1073712855988,676.1292302758887) 7
(495.4089808770049,595.2685435425661) 1
(143.01091846633628,635.1654285499166) 4
(64.23532435418278,91.65168191910489) 6
(834.0312167153744,501.9167795535999) 2
(684.9292121439578,661.7869555662994) 7
(781.7574157658613,529.1845083897913) 4
(14.439875489045683,488.822879633763) 3
(408.805747763661,856.7379911210754) 2
(87.2335914421375,747.4621928853749) 9
(221.09855793190857,509.65196825249024) 1
(525.4157317682659,373.5026546511815) 1
(817.094318173474,893.7587044290772) 5
(747.3410291324402,809.7960889891754) 10
(673.9996616212369,110.65751885631103) 10
(126.91230189013058,504.6279845612296) 4
(915.1245628769851,678.5370643859437) 5
(179.37786311875803,557.7327719267086) 6
(589.0818501843223,888.1810628245308) 5
(182.1716369525549,593.7377031970362) 1
(92.12813664307696,210.31168191564575) 5
(194.57060826464667,241.9617329340381) 5
(749.5685810166822,228.7803833795369) 5
(446.72096365290537,842.2807319764771) 7
(765.8245773938197,816.386087966299) 1
(663.9213292149798,56.160391015412145) 10
(121.38752030117217,371.5886409802791) 2
(939.9520876237685,271.3807243104319) 1
(151.53339444873438,195.73754705977865) 3
(111.06646480250227,913.2986923044182) 9
(556.8305780773691,654.0470233717858) 5
(201.49443088771113,286.1781864506753) 2
(4.572648416251268,859.3847213647672) 7
(239.41775341492766,348.83875170032366) 2
(662.645837043111,679.9057380442023) 4
(226.52792314521753,912.0627920776465) 2
(151.01554732885302,413.2636213490067) 4
(281.4378970589624,640.3217146373071) 2
(646.4715816427955,727.2547423861221) 4
(366.32426496031013,811.6546635056297) 2
(414.6816185720118,105.69533901912808) 8
(935.2369751523921,773.9534134156759) 6
(900.8412243482311,410.2282914650339) 2
(471.22704220375175,902.9510111761443) 4
(895.683142852421,727.3304903050142) 10
(394.74991175831497,766.1988143640101) 4
(660.5916160769231,186.2977435719454) 8
(311.9992848852081,196.38498994522047) 8
(277.03079228017515,360.78300938632776) 8
(822.5269625643657,154.99346930776235) 8
(322.96279971410246,875.3912570105445) 1
(849.3533905860362,223.26742768842834) 6
(386.2416539104089,111.49241282281453) 9
(160.6294629890166,340.102120551913) 3
(959.7582901548328,579.5799864335496) 6
(395.2428169702875,171.2296249527131) 9
(279.28571989135145,137.860913661619) 9
(647.3693938638571,779.5844419272665) 1
(419.0816276720908,411.2422646744547) 10
(700.3769751892236,359.2757913171195) 1
(729.3733301783576,265.57232469077996) 6
(327.66141481252464,814.7785186417188) 2
(299.5138486956519,672.0219710005016) 2
(976.6000373604608,454.912007073499) 7
(172.14601060660385,299.09821550830907) 1
(547.8657627850835,503.8463939335267) 4
(248.48451116245874,252.8349689363837) 10
(712.8245973483041,916.1604822495657) 6
(278.74969691819973,278.34198509723575) 9
(932.8183255910097,153.6622826498103) 9
(289.4880559297809,796.47963268312) 4
(161.61979980968354,798.7823574879603) 2
(805.7383577925971,685.5013615094796) 6
(824.2605436571721,966.8327292003248) 10
(632.8491647525451,63.21229883957491) 7
(787.5039020615305,467.6763776993623) 10
(802.7317723548731,307.5017293700404) 9
(267.45071006704467,66.14709017646192) 3
(627.1864862480197,846.1585670032706) 1
(679.3635888669475,707.0699482478135) 3
(216.2400038847032,693.7533156978517) 2
(665.4787687185993,360.52241724247034) 8
(937.4479933749758,428.75620141380443) 7
(333.84146805463246,406.1509116771123) 10
(534.765433568954,582.8868348062066) 8
(59.100138313891826,391.75186537363794) 3
(691.1476227211448,148.41698039651698) 8
(747.1750360762086,90.33648509362924) 2
(745.5889545158777,379.02448439569713) 7
(937.3484064934543,106.13254856902444) 9
(278.3412953632165,741.3048302730705) 8
(958.8431107594096,108.29554840210187) 1
(435.2611622131983,394.23438558282817) 3
(629.6765814983619,783.9158016285071) 7
(177.05337081038718,968.9354722099586) 5
(437.93189028909484,62.42071871568433) 3
(250.2075240012358,355.4444531838218) 8
(801.3588212208617,766.8910575655249) 5
(960.3573314867742,762.36813365585) 3
(954.9558300278919,285.07776235907136) 3
(238.06331704259688,887.521382669113) 6
(568.9600552156903,414.18642162772744) 4
(151.1624595032476,559.2189913305763) 8
(497.26185479331974,157.32662709262567) 7
(907.0010459668412,237.6190313672436) 9
(395.8819612672709,114.51441136524298) 7
(210.187109743752,66.237213810868) 4
(796.3331153214459,703.5871481525692) 3
(732.6988870776682,402.8305239728247) 2
(414.7008320470016,248.8561077454915) 5
(958.3295470538662,453.2121551580607) 4
(29.41950536990734,285.4364552334182) 3
(860.808719221112,335.0893113595639) 9
(870.4435662438614,468.35954286452) 7
(748.4980730880028,199.81397929983225) 2
(702.3508311309276,712.1607063544037) 1
(502.10882853302064,367.11192353356927) 7
(98.75917993960603,44.51483600218331) 1
(380.95873269434657,101.74325001511886) 5
(193.24859425007912,412.2103399040048) 7
(652.4643216946475,160.31770878747344) 8
(793.6849766492604,265.3408536034042) 7
(336.89822822977635,799.7638996025557) 4
(27.265028191200468,574.0788909360151) 10
(312.74502730336997,441.95841613908857) 4
(638.6069595424594,337.62433593788) 2
(496.495625743308,49.514830595038475) 5
(0.2693192137644962,175.129837690313) 5
(882.496732015985,771.0954849512414) 10
(779.190308816005,857.5299990159641) 8
(775.8649829754064,627.7526540105662) 3
(330.0739658648334,503.7842703299653) 5
(729.9664346937799,669.5379680185379) 2
(494.53169125043075,906.7632453131725) 5
(152.307937195844,297.95476463256085) 1
(28.7617472679379,983.1361730149517) 1
(554.40177810313,998.1000738359731) 7
(618.7368234665709,907.0464164918212) 8
(854.1715695721198,104.2536584313707) 2
(429.0395878442764,166.12875023877248) 6
(450.0083466825311,21.260821571661424) 8
(680.2336461906426,518.5404938714391) 2
(117.71434687121318,623.9606199969583) 5
(38.66608602405075,518.0164999390614) 6
(456.4765571981526,863.1928471979093) 9
(756.6641895123188,271.2459850809855) 7
(746.6570901156272,362.31088692508473) 10
(919.3298724590619,881.8465741255729) 9
(676.0906040906344,331.53886219004613) 10
(245.10875679562406,472.10961684784536) 8
(835.8484982223038,628.340217355357) 1
(121.12557331459462,165.00457000693726) 1
(910.6266476536626,77.15965393939072) 10
(378.8856085468335,29.07169311325397) 3
(241.2151247132902,60.21104319685511) 7
(74.24889009383351,396.29203082680397) 4
(660.197746533208,947.6378227820045) 4
(772.4953410818899,212.77509007628026) 2
(371.46178726352406,128.14414644707196) 3
(60.91335008894494,729.1873752297116) 1
(311.77020966735756,675.9100950896728) 1
(770.9652743844566,590.4337444905318) 8
(488.3127199530254,879.9398217388284) 5
(503.79266218756237,658.660309988136) 2
(595.075053275558,876.2950120381166) 1
(694.8033569867168,644.1576286543097) 4
