1000 1000
10
(0,0)
23 80
400
(796.4460202299971,48.06609089645586) 8
(347.9818065845128,215.68835445822475) 7
(879.5021209484959,755.7642967591963) 7
(9.00685224457387,760.0391402477911) 5
(705.6849828350313,759.5268644100698) 10
(690.6653927603315,535.3164562645724) 6
(749.5846043407578,25.291135694978315) 10
(437.17752125713514,345.5085354735086) 1
(500.6144151909211,794.4690697507702) 9
(470.7546637109181,484.94275273263673) 9
(472.21614764654464,249.364182245309) 8
(864.5294525344424,672.5549586208235) 8
(223.18302147455137,938.2134731072023) 1
(197.08452665845587,816.7099005093296) 1
(150.55137141318,467.40515892096846) 4
(515.7799150508882,59.83131195390645) 5
(56.89290928819879,471.5783574542537) 1
(913.4709532047276,679.4169308084336) 5
(222.0214909122007,129.65983059488818) 6
(963.428268525599,452.121753938493) 4
(878.3554302312203,422.85352196161807) 10
(286.1301376312705,427.84909527869354) 1
(541.9457257561227,452.21563165954404) 3
(626.041254688033,341.362793762945) 3
(622.0184454222377,168.02580458512105) 2
(735.1551736057058,67.70894965825447) 8
(271.1633890173882,135.21416865012935) 4
(389.21908874040656,696.0772455292654) 10
(594.1015334094886,531.3777453917148) 8
(259.32959071548777,935.6012128978676) 9
(753.9746544383437,34.21085909213573) 7
(763.9342726728372,359.5379330404711) 3
(751.6459463825622,334.9885777967538) 8
(996.6810434784314,320.3519101631236) 6
(326.93934305616756,281.85958474537773) 10
(597.7621948952997,502.39615343739155) 7
(901.6230322619496,874.3759960663267) 4
(400.45516450785254,368.661868953457) 7
(379.41219909671366,219.30521004149395) 10
(154.01630577741508,596.174074835678) 2
(600.6591851712274,183.5307241282329) 3
(666.6819208105668,167.3606761271731) 10
(778.628932735185,342.96395532110915) 8
(305.65361075375506,365.9772671103706) 5
(691.9454188993715,312.76071372277323) 2
(506.0881971898385,180.7272676957985) 5
(282.92073182171674,42.199106973950904) 10
(428.45052120444814,340.6347713765108) 5
(344.34363664083367,455.05443544320235) 8
(617.426324833357,231.05836834064164) 3
(719.5668293837803,909.6047725060783) 5
(613.6886564988953,880.1865600671681) 2
(697.3843696317871,449.3850091214937) 7
(841.8994311414828,339.8976949760709) 10
(188.17226875917947,423.76119406269396) 4
(954.1440903443863,261.7240544325489) 9
(674.5607863090952,633.5418599607017) 10
(142.88173014835792,423.14509859087013) 8
(23.53313697676218,384.22018299239534) 7
(247.1989352136641,328.1092734667621) 9
(205.03705986704023,266.15634606190196) 8
(874.6657497704846,619.1702757831442) 4
(895.9797549828799,393.76016627537837) 1
(388.0220038801946,656.9249945865643) 1
(436.26944441780824,719.9951641541329) 5
(589.9451620995447,714.9170777564831) 8
(928.4576215913203,287.83632797433836) 6
(493.3242337571333,88.59042603097222) 9
(28.07992593677522,361.97037233152906) 3
(962.1345309459073,537.4189005909526) 7
(539.4777453502919,667.7469394083594) 4
(398.7561022604472,582.2225545652232) 5
(828.1363018344912,327.8025791579385) 9
(408.60300797184055,43.14198703542971) 9
(520.4568253070339,986.5702759439928) 8
(955.3172623654399,808.7334453231008) 3
(550.1223142800034,637.3721503493887) 9
(459.78765407036536,231.45839877325835) 8
(725.2199867703725,358.67089099962624) 5
(594.5814475579515,368.82794247253935) 7
(445.74769028737614,320.5918319069807) 8
(580.4820992200088,659.6459634397789) 5
(721.1554379650662,74.62571150294472) 8
(610.4960884558708,344.1380778291845) 9
(605.9526064774325,467.1487936680345) 6
(88.65182722006715,322.7486700287669) 8
(965.4635964240184,729.8427592181204) 1
(121.30116391258771,626.1020140367696) 5
(832.8401842404285,370.1407722916753) 5
(205.8729323057863,487.66597567717764) 9
(56.90838841329804,538.6820227934641) 8
(743.2566791137813,494.3054723724384) 10
(658.8252094360752,964.6683251346851) 8
(477.4354903271633,457.14740653304176) 3
(574.2156235612321,950.6245704304505) 8
(414.62316425681524,91.99013921178123) 5
(935.1913029054718,602.6099789535323) 4
(993.5688463911017,452.1362816978194) 4
(956.7552248659939,495.7360766612331) 2
(781.6414493774681,153.55330986546966) 6
(423.0259587508726,139.1580384632096) 8
(628.1294611613429,138.4586723527027) 7
(554.927894923219,666.7423562026398) 3
(519.1375058037589,846.2357327777562) 10
(640.8262615675442,289.849903888527) 10
(459.5062838276336,949.1355433935819) 6
(76.68260438995466,8.132485010816204) 5
(504.41121216136145,58.36289890956336) 6
(679.1782311337811,763.3513675789555) 4
(610.9985647112771,974.3417043616415) 2
(290.98915085810927,637.7260456744547) 5
(448.9838311613642,131.2625103398828) 9
(385.85157533419743,190.18476845261856) 4
(98.01878074956161,228.7909340829679) 7
(347.63247503607573,159.28114613505662) 1
(833.2026446274732,579.867280400362) 4
(58.12848311584817,126.586299201489) 5
(32.1080645007894,21.707776144332946) 9
(259.3290825669509,384.84141978242036) 2
(782.5731427811942,592.1771079171015) 1
(874.2118234008194,284.5724377669578) 1
(196.76947780512276,949.4883389947508) 2
(733.4298096067134,536.0398961776884) 9
(779.1571390577833,989.8336774652727) 9
(888.3142977003778,591.5265017094887) 4
(837.3172555825431,765.2334259928706) 4
(20.544434810365498,927.8177562480873) 3
(893.8672486407547,333.98418548355625) 5
(823.2559172022699,147.8776414969426) 4
(733.6090587857602,906.9479241173847) 3
(487.6937214578433,607.6425317760305) 4
(263.41095854526185,57.605210706885735) 8
(394.5740299097756,796.2758192736819) 1
(323.86247880500116,704.7467580752235) 2
(924.3649823357299,112.47108674716966) 5
(269.96750134291017,786.1432382844459) 1
(913.8296421131422,647.6364943422321) 10
(608.9162777315713,480.12277483845054) 9
(38.54718438510763,935.3621180823094) 3
(406.59025449723185,356.30022610985037) 4
(788.3311356299837,811.0073012215004) 1
(876.7027971022717,422.23692556372805) 4
(182.38418840164948,309.8306989997096) 2
(133.6879279463955,578.0554866816296) 10
(447.0081435436308,340.63206022923566) 1
(568.9651420575375,921.6842603679065) 2
(504.29668439390065,124.81612706768075) 8
(607.540895824499,64.464638691631) 1
(648.419532243357,67.36991069080933) 4
(419.90917513608696,510.9654174902751) 1
(366.21535409116865,795.2561941883961) 10
(586.5618566497409,110.67614277670124) 5
(537.2663155874646,434.87208285700086) 3
(274.26032208043995,949.2397244973837) 1
(488.4402076595658,154.75127802887522) 7
(817.270453203724,231.1100414095163) 3
(477.67335519647224,295.0026516319573) 10
(750.9410163535412,186.52375261047916) 9
(791.717535904822,576.6479400170234) 3
(68.28826430313795,435.21084290329526) 6
(388.7339769254364,689.0365180434637) 9
(989.4345079112452,294.13378223908603) 1
(196.5459411171091,306.509285632281) 9
(381.3127755539444,683.9385117900694) 6
(74.64055788677504,403.67735279128544) 5
(114.95324949400288,800.8709943751461) 7
(355.2948780150181,516.2672089481262) 6
(661.0894715724191,32.770191419499554) 8
(684.0654871746012,349.1244966627064) 7
(478.5384998065055,209.8214822385659) 10
(822.2204430440867,329.71985162151316) 10
(282.1066985179186,948.7372491548898) 5
(153.8460069955211,759.9255278210351) 4
(926.9097373015243,519.5888630232578) 9
(849.6333223227745,810.6813092986572) 10
(103.76404131941985,248.0889269903085) 3
(670.3514849250031,119.76815951172837) 6
(929.5891893866467,541.1773854784628) 6
(250.2884302682533,548.5380360186792) 7
(398.6641102171635,637.1133141677462) 6
(177.94198460385357,190.32390592270232) 6
(691.4925081134064,785.7897989125287) 8
(644.8228207235125,992.2623535425989) 8
(866.8238546728907,481.1315172533611) 4
(2.8654212349412678,194.32321913817842) 3
(604.9541471640465,918.7478921782682) 2
(231.99010566664623,8.424673475679544) 1
(308.06806996010914,381.2137555470446) 7
(500.43738237602884,711.2444923965156) 1
(348.1002400618045,68.93734972801057) 5
(543.5507247169908,373.0686647059055) 4
(537.6447527729272,335.3983929672144) 7
(218.74424730441567,47.90342214878718) 4
(48.70677607968754,824.7727968038562) 2
(499.81160721957207,533.3265189653663) 7
(459.46696111376195,718.0751859826953) 9
(36.39071871762523,14.002618399809098) 7
(381.3640133325731,755.3585445348832) 9
(60.027060842907986,158.29402594551246) 4
(308.8605512420444,990.4164014589516) 5
(133.74777126454285,250.5483575778914) 5
(710.3914536777203,622.6487849787421) 8
(602.0904433893122,939.1679513087558) 1
(211.3834340109415,642.695904563972) 2
(290.24681141260913,327.7763611870934) 10
(103.49220331234355,877.4276173141988) 8
(79.64378994463405,703.4355223190867) 8
(119.3465941129469,855.290401675327) 2
(86.84537772413692,608.1496461909394) 8
(286.0561266947792,157.32647850530023) 3
(779.7297102533188,20.39857221998298) 1
(585.8108947603383,607.3485867599362) 8
(823.2747703601709,276.60682311419447) 8
(156.14416569159872,242.40030203296016) 3
(789.4176847575624,619.4429293399289) 5
(489.1963315015441,528.9099127199826) 8
(983.7291134865702,509.3602905289393) 3
(43.769970907259314,581.9342911098606) 2
(934.5333968511801,801.8335778892033) 4
(291.4247844540303,324.8632350397119) 1
(816.3411830475497,42.92240324480201) 3
(337.4707093104669,82.63315875108779) 2
(187.09396708335268,310.14754609312655) 8
(784.6905833526254,156.27438225048195) 3
(120.97995282234652,428.4310750786504) 3
(381.3216952782007,966.1717729556954) 10
(805.0443204657905,659.8850723004815) 9
(967.8772990575839,692.4019061306673) 8
(434.3448944980478,387.6327482158114) 2
(945.1259693561101,911.224873067795) 6
(568.8294110403428,422.87085943620616) 8
(11.601527309298309,851.3770239425813) 7
(65.25382724994178,126.19005192752853) 3
(9.25514902062341,629.5962335707925) 5
(448.75236714051124,649.5481074237754) 4
(592.6102099845989,661.6438654847461) 4
(998.8622108852246,647.9617684429469) 10
(906.5030356157074,811.4874212862273) 1
(832.3503668760357,589.5775844188495) 4
(610.9513460663085,523.9259018788513) 4
(89.00939650842743,815.1640873364025) 8
(976.3160815095696,832.7915445421206) 3
(701.4027977779718,395.13527271033644) 1
(642.7843993219404,691.8547939764962) 3
(201.11128056613236,875.6101237520387) 4
(288.9814012314517,291.2162180077462) 9
(900.3107236611042,647.9048022822743) 4
(5.323924407875991,627.9985226932145) 2
(823.2734529890777,224.79297482188153) 4
(432.1261996667809,573.7319302785105) 8
(25.161423845905475,75.16273219187542) 1
(622.032648064621,956.9645999618679) 3
(199.07338714370127,907.9134000767742) 4
(393.82571292572976,5.762203719883341) 5
(172.02129582385817,360.4819960231188) 4
(148.6025331707097,950.1417422313626) 9
(345.8133104172669,281.0431411998383) 5
(652.8784874669365,506.9159531427903) 5
(158.2472849919606,419.6364177339614) 9
(638.1201426822195,272.1757323796751) 2
(138.89525189910933,394.0345837630492) 7
(272.0955749832117,213.47741991904746) 8
(815.7896894806864,416.20972146783566) 9
(976.0605965230517,572.9469729469432) 9
(67.23011465454265,656.3794325233157) 4
(587.5097312244851,556.8832495128605) 4
(431.77495184247294,109.49122672401957) 1
(971.3168224168751,615.8127240390417) 6
(34.02808478644415,441.44299672108923) 5
(594.4348952120567,226.3056721215333) 9
(949.0013696419651,383.10449063151174) 5
(265.8314645019172,446.33545986497944) 8
(104.20384190490961,163.5197527204102) 10
(279.45267309411395,768.7024812084682) 2
(183.03417321514792,955.4047048662761) 5
(715.4503264045526,613.7902457158292) 5
(685.4595803061457,480.14260710444114) 7
(914.4699906196554,837.1005338990931) 4
(270.6626714596196,306.43270754741417) 9
(675.9061727903953,139.25265629803363) 3
(327.26061216059276,795.4486482026291) 2
(464.0952082765246,216.92438821607706) 1
(644.9947364232027,524.0253535401565) 4
(185.59960257819142,676.5322966875343) 6
(933.6822021189441,576.6889664796018) 4
(452.5140817360469,31.393148018286745) 8
(410.8132321986401,114.14576907672868) 2
(200.49088667851478,357.34182798157235) 10
(47.098179321983125,5.140492226142435) 10
(9.50695038371785,120.26916300765001) 1
(417.45045565055796,383.4829769777941) 1
(382.90282706660537,292.18980061565816) 6
(123.78278641477114,817.3177825659385) 9
(569.594406665943,878.3197715958673) 5
(382.3337737795597,869.3753117527202) 4
(119.59143930868288,927.9567160394939) 2
(301.2634308538107,977.0173152720965) 3
(7.623247533842137,574.9919919934267) 5
(608.0591664213155,133.04116957258293) 7
(740.7274391103468,936.9185951903496) 9
(30.49273698631916,341.9582875432601) 7
(506.2577653399032,339.95738982383773) 2
(661.8157694245205,148.72392679830614) 8
(583.2932507014642,560.0207120804865) 7
(423.62716700817657,988.0116654573741) 1
(736.6983376918059,467.8564394101122) 6
(209.92521099915396,761.1915614111088) 3
(344.92029578424354,567.115968673665) 3
(451.86803382784336,617.9471866215607) 4
(0.9393810025887239,988.2205385266298) 1
(394.70534432943674,288.08997130115523) 2
(280.7157858445447,40.32592598194418) 2
(739.3573617467233,136.76023073019272) 2
(415.3536478333572,917.4678672301221) 9
(361.1006908290807,297.05441028234094) 10
(216.2967091238701,797.8268039735956) 5
(863.2627988105421,151.4384271723793) 8
(482.32815134245243,344.55832261883245) 1
(178.09660997435793,548.0899904143523) 8
(325.1905760498283,667.239380933878) 6
(49.50306613925215,110.34347343889317) 5
(122.24777606372538,791.3290086288863) 8
(644.1420155697715,768.0738127370017) 2
(765.648370096722,269.72623693859157) 4
(965.9820759360005,10.284882116917693) 8
(350.4361260174321,817.8495373525566) 6
(326.4389114901011,276.3639504026364) 4
(490.7975845122139,354.2534126282018) 8
(85.90186036704107,408.3022223950842) 1
(677.3138367150103,595.880896349141) 3
(375.76416065030514,372.78829941386795) 6
(825.2125683412658,168.15755736735693) 2
(903.0371560389405,867.6150405173194) 9
(579.8370399958889,943.1549593693331) 5
(37.62049844969362,239.0009635259599) 5
(46.70503687644023,979.0682825450614) 8
(945.4360226925749,627.9926774437959) 9
(393.53659592905086,955.6278098869417) 6
(181.92863906372003,779.3160496482294) 1
(456.7794283800978,297.33069442067585) 9
(104.0887991266083,944.9160903532402) 3
(438.24491131636677,12.870067254898366) 6
(580.3467467852078,250.93437347636007) 9
(904.7378629794094,404.1842524290775) 6
(258.21930135415084,80.57065839854505) 2
(391.7172552572897,735.4398267338626) 8
(838.4914946150933,993.6764960742397) 6
(19.58982577087265,989.7529967313168) 1
(121.48602033722878,168.7035909788299) 8
(899.315766408575,239.42225883795632) 3
(514.0129266821689,31.403260686133862) 10
(2.646969623345985,908.7760073888483) 4
(139.60352831773892,799.090806405615) 4
(19.308342270386582,698.8556539560957) 3
(642.1596128295803,524.7208764270813) 3
(202.56158232519329,226.2966255736224) 7
(449.2731584042022,797.3052242313302) 6
(665.8769454122242,284.83726476665447) 1
(895.546519600345,440.69778355009083) 2
(356.03748771877395,474.76743421419775) 7
(187.27383205213778,737.8145467200094) 5
(552.4127825056972,687.7508879630881) 2
(316.94287731072546,520.7266946817919) 4
(828.5405659031774,596.0641834274004) 3
(349.89392576550557,872.8785743102701) 1
(115.81256306585574,825.2312558758514) 5
(452.8317985055277,15.722574060030192) 6
(185.26728470225763,767.7901180037206) 5
(620.9002542348709,382.78786863024715) 4
(747.5087656217535,912.2179327803672) 6
(92.48731624231377,498.7709299080816) 6
(413.8246912340846,44.681414925965115) 8
(696.0729111477368,184.59945692068135) 10
(956.2393627872382,462.8038045736249) 2
(625.6830205019993,699.6717256086872) 4
(188.76124448516995,458.1739558972662) 1
(770.6556431986121,757.3842851360947) 10
(702.5579554601013,544.4000811228411) 5
(145.96384852157252,175.37672392219628) 3
(498.2140329159498,156.04050609848463) 10
(871.7029802746173,8.523634950423187) 5
(142.99499653472935,197.4457702469945) 5
(768.9180941957511,479.2617674933939) 2
(146.28244516808496,977.281805326914) 2
(877.3573292676879,855.9950442088104) 8
(654.8614139354304,686.1167478829548) 8
(181.72922726274754,681.6626797569423) 7
(467.4496262417994,881.4440652711847) 4
(873.5239632919755,431.7104939962755) 7
(371.048320186963,66.35623702195315) 1
(358.9211646816155,627.4627183613597) 10
(480.4187835354039,967.082327313695) 4
(455.74233790897057,587.7641574681851) 1
(418.61224964609687,75.59838173478217) 6
(965.113957364919,6.00025531750914) 2
(559.5118014160672,505.2803081569871) 5
(584.3849827651962,515.5096679028358) 6
(53.64866069962393,44.75025304584512) 8
(262.096122934804,129.28563926911784) 5
(359.1651885424449,949.0889301977601) 3
