1000 1000
10
(0,0)
23 80
400
(517.4022218469755,588.7729459579473) 5
(29.98235309937103,238.93901883485503) 10
(477.25980300341655,98.48583092477958) 10
(939.6466414925441,112.39582975782648) 8
(239.5238706653322,378.76735970336773) 8
(464.8195904471911,257.9596683874719) 2
(904.095624629392,991.6066431029907) 4
(304.48623840602875,926.3784398396135) 5
(666.716448072002,172.985731145334) 8
(52.026741866215474,672.0558637476862) 2
(55.65026085443281,814.3579572671478) 8
(567.0526745613167,34.008944211571304) 10
(53.705226494180415,400.665631994799) 1
(400.36623249290346,573.7161706213018) 6
(276.8907321269403,621.9510369524598) 3
(113.74045022560043,892.887346662957) 1
(585.8827261175497,865.6725083789535) 10
(988.7753366487091,794.619833261884) 6
(394.99361026828274,741.4356823071436) 3
(256.1367113695657,745.2589895046874) 1
(55.940402208401466,962.9252417698418) 10
(447.842009555077,944.371542918417) 10
(27.38777691745642,925.2213992105741) 9
(180.2967700035094,703.6789234489786) 4
(614.1480284234162,709.1698489677647) 9
(900.5244150946418,993.3516609922208) 7
(639.0207542610541,465.9462040301614) 6
(999.4428738933465,424.891517300783) 3
(198.55649838734323,339.7202220125815) 4
(583.7616562136325,961.7867323041431) 5
(946.2933662539688,76.55397000837128) 5
(5.228443359472368,252.55241781174675) 2
(503.7780535433135,36.4788993722992) 10
(65.28163837733159,287.4288999171132) 6
(715.6732619523261,132.7900756817866) 6
(849.6006845939859,591.0114011850694) 6
(49.32047307378684,974.550251392626) 8
(304.98488244996923,982.6761748944763) 3
(766.2069026756601,479.8878609222477) 8
(816.8967413757747,847.8331092079413) 7
(933.1868207764256,603.3064370775886) 1
(192.76965896316955,909.5005904421381) 10
(247.3717355348779,40.38623757085635) 5
(370.44456975246686,952.7567373502716) 7
(599.8373209784525,344.48976732359927) 3
(574.0309589213829,864.0367151049726) 9
(404.7560203540208,133.13712368265806) 7
(766.4291111845039,212.57485683284892) 7
(968.2025290803352,399.15283749118623) 10
(642.2179631934613,446.0667927033359) 2
(160.46355220732556,658.2511630455272) 5
(649.735573792564,901.3099332292641) 9
(989.9734704194798,828.4791045246932) 3
(62.195341616552156,886.225350894631) 5
(992.4960680003588,149.9681385791526) 10
(218.58227914485852,58.78101332061381) 10
(270.77604481704833,615.4276109794588) 2
(297.53091077573134,751.3946885707985) 9
(65.33770118140659,409.9774789867148) 8
(667.9975470908865,618.3956100510384) 10
(998.9541861829864,809.6726782022081) 9
(260.4530612056271,782.1359092852394) 2
(609.7614138557974,421.4857548052401) 8
(797.3750954689889,647.6770270965235) 6
(525.6973828325174,727.6894898411095) 4
(193.81620253618826,915.4343630482875) 5
(236.66882880008333,776.2917923006386) 3
(464.1647767473431,993.7807731593764) 6
(75.68866478467184,494.6203140935139) 9
(240.3615430825139,707.6510174931744) 6
(763.8215691261389,922.5360932522642) 4
(86.34194925774175,737.4290858710481) 4
(8.696161762951071,349.1762125766321) 9
(653.4122778387432,962.8092544535413) 3
(12.80060672772876,155.9832971344852) 5
(831.8042352600353,10.396039896909626) 2
(746.5870868897028,454.3147665022494) 3
(120.0150249129991,421.01774143276447) 2
(316.4833578374585,803.214658696123) 6
(87.07428845473785,422.2420284431484) 3
(185.53894953323714,722.3972354544944) 3
(938.2521917195864,764.4090339161276) 3
(994.8152763053092,474.366002229614) 6
(62.516093328912945,202.39421791727295) 8
(646.574128011667,295.1486619647997) 5
(598.7448112710143,609.8051428100475) 4
(866.9498806172693,380.67247058478705) 3
(71.8671267110197,502.35653728315486) 1
(728.4010406108335,611.0585261641123) 7
(490.04837658720754,443.1076077582935) 3
(920.4786371138589,567.4765454638407) 4
(885.5938516254246,666.1653724480187) 8
(656.6060213363053,392.3949645478989) 2
(413.68009571343003,391.03639634529065) 4
(799.6925487706851,985.0324311410766) 3
(426.7320270858267,458.9788755314672) 5
(168.8211609540843,675.8800196735889) 5
(108.4689890712548,840.0840918800995) 2
(885.9945893164322,309.58555112852224) 10
(849.8926906945976,949.3373289193921) 9
(133.11647961067152,375.8116955286879) 3
(635.351914121381,236.8458632356757) 3
(844.8205001173039,149.53356683617113) 3
(695.5689079052855,267.8948315362176) 4
(551.4534305376712,313.71300336864107) 3
(545.6087910655548,789.0967194974359) 3
(779.5740621212416,285.8577364169258) 10
(878.7407692007853,900.0849066337169) 4
(351.98175793748055,457.3999361601392) 8
(681.1149416900851,326.1480243076712) 1
(774.1758080802442,116.33668894188864) 2
(611.2101635570004,654.6513393706782) 5
(433.1928104620677,285.39950837482786) 8
(972.6242710144825,431.36361756693066) 10
(468.52502027048735,418.57367951305525) 5
(382.4642622330968,275.60096879135875) 7
(838.6074683867503,877.7102042581175) 7
(230.65216979075544,241.5421470175666) 8
(283.73500254459873,916.8359256826176) 4
(482.652788367895,309.7977418665798) 4
(534.0387528213387,141.0408654297568) 10
(763.608474289619,960.4974335305683) 7
(874.1264918642094,892.2207332761478) 7
(849.0901048077382,154.8686900583416) 9
(905.6328207504741,658.2274250108046) 7
(360.8577731746284,492.64253938330506) 3
(221.4205248753036,447.4976469542244) 5
(471.9287171095929,84.99403778346293) 2
(234.53019680960963,224.12290017486757) 5
(679.3335625227646,450.3294412602701) 1
(168.75714907459027,176.26979131437713) 9
(183.63499946092844,54.884841523352826) 2
(697.3540082021719,90.02523425825204) 9
(110.2444706612009,994.1251671200314) 3
(286.0134313873295,706.7385201687756) 8
(625.4949886995159,742.7341642816926) 7
(941.8977650409881,381.0602216013478) 3
(231.19890315308467,920.7133968820419) 1
(259.51403873989307,670.9625056570965) 7
(751.0766370245196,20.953444720164804) 5
(553.1022338206227,389.9342844754313) 8
(408.91512491837887,669.322874425919) 1
(208.4599715403076,693.3856568175123) 1
(846.365489478484,552.1581804925089) 2
(966.621668181156,255.08572560728803) 4
(407.2242930375096,608.2655028751873) 4
(646.3476650618661,736.5222718811234) 9
(222.0773439196445,240.42954812670237) 6
(470.42519764558966,709.5681705775488) 7
(201.2969794343199,157.40209846550601) 6
(888.9062839001836,522.895496395965) 8
(172.97657178487813,102.00430222970125) 5
(341.75331485109285,92.3741282853986) 5
(14.500047455010101,829.2384130720259) 8
(291.1498540680517,411.8198068390887) 10
(743.1739845821822,145.62541139686113) 9
(562.9664886044263,401.9627461833375) 7
(419.1812753852746,933.5723902405962) 7
(890.5807589316112,751.4915649455015) 6
(953.7884416448617,795.0968907922953) 8
(577.1426634003029,548.5631386429252) 2
(708.8559508134758,723.0626457084936) 1
(62.58659606513917,699.0877512964015) 6
(580.5254487971293,491.4993313031476) 2
(127.94688872293591,448.79077281775625) 7
(736.1282152971517,641.6374830732449) 10
(243.4179268438984,972.8193525486364) 3
(281.3469834500306,388.6932024556924) 1
(244.10960920873381,228.58157364110377) 2
(192.88878180274648,321.79086734947407) 1
(682.4864764324439,48.81671323894332) 8
(791.7486325103007,504.4370972253758) 7
(923.1600531143188,35.13693457206391) 9
(621.2548178041777,667.8291489464763) 9
(808.2639551832166,881.4887724610189) 5
(552.2387673551403,77.95056620747076) 2
(404.37942936860514,378.2943111926972) 4
(910.4493146125102,955.5272176525929) 10
(74.90216558079233,963.5539790433712) 3
(201.62832974590606,338.7225707457471) 10
(546.3094795156037,661.8077256783079) 3
(664.0824487549627,321.711056632227) 8
(267.5510217669991,606.2260167469867) 8
(3.9564884398956,83.88590400643226) 1
(686.4860071825622,442.677131162035) 1
(242.56931947481064,539.9554132201017) 6
(288.96558530557047,880.2555116943769) 8
(775.2021284665437,692.5923333934403) 7
(178.0912329416413,632.4846639362489) 5
(954.7055423352363,635.8807888086958) 2
(616.1223093522399,753.1620667528572) 6
(115.59322376584514,843.583630984104) 4
(740.8140608995259,294.8730876613186) 2
(743.2748156731436,463.80641562648896) 5
(46.13928513926358,51.00313026149161) 8
(865.9712440827063,910.47208625723) 5
(74.70414709869566,246.14930079307973) 10
(546.1708180470752,971.6328778689156) 7
(437.4103774344072,722.7394558198473) 3
(176.23759368405146,576.9802257956624) 7
(64.11364027903088,508.8380773771475) 7
(693.505261816192,6.330078394986338) 2
(681.2782829459735,642.7777872127252) 1
(800.3152616238651,565.6408907431679) 9
(701.4019784576558,436.3536786054327) 2
(289.61570468311805,974.5426712023203) 2
(477.33075180309146,543.5388489869787) 9
(229.32361929761836,760.5690930619339) 4
(960.5097400774614,510.5572840408614) 2
(899.4805878922995,783.0161204101132) 9
(986.4743236099937,392.11258845366035) 6
(918.5121004481797,521.6372785829241) 2
(643.6354777791584,333.09099086690196) 5
(719.4751697794931,390.3513732166921) 8
(147.08248379390554,928.0576977467259) 8
(815.4013642346066,590.6256075933952) 2
(753.8624064177664,912.1700846479093) 7
(106.27242552912696,252.26428647212185) 6
(649.3963761365401,107.3347923205945) 4
(319.62147689051557,475.4710423094303) 6
(680.4140785268002,311.31289784789686) 8
(199.8442144832534,710.0299584488694) 6
(614.3982326736991,983.8766974747982) 6
(802.2467764085517,130.20959493203264) 3
(183.94934058233036,113.04881375995612) 7
(207.2034886532572,192.15686618218862) 9
(594.3585724083367,616.847445071225) 6
(594.691729269527,101.158726484604) 6
(77.24115714005187,621.1356948477433) 2
(375.0967033409528,402.3407932126124) 2
(539.9499275168156,948.693522829878) 2
(286.28210513631336,541.2839159987333) 9
(655.9725023417784,686.788014742872) 5
(101.11027018267737,462.2010773931483) 7
(631.2569200147185,40.77972116911) 5
(894.1409501283543,974.9940387122551) 6
(335.3446023686273,769.4160685263141) 3
(637.4980110729668,223.1354842370139) 1
(77.12846556655106,130.85789572942042) 4
(867.2304041257258,277.1478624865072) 6
(364.10304434902395,332.6933814345643) 8
(174.3975136846654,530.2132186686806) 5
(913.5930689508026,224.44815681327245) 1
(781.2139687457906,702.2256049462883) 8
(257.33096558814674,741.5784219047512) 10
(788.0656568579236,259.0458977185479) 8
(730.5321517591372,954.1933632953348) 9
(794.0759367063273,449.0974642559118) 2
(64.18220387219765,181.36506535355312) 1
(684.3271775596835,596.0111686456834) 6
(50.32732075294233,435.92130711624213) 2
(422.6514152904205,277.0084579310624) 1
(726.8226528478023,455.5040179642208) 10
(284.2816934748824,72.9311154585005) 3
(485.75855886670973,86.17903212393863) 9
(995.3171691098781,561.0570905027456) 2
(511.99506165346287,103.78152907696759) 9
(418.49656664001645,668.9655841083346) 6
(360.7173189247206,593.1709390735567) 2
(542.7142913827921,811.5374651147549) 8
(971.993484769467,48.81070213325289) 10
(61.53088334519219,611.1928830748384) 1
(969.0663708878902,11.811727030309305) 9
(140.9377704224912,706.0339703223427) 2
(21.948073571739002,703.0317747154704) 8
(803.4997603353615,80.61477710772013) 10
(595.7898370894037,732.456140026802) 10
(797.4809701233183,601.0271079301809) 2
(411.0852524082335,89.30785992676782) 4
(920.254940010194,646.5836788315837) 6
(682.0977505522333,144.5947825394357) 10
(462.89374890232517,247.14898731397074) 9
(977.9216266665884,454.0895956673343) 5
(398.70237443840364,731.2650995523059) 6
(153.36709061394492,238.87558070561033) 5
(729.9388182291077,358.0096571117062) 7
(365.28938272295943,22.943227298634294) 6
(472.9991579656448,288.3617228621975) 2
(199.67840973516314,293.7162032637832) 4
(44.4311771567496,484.1306325938692) 5
(114.73730354329426,133.36180609011882) 4
(619.5206496550244,726.0542554117335) 2
(163.00075862572893,898.4095464436318) 4
(790.0476041920006,935.4943154572427) 6
(223.03944137247944,377.41537880181295) 8
(512.5048722075032,10.28690322334147) 3
(190.21716459876825,516.4886476903686) 3
(480.9479694590029,60.798384219310606) 4
(836.1133560870196,46.41259626393135) 6
(884.4999916843323,957.053889604471) 10
(223.38802074214325,820.9599838131585) 3
(59.53607676265405,508.0943135364345) 5
(162.9286782035946,22.20586519119072) 3
(179.89012401337678,41.33616678399643) 8
(963.6166988338267,471.249956385683) 10
(700.8457284760033,752.526737435585) 9
(800.1428042168812,342.36935560508743) 2
(23.916927925347053,558.575768126881) 10
(852.817829995019,391.9506892516731) 10
(129.126938891729,705.2047404983582) 2
(304.8111697997138,312.76307328322116) 4
(188.5168066077172,758.6710816490665) 4
(116.99475830350093,265.20413741131046) 8
(697.0541913089136,933.9215935488953) 7
(53.92925123719616,659.9403619024762) 7
(859.7708479399315,727.2390427578565) 5
(410.17643446134565,411.37038955642845) 6
(166.80427397827557,748.9869592607863) 4
(483.8133440210212,770.3213432898583) 5
(31.584691146380628,930.4267638555876) 6
(942.6680058589142,833.4891912377919) 5
(937.7002747840334,224.5403114483784) 4
(708.8676980736069,920.4094839488199) 2
(166.4242134317926,244.80016422679697) 6
(614.1038067825583,607.1160378693318) 2
(929.7464157934272,508.862603067854) 8
(559.7326385551603,21.59244960951867) 4
(911.987279461812,206.7919236827017) 2
(759.5801453472391,199.7056281518028) 1
(366.8023019296308,623.2838554533186) 6
(125.56647395728938,63.664021162213814) 5
(173.6051487595506,663.4366725575605) 6
(239.749005561807,550.1148865889957) 3
(527.043046823465,676.9361896987903) 7
(819.127694120405,841.8482151531131) 7
(906.6432341289346,928.6737274580361) 7
(126.61252670917634,33.27074960812204) 7
(16.0765074757091,743.0209944808369) 2
(996.8773137143041,181.97388616024824) 3
(74.63176556258755,609.2626894220675) 10
(837.4906073808104,563.1922106351525) 10
(244.6156652738284,343.74172761091273) 8
(262.58477719850225,355.87447129922566) 7
(325.94286175042544,192.72373049586855) 3
(181.7693148112476,177.78788451116424) 1
(363.9257576507192,611.4092481425865) 8
(543.4881639749523,127.03839736921275) 9
(522.0652762712193,513.6656208176266) 1
(934.1336714830601,108.4841148859822) 2
(495.4038331359116,527.4292423078906) 5
(863.9037616656574,201.814000161613) 2
(946.8925180601791,569.7323936537207) 1
(607.0891384703026,161.8939675095268) 4
(115.4295624412327,918.7708552370683) 4
(957.8314028894152,505.17493637362753) 5
(801.234413030288,240.84379427784864) 1
(805.7323781038375,357.64396873204197) 2
(814.3081924669594,597.8930604016804) 7
(244.77776954739704,735.8267477876919) 5
(968.578715045517,14.964700431202127) 2
(9.474413760907296,344.940014047192) 2
(667.3645738467949,357.6878606333862) 2
(16.100867944440655,775.5060654090627) 10
(733.2421757945185,523.3576923359202) 5
(699.4000128492097,914.1034968827241) 2
(758.9286965570519,187.80380000967645) 9
(11.35183495645975,415.7583072897749) 8
(39.46379269369893,720.3369977550257) 7
(391.42077400982953,837.036940081193) 7
(108.74285604586775,174.30941361893227) 7
(208.84814904845118,168.81175737626742) 8
(461.5228783806963,254.73757099742656) 4
(199.41151647717703,170.14602928835032) 8
(146.38201258612747,177.23340856033076) 6
(748.4652923332116,400.14084278149596) 2
(277.1715737121723,38.08856551093043) 5
(792.8444108308887,155.96714306386417) 7
(190.60700304094325,12.21532861196728) 8
(240.97421742763402,407.79152447256297) 7
(758.5854324733567,591.2088011380303) 4
(463.6556233073421,74.38228595933094) 7
(959.832826447784,49.422981891927506) 2
(192.74561854035412,910.3562330130183) 8
(309.0861509728059,519.1732180652829) 3
(249.68032364514514,13.027908936734999) 4
(928.7985717991022,631.4458160506041) 3
(755.7336539054311,562.27781783841) 8
(15.319086586696674,660.6043158645742) 6
(649.8434953439277,563.8893508461299) 6
(533.7004330998305,447.22487204776394) 3
(799.1777847964436,6.100110928722535) 9
(156.3096573963204,742.4468656521452) 2
(198.96150749525466,903.0646297758383) 5
(782.8453900934611,126.97873863864406) 6
(139.80210180453213,739.3265223353732) 2
(539.0499616445715,242.0094938155294) 10
(902.069036560932,952.5357155755345) 6
(85.63777380697613,260.65844416693807) 7
(15.683997933395144,704.2619277844755) 4
(470.077360041141,545.0743029612646) 8
(586.1850079418424,764.68618399992) 10
(95.71094742435626,144.25386566959375) 10
(13.010599245096731,552.9505028499501) 10
(731.0528581096057,388.94196238428657) 3
(380.85162053119814,728.9689581303953) 4
(397.7331304623688,196.64875805554382) 2
(573.0800446873984,420.1419419641851) 3
(158.5530828349334,43.7365012333163) 3
(600.0526300380484,54.39492883433916) 8
(193.3662509051759,144.6572515400607) 2
