1000 1000
10
(0,0)
23 80
400
(772.3936229361411,54.18253947088414) 10
(818.5160416515612,259.0583735991674) 5
(950.067546126424,514.6842234626412) 6
(949.3717542419427,509.9849372705085) 7
(166.6188091035219,896.6535695098936) 1
(584.3385588439307,821.332884517709) 10
(584.1379798080445,762.9112590712576) 5
(995.2446015830798,112.76106829405607) 3
(62.42874297855994,102.77145371027541) 7
(108.65321405186779,769.9745937894647) 3
(296.38124740424,923.5046749220603) 4
(740.1588615215845,941.7380364888747) 8
(914.4425769696472,253.66629863257407) 9
(744.7719151192941,475.3796795898636) 1
(350.2537800001453,129.74815543216488) 1
(923.3761358647523,745.7093230734072) 1
(76.53498255122793,565.8651688528234) 7
(595.9683500237298,344.5220029991311) 2
(952.1381330265725,463.2815584119474) 4
(858.7066132204725,584.9267728574036) 10
(217.09946539506308,955.4393427207225) 2
(343.08769957207585,879.9044125722728) 10
(93.71818431767277,7.944526982441302) 9
(492.70014561619047,845.6762214017707) 9
(424.05144321081644,263.992345787311) 8
(437.435131392211,458.6957387199293) 9
(752.3933533265376,330.0819004396085) 6
(276.77351740837406,952.508451274855) 10
(987.7607902302581,144.3355626868774) 3
(145.96067598749286,156.58282830486814) 6
(920.1409613129894,263.0136202196963) 4
(911.3632361229332,829.0579260292367) 7
(257.1989435483895,137.28873520694606) 9
(47.225758530443414,412.2038473459484) 7
(217.24580816360316,695.2495733202745) 2
(176.58059484856503,824.0203388418312) 3
(870.3383508128277,343.80730508284694) 4
(718.3276106450712,750.2192476034419) 1
(29.812400884350442,471.71238074018515) 8
(774.9192067283135,976.0823080028675) 3
(647.8702772779075,957.7129396088792) 9
(680.0896414365243,841.9160917286705) 10
(312.22106284060914,70.5102379639696) 2
(746.7823675037149,806.9718874988143) 6
(145.8599079266024,504.41694003599446) 5
(356.7626183892508,74.56509703535352) 1
(689.7310004730734,42.549719907182926) 9
(718.3096685600791,320.69091517480695) 7
(243.46976848200296,970.2513776130031) 9
(504.33205239478707,504.36581806554926) 7
(329.2646344253236,500.2916752117991) 2
(161.0811698916612,446.1818169057805) 5
(805.9832914208072,996.9109559516507) 4
(28.070591319093175,447.9368498946552) 6
(98.18452639372288,907.5306948228266) 1
(15.491414801554138,60.37218017062573) 8
(481.55546295918526,846.6519636450882) 9
(796.6974685655549,710.1600573679992) 9
(950.1911280173363,990.2217284490168) 9
(337.88199287081875,234.5305640935652) 5
(585.9578553921505,648.0073693886794) 3
(516.9213353195686,347.22068604522815) 9
(18.238970369365724,546.1072530861878) 8
(549.1902354200234,879.6036283418865) 7
(936.3944957832272,771.9589408137891) 8
(152.07831954876417,159.83355015780964) 2
(631.5574580485961,79.46709390176854) 2
(733.6264701486015,403.19297908611327) 8
(776.5979688927742,88.82714176225414) 5
(285.29139148421234,681.6235273190839) 7
(712.7286314792431,417.2891112438538) 9
(84.84356158041484,57.186720889684686) 3
(636.8790730683829,569.6318166330468) 10
(942.9044212568743,292.8559714182273) 1
(724.340873396118,90.60060303799101) 2
(413.4987015949223,420.27118668507177) 3
(288.6691373721442,791.0951810560987) 9
(932.7023284832652,114.21978731417126) 4
(455.4451520268209,874.8811274294204) 9
(116.66311462756119,984.9892982306051) 3
(667.3152173450063,893.2714532039797) 1
(15.514458280097454,672.2904334991725) 5
(818.4169357345139,205.8016135249091) 10
(524.9650248547023,450.0723162918493) 3
(259.79299738732163,364.7028489276961) 3
(376.53891100657677,341.2097884655516) 5
(555.9188567110422,414.49492762725095) 7
(229.16886434621452,350.94078665942664) 4
(286.20788677281604,104.12449730337092) 3
(748.6231633709274,406.3287343243829) 7
(358.9629575699854,122.04658103687038) 3
(481.1468707187886,791.821143657796) 8
(19.78341425041441,946.4013492713764) 10
(166.65336902122874,773.4573492784931) 1
(178.30792655502114,167.21178956777504) 3
(661.1392679231793,410.8534309423881) 1
(760.5537797149308,41.966312728383585) 4
(329.23145894773734,516.7868780657961) 8
(94.71643648603933,835.2559477866665) 2
(106.89229038618441,753.6025773047446) 5
(576.3353578945771,920.4815165682548) 5
(464.1718505717864,474.1672269952092) 10
(795.5554309061247,642.9772029356737) 5
(157.00558373008656,772.9986180567677) 6
(184.5486244084863,940.631249780643) 3
(488.09694742178146,305.96476504172733) 8
(313.4211191297794,321.9757378793118) 4
(716.4683631611699,575.5407062592668) 4
(610.195090581898,980.9560423298633) 5
(761.8672877716557,336.6384985080787) 10
(172.57479354391737,145.58153096549165) 8
(874.5290696643235,149.60402360151105) 2
(923.9029746021274,356.33729367809207) 4
(175.20289441687765,300.2032768539089) 1
(542.782309362156,483.35773853603536) 2
(223.33909705471922,467.07812971349205) 10
(904.9203926324911,67.08780345218712) 4
(755.3514730991725,869.242509663982) 8
(7.239400300290577,983.9289864826771) 7
(613.8434916801027,787.7913325158055) 1
(500.5628571781532,504.91481277785846) 2
(872.6532547372345,914.8686233695022) 2
(623.3112648841075,505.8622649753155) 2
(399.3703550760178,64.07701476207828) 2
(491.2694783987582,681.9234874959589) 7
(167.13618964338096,850.7328214588172) 2
(472.54691684491144,543.5475823074901) 10
(566.0087643587193,411.56203363251876) 1
(996.5684720070426,456.7920948105799) 7
(458.02570518668927,995.8706031126212) 3
(286.7575258883822,901.1592485505985) 10
(890.7059602980851,436.0730319145755) 3
(163.59054753399116,586.4629643458986) 9
(434.4209037220782,622.4216227035681) 5
(392.1323586261921,768.4962214414451) 5
(123.16117077191913,575.7633822303587) 6
(267.00363720764796,757.5264781698011) 1
(288.4153534583456,398.8120469654537) 3
(757.1702566153455,996.0951482353927) 1
(325.4987389130838,213.1645373044112) 2
(554.1262530609114,672.8582141332979) 9
(16.088802363899866,158.76937935047997) 4
(77.72079593067261,997.468910585286) 5
(799.7381560477279,259.44588754594145) 2
(635.6838115514195,795.8230810396983) 5
(648.9499599675318,869.210306954572) 6
(276.1283739514744,688.6439467208446) 1
(658.8267900608863,140.68660177382918) 9
(823.2241796142147,685.0586014747881) 7
(153.15272901770916,880.0971589099083) 3
(883.3919923280932,361.1580946111388) 7
(669.5825455002496,104.46747238972465) 7
(479.87271329722483,567.9659711852497) 2
(493.83665762725303,249.32749060197003) 1
(680.5936549897909,299.8799880375198) 2
(493.3736939593409,5.66581964155255) 3
(233.50681080670134,496.92273250134957) 2
(698.2614656175859,599.6037806128194) 8
(704.8030504373434,705.227429170621) 5
(532.8819474511112,471.43028415654953) 1
(956.6285702857283,533.5797534715683) 4
(240.99778642105795,982.5484525640389) 6
(937.9396700217414,902.930394713469) 5
(966.3618828010808,194.8290866661847) 8
(778.8227811531636,357.05912752812685) 10
(86.76023954640245,544.1063242678077) 7
(69.18127358202008,509.8722733241069) 7
(321.36135100665683,889.9728004866536) 3
(800.3953623248698,448.17559262216355) 7
(906.4049535114348,171.2356612730974) 9
(525.8357858455671,367.25750753073027) 3
(617.8797265177187,895.6915661623848) 6
(63.63916852171203,592.8629204676074) 8
(783.0935344469735,290.22263811649464) 6
(749.3988930563323,960.0940427561304) 6
(758.1772032917336,562.8115442456955) 3
(646.4231231594529,759.0271797604257) 7
(4.807043403575406,841.2100719006561) 10
(596.0565241033569,776.7142129349827) 10
(250.65672455320131,652.23975532535) 2
(150.22677384401706,331.5557379326169) 6
(454.4239153890153,721.7688518155052) 6
(586.7163162583339,350.3802543789765) 10
(548.1798216094568,551.8441439911072) 8
(984.1290237042128,413.390201535206) 4
(100.53107002508798,810.105036633363) 8
(852.3942869516195,986.6522284202109) 6
(153.71285255261813,29.720727625508037) 6
(435.67750291300734,500.02405392831287) 5
(43.78357524026954,413.36057769913816) 6
(492.5857728037335,718.425219037427) 2
(974.2641008959048,86.04132141701915) 7
(188.5812821091487,146.46543564895876) 8
(892.7447482686495,158.7950511763656) 9
(596.891626084619,624.2552597956098) 7
(623.5660546878803,803.4985506645112) 5
(866.6464389463054,185.32676553279393) 2
(817.1433054184059,313.4603462573348) 10
(617.8863494485529,236.45223423306217) 10
(894.3108682056865,32.2961882577627) 9
(255.85428530044362,105.46870644261774) 3
(952.0589894771756,202.72293111659422) 5
(43.891155301559515,856.7543679649405) 1
(656.2549024934619,201.03809469214806) 9
(347.2928406415815,616.328650674665) 8
(134.6019312386525,211.64534642212297) 6
(356.3819842272752,506.6126135479956) 8
(871.3903668495644,25.894593577127978) 9
(676.784557484344,464.13696554426366) 5
(986.0765744343032,544.5118856015135) 6
(210.84505894021032,615.9694693433227) 6
(257.04678881349906,751.1606719004781) 9
(119.16469939244767,706.7166102034142) 9
(550.3139311019321,98.65923717004266) 10
(238.1123371433309,70.47518169932965) 1
(610.5270071411758,280.4997314221632) 4
(431.4022697896733,465.0377944719015) 9
(608.3392547561906,194.68345054856218) 4
(943.1938964454259,989.9208896859086) 3
(949.5057158070997,649.4916705511095) 10
(733.0977288031372,416.64099575122793) 3
(862.9085983870804,557.4010037572097) 1
(832.3308601866341,799.917918939267) 2
(487.3529444719256,838.4226680336675) 2
(550.3617337154072,353.13808615372034) 1
(928.244800869249,12.720493498838525) 9
(267.84054782674093,169.13810420836717) 9
(814.2164089643352,494.2858956440506) 8
(376.9248566355342,120.79638107069424) 10
(248.38249413323078,271.2018636335336) 8
(446.5476033992405,487.6582252371353) 2
(862.8592737588611,703.7251591445953) 8
(530.4098609230796,818.1318997696465) 4
(255.74833792632012,997.9766258872918) 8
(118.87442222976996,494.6479206136326) 1
(191.41371378076744,166.65633845991812) 5
(768.0267367652393,661.373971656928) 5
(741.4599872071872,580.3107563637511) 5
(863.8078503430531,584.7117737587268) 10
(191.21687811678655,742.7462430166332) 1
(78.19546868036508,365.3184034283847) 6
(348.5890487620856,953.1134920518265) 8
(891.4749779483847,397.1303251054954) 6
(230.99892424034596,515.010758904353) 1
(173.07157147598707,476.3745424052288) 5
(534.1659477029499,336.6328279321761) 1
(117.54826093466076,350.7993753970453) 7
(734.0800047745904,976.6649229403272) 4
(766.367999491629,761.7480077506907) 3
(620.7133459425157,982.2806693998398) 1
(842.278338480334,562.4558089808668) 5
(909.9490899615122,250.7211097900487) 1
(624.0930486134754,922.3288888690586) 5
(557.2544467801752,147.00149403358432) 9
(866.7968116678003,573.5009374975401) 10
(951.4520011067876,51.58412394175649) 4
(983.0607938447935,25.73381053065993) 1
(778.6852756585306,625.9208550306396) 2
(316.46249577745346,279.14677161578305) 6
(48.226742839638014,892.1537307979272) 1
(741.6332854754901,393.9659374476611) 2
(111.06212218486455,379.42927597123145) 5
(290.2352367028446,743.021788334933) 8
(81.29634387741535,789.9467224956544) 8
(579.3908097460467,620.9991355601811) 3
(577.0172676050433,485.9153183766769) 1
(629.756491037053,844.0494197406731) 8
(604.3058683039718,927.9632288017428) 5
(458.33114273329966,103.71067110381571) 3
(561.8927424381301,347.300032686187) 3
(37.90691721866235,64.51042511668636) 3
(888.7211486541173,92.57444490159583) 5
(989.6051223192184,498.4910465946939) 8
(299.3317319299058,740.229008834838) 7
(811.0211959127611,311.1158361469812) 2
(612.3306749743131,783.4190838981384) 1
(18.721180641567912,795.2087616846472) 3
(590.1327730262794,743.1740481025547) 1
(884.6976325432945,375.01476930258883) 8
(417.9583657327889,113.75470392030552) 5
(913.9178920607628,431.9193864876416) 4
(112.84572516086055,732.101717258774) 7
(645.3393059670307,967.9460495619194) 9
(759.3452432890958,143.63160327006852) 8
(932.4705929321154,443.41956125574353) 9
(148.73922369380256,199.83956597213094) 4
(312.4984833645338,944.2439511345531) 6
(85.31536351006996,135.5853626147634) 9
(913.8536591625174,489.9435894019429) 4
(886.9237077941506,107.88173042637861) 10
(854.5982418361757,57.94854816916561) 5
(391.6300641246444,75.43014006232029) 7
(312.3623160753648,931.6877045319662) 10
(366.6777494037583,253.41828495396257) 10
(170.98798374309354,405.2118189986632) 7
(158.00068748289243,720.0979314635396) 5
(741.1109134383806,256.44367723912177) 8
(51.655115809130514,216.1425542357067) 3
(808.1456685301976,696.5557865590149) 1
(440.3781223176675,812.1765298050627) 7
(853.8788279857249,496.0161891774154) 1
(712.5099173492772,910.4668136211762) 10
(507.71614121584264,499.6967836409275) 8
(775.6115969073074,350.02738140024013) 4
(197.80901971105723,656.6072862134886) 8
(137.21325732999878,170.91105411044816) 6
(976.5305045213119,192.87968648374377) 7
(894.839459218744,65.02444455143907) 9
(328.7692548511981,618.7553029480102) 7
(429.7894063125141,352.82334577607844) 5
(985.3735009302998,171.8116110744561) 7
(868.7917884465772,182.23236761005313) 1
(267.41576451716475,882.2489872030858) 5
(810.6093188350229,489.1976221929297) 6
(437.4260223024864,819.3765815221619) 3
(268.2601826800787,415.72611447407184) 10
(62.800748141769944,585.3970874507391) 8
(400.3800651193673,906.3919301115722) 10
(728.0419584372798,128.49852097454362) 3
(867.0224018132108,926.097312706029) 9
(206.82060419915894,499.77811523489424) 8
(269.2123814730325,139.07402461348406) 2
(166.80593733772076,778.0652222704452) 5
(746.9559682409246,385.9576466813346) 7
(573.2837142617067,698.092067168348) 3
(818.623481739501,338.17856336212094) 7
(452.8924369165562,490.51484012798375) 10
(349.92630823646175,320.03451293045873) 7
(94.18639916227012,930.8776671473573) 10
(404.9591396158524,28.644078872680502) 3
(224.35425864873716,121.0387776493389) 2
(57.73029255255757,704.823258611328) 3
(593.3084879580094,188.90172111212777) 3
(425.44778157617844,839.6896701317453) 2
(650.3634938615422,258.999720410898) 10
(22.609401444730448,676.6260494837419) 8
(56.19089993715632,663.46674479753) 3
(725.1707595036986,860.9539670809964) 4
(518.8891700256789,516.4418421966367) 7
(653.6514183115877,997.4120873606594) 1
(853.3670863031415,55.997862589593936) 5
(228.80395633167026,755.4971573059586) 4
(758.7634651150411,308.1382479043914) 3
(605.7212447388852,552.8829073430505) 1
(541.2530295574126,330.94586543596125) 9
(337.39321476699325,775.2030318446933) 3
(922.6225351271311,917.7821293412676) 4
(388.3918513158534,108.40341378737617) 9
(408.2197278057,964.7907978523646) 1
(393.88613430522156,468.6539220774837) 5
(761.9361974933128,914.8712726011636) 1
(131.65964958174837,34.099909457078525) 3
(5.705837979518513,907.6232093726647) 6
(946.6662056068228,947.3890660753905) 1
(955.3497506860447,647.3895809401694) 5
(241.94310308097278,349.8654948927514) 10
(100.9830381089385,984.5227668837788) 5
(941.2396693449094,684.3809067003962) 8
(115.1581521650058,20.78582368841486) 2
(914.9073244489309,181.32272299303776) 9
(14.785586344045921,832.8209946631235) 9
(98.82373613080841,618.8907116992349) 10
(170.70502683351685,869.140431555792) 4
(185.202106050967,757.2732770400386) 6
(357.5912119359547,873.329513753555) 3
(479.21713159391254,593.9437545902949) 7
(926.5066095756721,671.5342830216163) 10
(39.54733306989689,240.19392506432158) 7
(983.957970195364,703.9240663134216) 4
(504.29085520051007,505.59811086283) 7
(754.4610631210861,182.1839616242853) 3
(151.3813556449175,692.4792161191173) 9
(580.2598267284068,917.2783135071395) 7
(66.09529964931238,572.3096092605855) 1
(700.0221616331678,152.1825122541346) 2
(698.0190060764456,384.4680551409396) 8
(438.0239634611656,131.7352773058893) 1
(567.7382464771548,368.4338355854516) 10
(155.76236441269486,108.25203641077275) 5
(412.3886117868424,426.82427133273507) 2
(802.1783802676036,661.437488574874) 4
(708.07034719577,79.78389194516333) 3
(46.20439323029058,743.929023387285) 5
(19.349416172451228,396.7736361599129) 4
(581.2857289893326,615.8021428019518) 4
(621.7950018446111,707.9214401087107) 4
(961.460767791478,134.35100545791877) 7
(450.5422476953974,755.4033950807999) 1
(288.72347416196163,927.1093459160729) 7
(327.01380471823325,98.71523071232502) 2
(734.6628834283955,210.42241491313817) 5
(828.7563588690588,133.50509957953548) 10
(469.400502802035,610.2502364686953) 7
(487.5299383037354,479.43228054474594) 3
(365.7496884081044,61.19024890095681) 9
(764.8194999178977,950.017636762092) 9
(993.0473566883643,334.8723170276511) 6
(89.03319314407499,885.8871989934489) 10
(927.4194283554724,974.002992226121) 9
(690.163857032513,139.70706237084286) 2
