1000 1000
10
(0,0)
23 80
400
(225.59425768554507,962.95277600464) 7
(61.81725181641373,546.5877731391568) 2
(497.5143173442075,613.2954868515296) 8
(1.7480135100019778,483.0513921622551) 7
(858.7416207880725,426.85388342033104) 10
(586.2647908525704,496.357757651656) 4
(526.1222155914027,953.7750575176177) 10
(783.6579937637096,207.68458457094985) 4
(925.1309697196009,975.3805026684238) 9
(146.08297239298085,33.05486816840564) 1
(725.731226857287,878.707911061744) 1
(402.5013537949208,80.22271747362298) 4
(192.9423428989252,14.753023903854023) 2
(23.88304668096175,314.1782421547461) 4
(230.68898518041925,345.99512036756806) 4
(218.6086714534792,155.4688452101619) 1
(384.6827623436653,195.59749087512802) 2
(69.75484124048282,697.0421921199314) 6
(551.458135216201,18.98123697252929) 8
(626.583124674158,469.8511502576479) 9
(121.43711991382966,795.5818644793351) 7
(913.9396954719141,549.552437700831) 8
(347.1937541714206,266.71328933783) 1
(205.9434304838914,639.4437185621787) 2
(208.28270040426244,970.7094894513331) 8
(897.8173072041978,857.5579028221571) 6
(231.46182049668874,328.9304572788454) 4
(308.24349175126133,116.84262555345238) 3
(504.32663245736165,951.4857523682323) 6
(204.51695518771672,659.8436419984652) 6
(520.6563215567421,208.94966724764518) 2
(48.96817111635387,669.2882673001765) 4
(939.9045282014113,403.8944519489436) 1
(567.3562701147503,925.7910022541604) 8
(854.45620843445,6.055864611276163) 7
(907.9883515633927,406.1697099833238) 4
(894.4001307997008,938.977360972812) 10
(859.5426435002661,979.3360091192895) 9
(927.7957822847125,630.1847258433257) 8
(297.51565204010046,778.9248058658344) 7
(572.608141641716,518.1699306126679) 10
(955.4009863420952,399.74610649807596) 5
(387.3632129715254,208.12341713274185) 10
(965.7978932868682,506.74933795123167) 9
(766.9871732593244,966.2510984409219) 2
(455.55363480564483,510.3049609860054) 8
(110.81208099203931,399.5461714463191) 1
(989.0931181097634,903.3325321088593) 3
(369.07506439893734,257.28771178034714) 8
(650.0408089976092,54.42619003567562) 10
(996.5011164899702,43.22225489123832) 4
(923.3520230263612,294.8668710016741) 6
(733.2387898893267,529.6204511352396) 10
(0.34774606976573086,844.2704849142943) 4
(759.4386396922661,172.92232668182282) 6
(224.9601123765883,731.5837602435499) 1
(926.6999077957462,977.4171686387167) 10
(420.9799490216297,964.7827886628006) 10
(872.9217970847168,513.2387236084767) 9
(404.17188868338974,431.69043855147237) 4
(587.2789977166217,816.9725326371627) 8
(955.978921517829,183.48793124260155) 4
(300.84419794399275,924.463287544745) 9
(44.10314316017361,878.8959089083526) 3
(765.1587832034982,131.35314152538226) 2
(703.7429602217671,242.5632290027384) 5
(389.89671567753516,383.3730130322046) 10
(469.0833688904386,453.6317813400198) 1
(132.338253652848,955.2076894929147) 2
(624.1406344554623,647.9884718155505) 9
(923.5622292997871,842.6579152350863) 2
(502.72288960177525,137.52816568644155) 1
(145.63499838364902,946.3376624487757) 5
(252.3898521547935,661.1226939253561) 1
(198.37820346763334,514.1787349279199) 5
(201.58522345386177,933.6533311375318) 6
(53.400329740819316,489.4609059237851) 9
(555.0595803517547,339.4900978108132) 8
(701.940926089457,551.6834341959184) 10
(255.7942476326136,249.25511356416862) 4
(893.1176090242398,528.9475053178568) 3
(408.43170416518046,989.2727727029397) 5
(911.9254366434807,862.8571601757384) 10
(547.6158446468376,838.7348325972698) 1
(243.0763345931556,746.7705833998399) 6
(686.5542367251613,936.9621556498751) 8
(174.52812127728723,70.99041205251788) 8
(990.2999790753375,303.68963194980216) 10
(240.11294817520823,366.6130036443636) 7
(64.73456788183873,545.9589428647479) 5
(554.2814792515411,515.9013568488216) 1
(704.5155924333089,389.4920499271666) 6
(118.99895121374881,615.94565077977) 6
(187.74980025641608,852.5318086957363) 3
(142.1596236340219,916.7394280818147) 1
(69.70553345939112,781.8285212998559) 9
(945.0982884355121,724.5650704071951) 2
(974.517713837572,288.8818458439163) 6
(649.2140385817843,479.6880964104209) 5
(173.65947786731527,26.264231086587706) 5
(739.7546475261188,641.6694716461119) 8
(457.95983392379355,138.16671977091423) 4
(144.51892171837576,387.02448991224617) 8
(175.4556474433152,474.8784410615822) 8
(107.21857810296387,846.4169905988065) 4
(399.06540425908963,537.0610259683988) 9
(201.75212239617048,107.96485217182494) 3
(633.6699463732007,341.57522697328125) 1
(535.4671958871154,79.80946911168884) 5
(797.4756174627437,19.89201091003734) 6
(614.9950637665041,173.29635770728834) 5
(292.93034116109595,616.0923767433609) 7
(399.2856682281436,69.87382119769492) 10
(211.63336306089386,283.30652560721035) 5
(504.17685823279345,676.1340853591839) 3
(690.8780878717375,286.58895716231416) 4
(9.815156356590027,794.8593434072422) 4
(378.02852667411935,978.9515513624466) 7
(984.2571725163708,9.970224739832222) 3
(86.54907557443758,204.1002962509959) 1
(9.7153879431221,572.6459130723318) 6
(740.5331560289723,353.02567090882417) 6
(557.6200537930628,991.450457063503) 10
(656.0310805270733,279.85719937007235) 10
(384.8490692816063,347.8653828802175) 10
(312.4748921128185,243.46392609751467) 5
(906.4513266338762,44.92208006629872) 9
(104.63370305647356,939.7408785137865) 3
(55.644932934652445,589.6348188527352) 7
(797.4337269673339,839.2104114455689) 8
(532.05780475724,991.9064083436111) 7
(252.98630401804834,307.36696818057374) 1
(541.3910525063467,296.3724634911348) 5
(332.86461806941594,435.70979857936254) 9
(229.9958246631938,513.9441942775001) 4
(418.68041812182145,669.3682999037735) 4
(297.1739039215767,40.998787009145055) 6
(18.631017696753794,801.867222662803) 9
(745.133957963819,874.3253276434192) 2
(208.59509551274647,182.16518928682203) 2
(813.8166024787707,571.7064522232957) 7
(242.53721075638057,218.84824382608258) 7
(452.05701802258733,567.3964523918661) 2
(227.65764797245015,638.1917434601959) 8
(368.36002104640386,163.67979647469576) 6
(568.7689334590849,267.4333373124127) 4
(444.1651654222266,916.8286569609087) 9
(496.95547272845,544.7590239349888) 6
(525.0010646698797,578.0464240492905) 3
(59.623846181261264,395.8755988816695) 8
(371.7221977292957,976.4790600174439) 3
(660.4040011962034,72.07996130995653) 5
(212.70913792648804,264.35228956459014) 8
(242.54425092787656,233.13712657183405) 7
(216.73213176884377,20.71787005557868) 7
(168.44501115628773,874.828074936533) 3
(595.5100065877106,384.11313619510946) 6
(62.619877546050475,685.3635477723998) 8
(373.68617808827685,912.7226533532488) 4
(501.0064627725581,735.1740909461853) 10
(363.3582509160612,654.9954177545724) 8
(912.8554586013134,419.31514977855755) 8
(466.8212915137321,751.7472940967621) 1
(931.4640566037901,19.924821617123612) 9
(2.4605316807220223,347.45187426363447) 10
(128.65318894564416,253.93979600050665) 9
(121.05696950006784,815.2239492154903) 8
(820.2732177509815,735.1278823682983) 7
(993.3746748556226,886.5569012594825) 4
(525.5290619864544,133.36937900616584) 1
(527.9194503208776,894.658512227623) 6
(410.5915404570548,335.84874704690804) 5
(196.1832989129395,305.98245595816996) 7
(632.2262127048173,578.2042431258176) 5
(870.2160801211468,334.9919108292858) 9
(816.9504674717072,758.4624735835812) 6
(798.6456439092964,207.3621654089788) 9
(127.52665122304974,283.492093017755) 5
(114.85642255060746,356.48292910426517) 2
(525.3177234481697,570.1668227034545) 6
(145.5526738602172,647.674629961029) 10
(655.8770371266561,933.246802468051) 7
(316.41912796932303,382.984529365039) 7
(884.6379154520691,69.78679073931326) 5
(312.5341749736124,999.0292865703666) 7
(688.4520516666628,951.1271321976735) 9
(806.6548682399389,878.5165497482114) 9
(606.9563717761775,6.789469100915269) 6
(574.6879777818502,965.945758033578) 5
(308.95666135682666,879.4468018277759) 4
(801.602548682138,242.93866095340545) 3
(334.93206237814655,438.0757154886483) 8
(638.6040478131521,848.9720539691343) 5
(390.6349373286656,648.9074998567592) 3
(341.68485703486584,915.5510390548116) 4
(344.63550217432913,773.8826383015681) 1
(147.84150351599047,278.0579190869382) 3
(97.15232465621659,43.33381663037861) 7
(289.42405126513705,86.04431340421014) 9
(935.1597010188157,33.900610226455626) 4
(504.0827085539078,971.5762454047003) 2
(940.5074459412662,747.3167804634251) 5
(800.7308946259126,649.5703737692887) 5
(30.601277615908586,323.7707614849694) 9
(929.2737991728392,84.47452152777679) 5
(207.1102002409697,683.0487139837444) 6
(240.77910085350786,598.7705640072728) 7
(364.12867583227893,976.3555513244089) 5
(720.6494139172711,555.1729638631966) 10
(618.17356072895,746.7953289663049) 1
(214.28406028094648,408.2450787546503) 7
(242.3255329897196,526.5407516269918) 9
(465.7181416833313,661.4635735533411) 8
(690.0939599304158,898.9302738635897) 6
(323.0417039862714,123.05668209840037) 5
(161.2770181638199,992.2678606621637) 5
(136.36068977417503,607.6903534615193) 4
(758.2709865709093,681.6544389291045) 3
(717.9439100503425,709.7572150201983) 8
(558.7776129534776,107.24253883779899) 3
(882.4360617387506,931.839332908724) 4
(361.6432789523535,539.8633264412614) 8
(117.00276049657354,616.0640448880333) 2
(333.7781637074425,33.490874568397274) 10
(119.33794443819023,423.45024165586653) 10
(461.18886327311645,368.7588267513711) 6
(175.78632309422693,574.0332526624393) 8
(437.3241206012062,241.4659584552875) 3
(723.6356006666508,351.88966476003026) 9
(23.275295506363534,340.91888109371416) 4
(806.645816194196,9.156554801750039) 8
(741.9140841860834,38.546153794306925) 8
(280.4419921962822,546.0591269953014) 6
(413.6756713929283,899.3909535184201) 8
(94.78742146221286,637.2092216027343) 10
(755.1802731315481,336.2416445003691) 4
(8.518640877275608,473.38221270463197) 8
(497.9571862834494,313.71228874690604) 3
(172.098575754012,638.8725390912048) 10
(225.22211860291452,209.73507956681226) 5
(361.4764734502902,386.6901692651188) 2
(197.95738691678733,484.57256088258185) 4
(436.5030778355348,470.30899739043986) 3
(983.2295924318614,148.05794415952155) 3
(675.6774040819936,813.4233301430411) 10
(207.6607070086447,612.7267917883314) 3
(372.15666095242597,870.2188985729636) 9
(526.8255264502444,97.20826640371749) 5
(208.30203770466994,388.30577062758965) 7
(98.01435924726675,939.7557998955433) 10
(674.5669115762186,400.78818864136235) 6
(187.6347502826684,196.09199889955875) 2
(795.5234208747858,930.9904811237714) 8
(954.9137291347073,254.4268134382932) 3
(987.6616763666102,89.02439773277437) 5
(457.44269434441185,127.72803966857916) 4
(926.4313925548685,782.573791931912) 1
(267.1836420463909,995.481362514691) 4
(132.2024723338383,184.86607598449643) 4
(437.9287913468579,804.6916475840762) 1
(122.7114624988157,686.6773633529323) 2
(267.7146610542878,93.3308315588921) 7
(638.3866087828725,410.86431630319873) 4
(640.1028924319306,415.3657751237916) 8
(345.6278762715921,772.2357768958082) 9
(528.9965124274552,86.12926066273441) 2
(251.03117967958465,944.9311141575271) 10
(366.00835199068695,570.7559788763937) 4
(3.0503273219335547,588.7401404924976) 3
(32.94297868783047,313.5663364625757) 7
(448.4488453034551,405.7554422659395) 3
(492.40956725789187,828.0246346143782) 10
(681.147917118954,85.51862753772043) 2
(770.995320408299,274.9795127341184) 5
(107.98528754974413,459.25517647485293) 8
(888.8650757144086,739.9059263091181) 6
(34.580326246021144,731.4368650693535) 7
(957.5141565807636,538.4076087722083) 8
(29.94268767292807,333.8355496165354) 2
(848.3644546467393,168.93700933582556) 1
(271.64890659638587,711.252317855664) 1
(404.09607062363784,266.50295265964075) 2
(490.37265339617255,960.5923086721573) 7
(584.3416041144777,366.4993119156329) 5
(43.053335371380676,324.02696052378445) 1
(250.84152026963957,178.93968545049944) 4
(376.1766543211561,404.93880426139) 4
(971.4453138902223,737.1631763996254) 1
(229.0904039735254,502.19922482964694) 3
(539.7436461510966,72.05129789842346) 2
(948.4547972339992,444.3422390154353) 2
(908.6808742859967,782.1986424705774) 9
(922.3076365249154,270.8939043430157) 10
(808.5885499939513,108.29169748120127) 6
(972.9038781690463,734.8432853721079) 1
(672.1867420514288,825.0161392639034) 6
(929.6044394650731,834.0019375483693) 7
(454.34432540761924,572.5592865071893) 2
(558.4503516630193,823.715498137152) 6
(791.0308634788795,958.3486107435879) 10
(0.8008228023835828,512.4908395091734) 4
(886.8406871731017,928.6744764812281) 3
(21.110488785199056,244.58790706302446) 8
(6.9908720176355965,78.22879028734542) 9
(63.98937064360444,746.3408883316926) 10
(912.1699508417092,202.53622754060018) 1
(622.6086832266749,432.1058810637094) 1
(661.0795938876902,569.5027175112536) 6
(37.76935748282839,438.06836617476665) 5
(361.15157955619117,558.4248235882218) 7
(623.9971804073249,452.46713945823416) 7
(862.8349241137269,331.3688054037538) 2
(420.09476196610194,867.7977105487739) 8
(68.34792405852042,388.10967095983176) 1
(547.195467314454,742.1364698089681) 3
(606.0321729802386,546.7171338069135) 3
(777.1642800201384,821.2323517104741) 1
(153.63181361189515,835.8881041981726) 1
(51.44372009874443,431.8969020052541) 4
(909.8424282059885,837.5331633868357) 4
(670.7865579530444,397.2541991831291) 7
(94.17533126146971,116.33956965486946) 8
(461.2153136835112,997.8040157736913) 4
(609.8705065814372,843.33433923488) 2
(873.1371190800103,315.89550849618644) 5
(668.8984340213082,759.9558371958353) 10
(248.39120132854177,262.05767262059754) 9
(104.63513730176021,626.6648358289979) 1
(651.0194449056046,656.3659598392778) 3
(506.39521468541284,82.15115765231018) 1
(19.544140530022737,54.642831493099564) 2
(259.8269980875101,716.382026343684) 6
(925.4948796919356,513.8800768242228) 5
(733.6509561283505,299.211089053274) 9
(486.4296869236132,465.70603171467087) 8
(365.87352735463173,216.20889919284326) 3
(352.6263473053679,791.8450561713385) 9
(297.26696841160197,615.5750106210629) 3
(334.4465441575706,278.179167565584) 7
(838.7007553514269,671.9828833376035) 5
(904.8799678719643,412.30342050329693) 10
(84.95346441945972,927.8912331087475) 1
(726.5993568740074,608.9849823187707) 4
(902.5891794376889,891.1928441283128) 4
(18.26412219257234,785.6562836905338) 3
(330.5633100891042,882.016401695578) 7
(864.3326030652627,890.6471654315906) 6
(732.8843968312393,42.96772918220015) 2
(637.1006297847885,727.7228468670536) 1
(122.92865596975311,139.6382662103033) 8
(858.2498064772295,411.4910895687871) 1
(262.7268782578469,338.709697240967) 9
(273.119625599851,207.56344978887842) 10
(350.38424799621436,285.0139192793619) 6
(502.57783435451665,889.5622763085853) 8
(2.348193040887403,918.7827704061897) 1
(139.39648576112774,95.27753523129124) 6
(565.5714112433106,434.35716318498584) 3
(87.52164857081624,918.6308195261898) 3
(828.9774309623198,540.084128908738) 8
(112.83064918984786,956.5856996854691) 7
(124.0550770793204,118.91488587710842) 7
(667.3826132429788,441.7963266691366) 1
(460.3872550804017,942.7083997476777) 8
(626.3294902883506,153.87678166053342) 4
(247.28892694933225,60.20676313403983) 6
(904.6073739794078,735.7000985203042) 4
(888.4603254528771,347.28704359202953) 5
(705.0766684561634,491.4881043705672) 7
(568.8690624598493,993.3960787281261) 9
(304.935664192066,955.9013654623842) 2
(61.275192931171006,792.4969580460973) 6
(406.64234485821737,850.5542015265229) 2
(930.5768206643279,241.8037676545236) 6
(523.059374517292,618.1383975838231) 6
(275.2856108581264,345.0955706363228) 5
(541.4332010541291,975.9423861137376) 4
(283.7378023288953,970.8044182518413) 10
(651.0277328337208,476.8031589407494) 7
(521.9179661933158,945.134766026216) 6
(430.8302317889736,419.1983244015544) 3
(168.89244715180473,761.0426293963382) 3
(544.5280266757289,804.3112820467215) 4
(958.4940018449012,392.48413571098115) 2
(166.96714530477664,152.18668874658226) 2
(145.69640153495766,517.4261810777921) 5
(416.91737983907353,501.5551128050936) 8
(716.7554684950251,118.27573777922595) 10
(365.4889404923729,522.1781616414413) 10
(944.1352662814658,428.8332992304156) 10
(63.683854979345256,434.27183298129444) 9
(710.8004438225794,44.95732480593884) 3
(964.3147387494257,330.15284389141067) 8
(796.0917190061039,891.9148922587484) 7
(504.84783556125245,53.86594265447808) 7
(69.12334212625859,322.9333482131104) 8
(282.28946114031606,716.9442775192315) 2
(192.6919201665178,199.22103261030168) 7
(292.1516393479259,536.0467745204536) 9
(478.58227786112406,737.8679290569949) 2
