1000 1000
10
(0,0)
23 80
400
(193.91975613583767,500.73472561239794) 1
(826.078515545658,372.3018978309669) 3
(136.69755153002515,80.38863750418113) 2
(554.6587629413317,985.7830268979083) 10
(250.26089648045635,325.6568309245047) 3
(224.28950715235553,450.58447328230255) 7
(782.4989158666814,563.5292492169954) 7
(857.1173600022015,486.9193020922952) 8
(266.20308008773816,643.7968311039323) 10
(379.1903924812985,563.842649813314) 5
(562.9042367626697,456.0451785498462) 10
(923.6070737748552,177.41414758159456) 9
(733.0088311175068,535.9732160198255) 8
(180.16329292814027,203.6624284211558) 3
(557.6191920430443,322.1660049894889) 1
(298.73298533147,777.3247682045686) 1
(435.85740227674796,947.9450329497107) 4
(207.77914043742274,510.97034985974375) 2
(815.2603725893949,327.85269950887744) 6
(960.8287333317983,274.45612033192657) 9
(693.8054881672405,439.7251445779895) 4
(515.7146567582145,666.9468120315661) 4
(667.7065209913966,361.2398868479816) 7
(969.803013777415,668.1147357163212) 4
(455.78568311342906,220.82158543070884) 9
(315.6423702103175,77.78966202861459) 5
(296.80809342523673,900.5973765990386) 6
(842.9900764464584,344.19440278901834) 5
(93.96443691851009,53.92315938923353) 6
(43.23385621042186,224.85186127553635) 3
(452.00016201759075,676.0783957718112) 5
(685.3810824698179,341.50537354184576) 6
(663.4035033147163,789.4654038313712) 3
(52.418277037624584,493.03769394407306) 4
(855.78172170066,81.43888225105755) 8
(627.449467235418,758.7629451614926) 7
(179.71329173644966,698.2269300619067) 5
(136.19671178543834,296.25112234251014) 8
(424.650417706837,5.134158579650272) 8
(602.0896819313858,948.1587170989093) 7
(222.3617791885426,216.00684163093732) 10
(315.93471315307795,551.7252505553624) 2
(782.8879947326161,287.59066098047595) 7
(567.0209114615964,582.2353953202487) 4
(906.5884570891034,232.80890853000557) 4
(127.09824632888255,974.4797186024746) 5
(571.1735364460324,402.1568529456118) 4
(988.5686119586182,568.7742366574846) 9
(564.309459474426,427.0824953089013) 9
(358.0296843025191,520.2337091843604) 10
(692.583230836298,690.6147812004913) 4
(150.62780608447324,189.79473700719984) 6
(294.99855910789586,638.2794867096962) 9
(993.5316099675704,359.40981798004134) 4
(627.5353218929521,975.2117042061112) 3
(852.4231361120079,939.2706247051244) 10
(735.5298598274094,275.18888887959827) 3
(826.3455304329963,204.03109067194936) 3
(638.1411761223115,278.14277447929925) 9
(416.29738292472297,667.5319562130403) 3
(452.6501472058736,298.48342099223544) 7
(44.30658199160587,623.1355065621528) 8
(731.3286610779018,76.60115951325707) 1
(434.7928153967233,375.9640906910322) 1
(261.81183740854783,438.2037779798397) 3
(63.62587020467947,502.61315989709044) 9
(704.3627576643365,15.807091963528364) 1
(873.0170450045591,919.0726021339591) 5
(164.44778036518548,400.93407561715276) 5
(259.18385087185635,924.5927071326834) 8
(115.29901517647812,444.4134994437249) 7
(5.646791392877049,607.2721906670478) 3
(352.0499100982095,611.6547441084158) 8
(968.4615118117135,637.3141425068088) 10
(362.3005191426646,491.8167309461928) 10
(835.4820384208923,99.92067245355696) 1
(246.82546262367188,252.28872565578553) 5
(451.24060708645055,162.07185173976936) 10
(741.7930566957036,721.0808141842665) 1
(404.54601785883204,795.9086496297848) 2
(746.9701710192979,816.5929644853143) 10
(163.98937344574506,323.0330620130597) 6
(539.9615540620088,696.9758380174005) 6
(363.0951535465189,897.701861861275) 10
(809.133912329607,157.19997777564643) 1
(404.0183659347896,436.6992841932924) 6
(472.07557507648403,831.2774391372906) 2
(480.1075281878867,979.2645881230754) 1
(52.780816218090166,753.7576512937176) 3
(425.68471124984274,767.0216782183794) 3
(809.0380735564562,100.19218379590811) 9
(475.4735093646645,644.0939083813291) 5
(425.9798208283673,772.2174792153488) 1
(296.87410587881715,174.64305590646433) 8
(393.8052353011258,230.32306992658502) 5
(212.84025110147942,428.15746639262886) 9
(288.72214372063365,806.7146984516543) 8
(130.59730893348785,806.3903355221662) 6
(956.4239791662155,962.3816876003328) 3
(386.5165079017193,457.93721156967393) 1
(166.9721289670444,275.29463173754664) 2
(508.09173603997215,39.35223655668452) 9
(679.459255838165,476.4050378090784) 2
(305.1850172835878,796.0826881090132) 5
(271.3268178283099,816.4716257759811) 7
(85.48110472141623,869.1196626704773) 7
(798.8143275679894,739.50698862221) 6
(888.9759349317953,837.4195763458247) 6
(295.6723461794003,36.26958613113285) 9
(471.580835147702,761.587475880866) 3
(627.0499765193053,846.9013047672995) 4
(559.9760739253783,493.1115161392717) 1
(138.85415285416502,730.6600353231238) 4
(688.7401885210373,377.4564747977466) 1
(271.46381031325296,943.7967034442947) 7
(211.4715991427871,647.1071965173029) 9
(690.7017602312857,101.108106561967) 5
(808.2734677740417,3.244472176698876) 9
(965.6839212595464,127.59753843439248) 4
(886.6146407880588,462.6158377106404) 9
(855.9805554769117,869.3494043730619) 5
(605.8152804183028,581.4687579811082) 3
(857.1570837542354,490.62677776083706) 7
(226.19774473567077,983.4027788057847) 7
(579.1982106242674,836.7100102610602) 5
(695.967456306294,300.5356120380711) 2
(675.7905026997568,187.80671763823054) 2
(245.2573424152722,354.46841713841246) 7
(961.0427714618725,905.7912626614036) 5
(96.32331473475952,177.2750297821154) 8
(128.70086465129282,621.7104189290923) 9
(819.9288416974896,740.4741164746465) 2
(959.743538814076,666.2384687858853) 4
(185.9578137718625,840.7702384699118) 8
(821.2289565647505,961.1156973836714) 2
(932.019139336605,700.716277248545) 9
(591.608507786322,11.32210937396161) 7
(447.0264829060342,94.07441702676667) 9
(514.1423382499398,676.4047113559143) 3
(987.2561199740074,770.6377562245888) 4
(338.52611978435533,719.8016834533504) 7
(281.1611787980548,18.974339195388602) 7
(207.04383216380197,735.1521712819892) 10
(100.07577003692825,633.0903558039373) 5
(336.6852084115215,796.5284749609681) 1
(233.79523148285708,963.0737206344909) 2
(65.41703821167522,234.26508501567878) 3
(227.98007251580876,572.4213361879032) 5
(91.30951217063932,616.643723488895) 2
(955.7427280594981,95.69229268573676) 4
(527.3596068594171,344.763583441005) 2
(318.9945776929392,768.8482228619923) 1
(580.1288885624731,889.9578173548271) 4
(880.5735821891712,63.78789417537445) 3
(545.344025441299,203.1877162601632) 2
(957.7271771180309,531.7316020419364) 4
(85.02932553567932,362.2726971781074) 3
(330.55120803921824,213.92151638279077) 1
(926.5954753128758,322.21757519243323) 2
(479.99206160976394,247.29458270194516) 7
(211.0343015788375,425.0594622570426) 6
(462.41957883239036,880.5502008177262) 2
(397.6079659539097,284.7359979766393) 9
(215.21593890538304,241.99618351319063) 10
(773.0805769511206,121.80377230345817) 1
(722.8585983886474,721.1476127141844) 3
(648.582395497981,807.5731957465661) 2
(358.2250428145434,666.7817790920338) 6
(637.5546328011461,526.2428316545771) 7
(356.4324386516653,42.23425767528865) 2
(593.0651778473367,948.1259977188232) 6
(516.5343180424204,499.3107120094695) 5
(151.59057579323175,799.8039073415455) 4
(819.7483014563384,811.5635950381615) 3
(236.8753321120549,566.6141289960296) 8
(812.7532695197526,611.076050308891) 6
(544.4772807133764,860.9936204909183) 4
(257.9602298869622,230.99808213326455) 5
(740.3512183257346,292.29183921936664) 4
(582.4737968361908,643.5909824297643) 2
(56.36033344980662,110.05125355685375) 4
(140.64087220641218,819.6126914867398) 10
(63.099616535007726,430.86519112571597) 8
(818.6531914803926,400.91868292058473) 7
(152.28899221677005,338.2125568758456) 9
(282.14271872334683,606.3029552622705) 3
(468.94687105606994,608.5884639069851) 4
(825.6013946254391,809.0492317867133) 7
(178.46996841715824,41.79171676492355) 3
(414.2363195098267,848.1506335220658) 5
(757.9312187369751,181.54351668873804) 7
(256.8666442484495,12.461976443403744) 6
(997.9996565320653,113.214551601712) 7
(77.81864736658117,660.3795232270452) 1
(627.3545530796436,560.139400767562) 3
(14.055732696429345,125.9361453272656) 9
(828.1201267118702,395.8501142259505) 9
(34.85038876138435,834.6861883978065) 5
(418.0458318529349,329.9269929593509) 6
(373.6126472376714,125.82477292989091) 4
(874.9805810622466,365.7876873089523) 3
(268.65407782640074,614.2656055165583) 9
(178.94088673752128,731.444191030445) 6
(139.27637392603987,88.4944584163494) 7
(437.17776333490934,467.8295765018653) 1
(771.0998426007909,206.17332679866573) 2
(141.62119300065555,118.38353066591611) 3
(359.1711219571649,48.09415916416826) 6
(911.3067026523704,565.0599079901026) 4
(947.9572919761982,43.2429907749371) 7
(655.2721792272124,311.93560721170076) 9
(494.2149552191265,261.09134433348135) 9
(204.21535551986935,756.5272664709665) 2
(164.5411981752827,448.4915735452795) 7
(516.8930155329517,652.3785270654888) 7
(796.8501921580952,441.04287956848754) 5
(603.925074182222,839.6334579200405) 5
(349.3140983322174,476.12975747778387) 4
(772.4928932455516,132.38573523430952) 3
(903.3901269377833,112.24143187520963) 5
(690.8684421910086,448.56787350265427) 10
(325.8798472747182,75.81405631918359) 1
(862.3667519020144,123.30356881164273) 10
(532.7902110813695,89.75538363908409) 2
(253.10002160527856,413.19854011904965) 9
(453.804102989558,89.64942202537863) 3
(214.96320311198326,766.4250482325144) 10
(899.1818233211529,359.5814690608187) 6
(371.36889988111153,475.2496930144896) 8
(444.23098815094573,318.8840362261914) 8
(223.50455790722145,414.86372046877017) 1
(778.7493792041611,727.7849814360077) 1
(177.8242072547793,962.6839511179351) 7
(342.9298390084332,62.23305925120681) 9
(118.33245619777466,794.2578520748588) 8
(576.5470903276733,398.45931082838814) 7
(742.1851034222768,178.4362842840066) 2
(326.30702964126414,63.15046500797094) 9
(76.4441711953917,561.1766043951401) 1
(342.8110779938437,568.7834540860155) 6
(799.878881294586,821.1040508418135) 9
(549.8564898064874,447.8942528368398) 4
(424.2404948008981,821.4476713874787) 1
(445.92186472522724,935.6982363619813) 4
(822.0883310505192,322.08557172961207) 10
(845.7398016093474,136.4732781182153) 8
(185.68223208022994,635.9774954836304) 10
(59.16036096421939,281.64834131469917) 8
(208.16056862410582,2.8434985035531435) 6
(59.95094016412372,820.1538014696025) 8
(441.6638617590134,809.5152951137483) 10
(356.0864752156664,318.42431017861253) 9
(802.8675392003468,896.185073214686) 8
(75.93504682198893,335.46850803870507) 5
(244.80992850402916,831.6625297597452) 10
(613.8072881253246,596.7260936364288) 5
(127.25302859236342,584.9864460467797) 9
(409.5688408795015,322.86533746952284) 3
(491.026371361209,968.322089978881) 1
(188.2958283657985,104.64775283244676) 5
(488.86558011992855,939.7016093397027) 6
(688.6421333963818,862.6025501650645) 9
(609.2768386071984,391.39608433764994) 6
(894.2586577477596,10.3802312790936) 3
(482.46363258425663,292.17559374298054) 4
(968.7112482603299,804.5621318840797) 2
(615.0476878475994,568.8693004818076) 7
(426.19461035884456,711.2482679441216) 7
(846.7849516844244,245.5273588019744) 9
(718.0193417269396,537.4019920773775) 8
(706.2436371474246,478.57537296941354) 7
(855.7827928006908,409.18768429555075) 8
(86.12975491107244,166.2556659054939) 1
(822.3400940523521,560.1472285340881) 3
(164.19891783018082,830.2315539113) 1
(681.6664944186914,613.4461224699518) 4
(304.8059953226311,90.35901806770286) 6
(374.73221179342306,443.82244533711145) 8
(623.7752373224855,352.8943216779263) 5
(937.9566994381075,674.6442394378191) 3
(11.2701195774928,507.48196365028844) 8
(533.4405547457737,974.3099817440192) 1
(624.4831566536963,728.0993996558267) 2
(895.6150205374158,963.7066926947263) 5
(376.72795278518265,752.2374614617572) 1
(646.4472737476345,658.078521947525) 8
(250.78392058509093,663.6592393315709) 10
(46.484355757118955,528.3277603463681) 10
(640.2699008684126,925.0946330604318) 8
(348.3394746373508,827.7405134521501) 2
(217.41537041244862,293.0634930259935) 4
(141.3140682139682,84.8030131562032) 7
(557.7905603074511,17.609916069625697) 1
(594.4280265786932,584.6287306289734) 5
(47.44004618625874,32.572375193070435) 8
(827.4343228825392,746.2583036751012) 10
(558.3476031642243,439.0043277226007) 4
(425.8133175331474,332.0660793668544) 9
(111.92550495330012,576.613463755015) 1
(151.0153457733029,578.1780620983326) 8
(680.3664161423343,584.6441397436582) 4
(255.09076592461187,556.5349060102077) 2
(317.53358713288293,231.42108465454936) 3
(824.0887425034148,473.51260115681646) 4
(462.22399743575215,31.462366670489295) 10
(602.1466255074448,696.2024998248171) 1
(538.0616753263843,848.4146724889569) 2
(79.34743129423494,206.05037286647075) 6
(362.6066904167241,204.3483545836977) 2
(825.2909111405527,720.7502249448646) 1
(149.95219061233533,369.3877445313276) 8
(785.3518007463367,145.7047284519939) 4
(269.3410284680292,358.47359868283735) 4
(785.3611094024371,931.3562484346329) 3
(222.3206112302588,333.0850759113564) 7
(41.86513163267425,57.80561298914522) 5
(869.1125949127378,359.53289868325055) 3
(321.2423679644493,284.71401615040526) 2
(989.0836507369232,594.6556391086403) 7
(395.3241564250308,366.507231835674) 6
(441.4869344949037,119.23633467563877) 5
(554.7972210363494,964.2857415566001) 4
(415.22448634240436,37.15232949779834) 8
(448.0582377053813,105.4117994401501) 2
(142.60843071354935,442.1286703264582) 3
(782.5485074915298,710.1073558871147) 3
(371.05007937647736,562.7371139450731) 3
(49.45329613400429,425.57820581326513) 8
(733.4703885363607,201.96425245226823) 7
(175.05386591349304,969.1576970523669) 5
(334.23741307254505,565.6429291984751) 2
(569.125111215593,72.06648700354235) 8
(845.2841661133021,490.22353267661634) 1
(0.33279718714929185,463.4866184720564) 9
(984.5297798578857,535.7702255502427) 1
(78.50606594762743,909.5925405330511) 6
(749.0618500326444,564.2632991781211) 10
(267.8821745388655,6.9542521148698855) 6
(995.5695370369269,302.99515494731577) 8
(731.9665972958167,217.843673034956) 10
(266.4525431481646,698.6978190046781) 8
(462.1577139902576,972.3734138740458) 2
(563.2019618338712,284.5160937937412) 3
(704.6112427207669,106.05988021958413) 9
(205.10986883007388,206.33993587511122) 3
(781.3628861365532,678.8320060176546) 9
(851.6460661551896,320.218568044518) 7
(77.59173914644212,329.6117494877201) 1
(275.7609840224593,747.9548463576886) 5
(536.9683905980911,534.3016084334142) 4
(813.2661679718058,603.4477231035842) 3
(979.5101549743268,695.4045410204245) 2
(530.4728117629832,88.884759365768) 7
(926.3025143540277,506.1928340121705) 8
(931.7980912085429,34.25021247893767) 4
(707.1398843636009,555.7164277809138) 6
(676.7750093217278,326.9619184718629) 3
(735.2375591101593,872.665299568786) 7
(763.2549814433775,557.8860186358598) 9
(171.87456356737252,215.3048633912169) 3
(198.2285277446001,132.2990216648966) 8
(962.5998288270674,65.3235410068067) 2
(623.3360153851335,834.3459197299893) 3
(123.026859341823,75.01455228780374) 2
(794.0123742403712,176.219651982212) 8
(48.802656586173995,677.5699297694473) 4
(870.3459897551073,249.6984032459525) 6
(650.8584703139857,787.0535859969623) 8
(215.07653393569527,145.44456976094833) 10
(269.2099191642524,420.7335938630007) 7
(795.7299690972014,774.7214134882691) 7
(309.20172109558644,570.127614873236) 3
(296.1775381308536,290.58121608098065) 10
(425.8127030685722,694.3395508166566) 6
(306.80407217096894,616.3442694694214) 9
(929.738799530135,894.670047482445) 10
(532.7064640986307,666.2801752027241) 10
(688.5895003539505,298.8150916994622) 8
(220.41206450049378,563.3539848230763) 5
(819.2649127678353,252.79973834345736) 5
(797.4146171771193,876.637042825051) 6
(922.7727112975127,495.2737970114031) 1
(292.17761788357245,450.13031691081505) 8
(394.6964658686356,717.8466498549343) 1
(971.7491055105887,369.1787266889662) 2
(863.7486824369531,577.840002098074) 5
(705.3140208540821,236.58420164255855) 1
(839.1572460599551,326.3323553937737) 5
(112.19085240253645,335.4819540999785) 2
(212.57512254272348,463.5128344983042) 7
(968.098066583405,64.5477304062474) 7
(909.21868704591,298.66520082439854) 3
(971.9614690364211,689.1585575042944) 2
(31.506507095266812,222.4489045133977) 3
(337.7518318718904,595.3583183500808) 2
(402.8886516771532,289.86438604815703) 6
(454.2587913897126,552.8020207093156) 4
(740.563383125118,964.8775117775654) 2
(115.42748011300297,661.5761104661061) 9
(291.0606617600562,925.8425757467373) 10
