1000 1000
10
(0,0)
23 80
400
(978.5971994139361,322.28873567300195) 6
(652.4896530701412,547.1548168106153) 3
(584.8609108215304,298.2247573644571) 7
(369.11811363408367,569.3051107824276) 5
(475.9661028586677,621.4876790706621) 4
(969.6726992930636,577.7694957371766) 3
(748.4429426796354,417.4836807963943) 8
(200.8405038490524,669.5111353653027) 7
(231.01225342884845,336.10907395590095) 3
(694.7778373563074,941.9656376085238) 10
(617.7568117734211,412.2729779049723) 8
(950.075207824146,241.562754693205) 9
(132.83121097303575,439.69494587935156) 4
(572.5126775296942,98.8684246290017) 10
(798.3992220765246,537.0141929709421) 5
(798.815378151259,258.50632788728115) 5
(360.48569047327226,165.51410527733424) 4
(190.29113047706414,354.26264618216794) 8
(227.4995566412359,744.3079876568936) 9
(617.0045197411664,71.91285725376495) 9
(553.0807013861347,718.6210508998898) 1
(912.9844312648787,691.244125222651) 7
(983.669064330659,156.54101851964353) 2
(363.28398429852336,492.78623862234406) 8
(419.0107966601598,301.7545647650252) 2
(585.8061682709123,794.9456937952315) 6
(111.72784212667608,234.5155271992757) 10
(102.95824231390505,237.95587595329093) 3
(930.4889968718535,683.8621041934867) 1
(110.31548813559888,702.6044764321052) 1
(113.08977384526253,389.69277541763734) 8
(256.4013993565647,27.840905069410727) 4
(863.7755088850847,182.73962276996835) 1
(586.7441558053963,375.27273973282496) 5
(982.7049901932459,994.5843736492149) 4
(888.1780788352024,430.46219627071105) 9
(813.4671674456987,831.4367318446684) 10
(59.83878556412891,769.3196372013397) 7
(746.5495485338848,101.05018251573772) 3
(467.6234445246262,330.39528540779116) 1
(784.1129273547332,323.7299797293183) 4
(755.7851428864607,823.1216584395904) 6
(638.0944137627806,398.3552585790474) 2
(583.7627417964773,758.1307724443753) 5
(31.8463527176559,500.61426038017134) 8
(952.9734992698538,816.0772719113501) 1
(651.7773691050747,385.7508312755842) 4
(651.9485469869463,963.0894130002797) 9
(163.61815900527853,481.4281842000655) 6
(769.6931065153898,503.0033563542393) 6
(28.797569504320553,820.6012613322763) 2
(471.9246000691655,600.9351073073345) 10
(429.1067782116058,259.6164326590785) 8
(544.3322048478644,465.5815549719028) 9
(183.05056729578718,989.4799767632791) 1
(947.0475522245831,329.9116042315805) 8
(103.67424295944261,847.2578054863748) 1
(398.04099755639646,364.8248306693176) 3
(928.5992591780706,328.5910556885885) 9
(445.32081894927455,430.52305430285344) 7
(327.9156897417701,102.63096488610601) 1
(71.78227640773882,142.29719402730024) 7
(279.96855918455566,790.6695208788767) 7
(852.1250605148399,636.8106718608364) 2
(295.77737223842723,313.4085394547147) 10
(755.4135268447803,724.4410806552735) 6
(752.5464484401258,146.54934735639213) 7
(172.1221130798074,778.4280191608261) 6
(600.265062242756,30.426441012321725) 8
(899.8670604413402,542.461964923546) 3
(914.1531516318207,826.5808769312398) 9
(310.1238848155823,390.2219278491176) 10
(258.9941978382463,143.62907782283872) 5
(295.2203134419232,756.40946788826) 6
(617.924572717782,266.89937180873915) 7
(337.1182636706842,36.965262446460144) 9
(237.40087449927404,193.60800380523324) 1
(101.89657702988487,971.2488633031545) 1
(475.19958983257413,427.8859501218949) 3
(833.3721358013659,854.0089368083567) 6
(765.234444811703,294.1788794358021) 2
(690.1854251131011,138.22540060739442) 8
(675.7822881425217,545.6981045750043) 5
(170.21030934110738,193.79580308350685) 1
(353.18522408628326,736.3230699333794) 7
(352.36953734188114,76.97018633112774) 9
(696.7083035479806,343.0695516991932) 8
(553.8838737879584,993.3663883464435) 9
(597.7266386029271,952.0676268150687) 2
(897.8537069402068,229.9562988319268) 9
(965.076340619057,134.13610672038223) 2
(5.131607230985935,626.2666237524654) 10
(378.188180398227,72.8513939201565) 6
(492.4508861520123,189.07883575858796) 6
(8.985096800863456,645.0047265770663) 6
(205.58151062175023,132.7557091309123) 3
(900.5245985198038,891.3553311933264) 7
(484.8792325123885,14.350047513189912) 2
(612.0177444013434,212.54539246121095) 1
(264.94255206067106,821.3084964127513) 6
(872.2302995820737,283.9477012692907) 8
(213.34338982833256,169.47122092541557) 2
(296.89825454746153,726.754676248622) 4
(919.1137216748486,90.254693356419) 3
(333.2637240157066,95.93078819957901) 5
(250.79878117010003,381.21677115180063) 8
(330.76640237897305,946.3792478729579) 10
(378.60695802936783,9.387299853528042) 2
(948.9385405687066,1.9958317296066008) 2
(906.7124280870752,710.5154701748806) 4
(290.5796774449927,590.1577971309366) 1
(589.4693554215017,903.7389236651277) 3
(214.31234342163842,970.2772134842492) 7
(322.1252500257514,95.17223681983167) 5
(696.4889574193685,621.7583749868294) 3
(281.20940655789616,348.8889879128171) 2
(430.0929684744852,622.5934664400852) 8
(852.3359312843942,888.241362410581) 1
(735.93162535253,908.5724201244457) 1
(522.7488474427992,707.2617063094476) 6
(130.1644674920771,142.4509238102375) 6
(280.6793234576176,619.6238865176301) 8
(0.8052376255571758,473.74507438460853) 4
(350.06359346889184,860.5923037113309) 1
(387.54611597648915,925.852647154519) 8
(846.3776530456726,5.999817113670702) 1
(229.09481571887613,809.9939838901685) 5
(904.5406413793766,60.139067436159486) 6
(583.813678129528,915.6703184107308) 6
(265.595997047545,472.1561923072657) 8
(316.57195407604166,549.0501136986671) 2
(375.0211938977739,893.9092277623779) 7
(234.72202471046256,579.4839834734428) 10
(631.3229919197161,232.4503090691118) 10
(646.8086696275342,246.11864248975502) 1
(783.8732385436256,671.4462162263027) 3
(262.34984799515126,561.2560218951401) 5
(527.7795270407074,976.9097543451313) 9
(661.349822456247,84.94382930467248) 6
(157.58825862754566,576.545862663882) 6
(208.2966245005128,951.4668599516024) 1
(233.06068642671306,938.1904440143649) 6
(666.7088522176048,896.6631586966258) 2
(186.10008338314444,0.10284510661484614) 10
(965.9533188007003,565.6073616794832) 2
(975.2328464455959,735.6372534028546) 6
(59.556902852649365,249.5532741630364) 9
(659.7544293783058,28.777083932580272) 7
(313.34386980581587,257.33636987820665) 9
(159.32830875351567,689.9448259570538) 2
(199.36613383972823,790.7253443781868) 6
(734.4563941018214,7.320045783576257) 3
(974.4377710740738,379.54855651817223) 6
(940.7655210190491,372.43175846185505) 8
(631.5445519757495,88.41600393858351) 6
(54.6548187096999,215.8186148374046) 1
(8.996543616732078,623.2628858239724) 3
(625.3427946520918,686.0319172545705) 10
(246.54972159777776,751.8316325339993) 7
(698.3136325389399,97.83950699822708) 10
(112.285289186835,196.37839843471727) 5
(227.36881976866218,983.7907763744648) 8
(697.357987166483,658.9789522868361) 8
(347.5207498627657,293.49502672909966) 2
(559.7643256693085,27.832365487660326) 2
(368.1928527177569,900.9250208740576) 5
(149.03221549789168,814.4873508040815) 4
(280.93548594260653,174.39446299616213) 4
(902.4921028883638,615.2209822272637) 10
(252.4644149569565,751.1622582219959) 1
(479.4215058217716,594.9912342982616) 4
(243.29440770748823,3.244159543288938) 4
(875.4123970857289,553.4359997394934) 3
(568.6290495733573,762.4276658352225) 6
(945.0277399375444,399.8304454152657) 10
(275.4674941829633,999.2436104065544) 3
(642.5416721185072,278.78267207703857) 1
(196.76623644495328,518.3050801248916) 6
(671.2612361602876,791.8570912670285) 3
(359.2872738879559,889.118910983917) 4
(561.0909773993332,88.59704385113221) 6
(148.9935169867992,585.6589470330093) 4
(932.8892623002027,947.8615893779591) 5
(567.5731993272353,725.0956386163732) 1
(898.0655433679358,280.1294425640426) 4
(891.9486630071383,807.41208294507) 2
(634.1653381331104,903.6901142049609) 4
(82.7828538804728,765.4283324605129) 6
(73.99204252777648,342.27728800792676) 4
(431.4397799691512,924.590918897401) 8
(118.43308886032034,781.6222797917169) 2
(108.96470806924174,287.20905995958725) 10
(77.32692218000847,983.769061510456) 6
(695.1441304300604,258.4530291940532) 1
(597.5596297503347,971.1463810254063) 4
(277.2729055313586,901.1208752376413) 7
(156.10195980397745,88.23473115860803) 1
(126.75130738581386,330.98894651692325) 1
(895.5591936810185,122.3488246302058) 2
(420.925550094428,651.492219090116) 1
(328.7588686269859,298.4568219722713) 4
(411.3069711406238,335.1494738148769) 7
(809.4087070560008,352.91616262441585) 9
(789.7757265337611,958.4950088292641) 2
(904.8307021707116,773.7470299295101) 1
(732.5692533924062,53.505211683172014) 6
(796.640526745193,767.9160684236127) 9
(780.7368899566086,851.421188107053) 8
(689.6911724510048,41.64772704878905) 5
(373.55372101675175,112.02651074342084) 8
(118.96807163603096,702.4466304680566) 10
(274.9950285368975,758.0471212143383) 10
(170.22387877324329,125.3916997188087) 4
(373.924150054328,527.032207454598) 5
(939.4010136571002,996.8009525026753) 6
(621.8603001585764,644.6446959236372) 5
(887.6819114213479,762.1085058859051) 3
(64.942440322454,617.9971004503069) 8
(245.90083083768988,995.8787219689596) 10
(233.07967319304024,500.39419696009355) 7
(482.0359256521365,460.3199449991832) 10
(890.9926926347042,768.7845277435686) 3
(387.9512581530129,282.9214213726066) 6
(808.7872194593575,930.9651163549759) 9
(997.9906446340834,874.7053243841833) 8
(303.83680430222995,660.2629026325958) 1
(760.34341128627,628.1337331857203) 5
(640.1473053273529,721.5038924531818) 4
(663.0314922009262,536.2018233179501) 3
(280.39756644758006,308.01877530527855) 6
(990.9971459260439,270.1451137559181) 5
(555.2135128674458,770.7110048507982) 1
(688.9541712615836,8.830152612252062) 10
(982.5714797408343,945.0725443860903) 6
(689.3213864188402,35.9297145501285) 7
(154.78832360006112,696.5371376586542) 7
(220.18641388128813,474.4903985233844) 3
(131.17416699325724,270.28048590720863) 4
(963.4212277268082,831.4719340156834) 8
(393.6307271942889,193.223620273959) 3
(355.07677342989683,16.3255168089681) 9
(786.1922264952387,661.2852652531798) 2
(502.38973027014544,832.218481925776) 9
(177.329147751494,943.9019617238955) 1
(769.3103579653927,908.0701662109096) 7
(364.0668923789653,737.6495406812247) 3
(79.24348677004123,935.1676509664336) 6
(180.61338153165974,190.68092669712289) 8
(617.669429856413,176.64269664368692) 8
(157.1184033581381,588.5349362981249) 5
(781.4505342494554,881.5116069632599) 8
(154.01439747624755,157.8854495332913) 7
(249.2823615727112,217.15749195677893) 3
(152.70639090502104,294.1289447845165) 5
(553.0433710093727,410.6526938853434) 6
(517.6987784452768,47.97109762370633) 10
(596.8613972243207,145.07942976775567) 1
(288.2328156011814,340.2438474416817) 1
(734.0534230172321,517.4013325124345) 1
(651.9712080723095,781.108194006406) 1
(654.2722950212016,570.0205042952213) 4
(978.2526186104293,592.8680459041747) 8
(588.155288055407,498.0100961902856) 1
(51.78348397573962,987.2224732684607) 7
(89.07339050265072,792.2519440055942) 5
(413.6021230060226,29.010296613866227) 7
(263.69839525600236,518.1772282887324) 9
(236.65050155499634,751.9878408122604) 3
(842.0631711618908,523.9471398410175) 2
(221.965311717484,590.5586294770161) 1
(140.54043165481912,701.0502800186104) 2
(362.31302573608923,521.076402125914) 1
(504.2972023954133,457.19215531908776) 10
(967.2722610611975,648.9144678689842) 5
(63.3719815674143,181.9675551052272) 4
(510.2654736458748,734.9371386912559) 7
(558.4495842987244,145.99455519545123) 10
(481.1245559809135,323.45336296076255) 6
(269.54335457846787,367.3114870482813) 1
(405.52229491085,357.1244722866589) 5
(994.2285384928397,282.4253549844691) 6
(160.63580363483877,510.55514451836535) 8
(498.6405986173103,41.13725877221097) 7
(7.677349460698313,347.7557212526878) 5
(708.8966202146588,640.2920553788642) 6
(932.9966094721898,516.1449017519521) 10
(340.8346692561198,71.02818298483116) 2
(45.71388101171725,876.867161970641) 1
(199.81249935576784,471.22039809147486) 6
(839.3512663490402,903.7594665460625) 1
(668.2664087795024,689.8396792292169) 3
(813.0136729760427,882.9392942532942) 3
(689.7994796469504,598.6806383667385) 7
(841.4272718033557,947.6172864613699) 2
(590.573417806906,702.6613972753722) 5
(682.8881910438231,355.43795074826414) 2
(150.70120118924757,996.5186146920458) 8
(402.6695920940796,239.5411370869871) 4
(16.956147598883863,762.6280491941418) 4
(985.4205898865864,250.9035760888292) 6
(908.9406034931262,856.1569625124131) 6
(2.777098761969521,970.2913930622994) 3
(707.6992250573734,466.38688243280046) 5
(778.7231521091252,495.22802541609724) 2
(255.59191327777185,842.3381799737167) 6
(496.09765873584075,938.0692396187958) 7
(643.5603061597873,237.40324860947604) 6
(887.483562984238,912.5279428275207) 6
(142.60648250492568,499.7735353162084) 3
(440.5954498924902,143.58595369141946) 9
(637.8047363378475,523.4885935704206) 3
(600.7112703843432,569.6191162803925) 1
(130.1254330458723,550.1800830041519) 5
(876.9866775509041,807.0127943045343) 9
(691.7623124772596,222.32210104155791) 10
(754.1139604605527,392.0236261598564) 3
(759.9329228093313,323.9142501785793) 9
(826.5584600387544,882.7861468643516) 1
(694.5780042988988,732.8219840721702) 8
(707.4690780938445,633.1831236888956) 5
(143.83818358007093,386.7734268768053) 10
(265.5283756862937,729.2901527985539) 8
(400.50191926845815,997.0100020899349) 7
(811.9528332850629,887.0139637871939) 10
(396.6181023205093,440.52281003379034) 3
(359.2193584130352,328.65858621480294) 3
(950.979740435132,199.8958773147753) 10
(216.9513878572077,310.2086150898787) 6
(680.49653865645,874.0898349321367) 8
(418.406057434932,428.9613283064565) 7
(201.84464884972408,850.093111145464) 5
(575.6939768324751,63.56014018519885) 2
(577.1078916002085,275.9018114744147) 9
(562.6869774541402,651.4621274613089) 9
(241.002265806201,482.4629179236044) 8
(466.6207110198831,40.47960946548823) 9
(1.2693089081099451,798.9829559721492) 7
(804.14239249475,874.5011784639246) 1
(137.8530800990365,520.4402264744208) 9
(444.91508617523846,378.3081225362688) 6
(628.7180779861845,692.4182726118602) 7
(484.59506509971163,524.9546216522579) 5
(427.49188927556304,164.50920595940033) 1
(804.9325477174253,394.69293341920275) 5
(188.39941221812762,289.728246834576) 7
(536.310646309059,361.6539872610456) 6
(353.5188690407958,268.06820815555534) 5
(565.0735398062137,653.7790069669068) 9
(444.9915218803479,898.5249006819317) 9
(456.3816356551105,696.1466564407604) 6
(592.4929560422115,694.8299161049835) 6
(573.4993100561103,143.23928917445085) 6
(270.7907686684988,33.60232868353985) 9
(30.072965561797837,174.68316632558455) 3
(846.7130894123599,562.9601538255542) 1
(227.0565405154209,591.7706481494823) 4
(588.4949467509161,736.595680149614) 6
(562.6033134132115,734.7867758695718) 9
(494.6648474427274,173.92234330385247) 3
(110.94503958896063,263.53417419470406) 9
(363.62803286109335,597.4501345773898) 8
(127.86234586708312,96.46841577751152) 2
(917.9373608143908,7.587277267393722) 2
(978.9058889464925,525.9592436840958) 8
(743.9289856995644,430.4415197181523) 4
(188.51368240456134,374.71971435724925) 1
(685.5377342975502,528.9575325711505) 9
(621.8177476611282,992.0811850232833) 9
(110.89606784273964,212.25432176287472) 5
(434.79933783206945,541.3989446371877) 1
(239.55552990411266,194.4353127863463) 5
(153.92410559304815,634.5816964016285) 2
(645.3275535321761,956.2735811298979) 2
(546.6996542215719,341.6229367878828) 6
(426.15838616768553,313.8052825299352) 4
(712.3862809538265,797.471651327466) 4
(558.3689046935161,402.75599716550136) 8
(175.47399004156262,987.2833366317907) 6
(720.4287781206307,575.7972876523282) 6
(589.4743292852305,698.9498926041425) 1
(695.327791558192,848.1744657187861) 2
(263.2763261409804,633.4158295213011) 2
(518.6196163857597,585.1533923678821) 3
(949.1420009879321,43.48608788634189) 10
(761.3392352235369,786.8205570269557) 7
(305.6283408627352,362.0101253542746) 8
(953.6745077997642,293.988136976715) 9
(766.5321938179796,812.6651972759101) 1
(744.1566843986337,38.060591157068835) 2
(748.4271266958359,333.8974358589043) 6
(869.9491671748614,852.2942046721894) 8
(850.9363179717282,987.7921672050226) 3
(646.950845693977,537.9536579319193) 8
(413.3753738873399,193.42801076124917) 3
(823.979074845467,650.264485190887) 9
(31.69606659015367,132.20917233566843) 10
(233.67762900382405,671.4439274021098) 4
(661.2925986532997,775.0123211499797) 2
(34.13923833279553,191.07319948961964) 5
(432.6618160754313,327.20244614384376) 1
