1000 1000
10
(0,0)
23 80
400
(979.3228362454787,162.00307688525584) 5
(258.08112590383337,557.1029417632756) 8
(809.7997966952794,130.28785453008774) 1
(628.1806996952077,421.84721006652836) 4
(549.6567332800755,383.4319170940913) 5
(992.0268028158441,783.7951889002074) 10
(293.47188576760755,139.75447752841254) 10
(811.7795608767225,78.69582411697517) 2
(643.1444432781873,463.2288243566309) 6
(146.0266336723064,310.3047453937905) 9
(557.8994144615406,829.7485106476702) 8
(665.3695379752844,361.85814211028435) 3
(278.15043033662045,901.6759959269821) 5
(242.83601118812015,987.1638993889097) 4
(88.17415150008323,74.1798399842618) 4
(776.0393849573474,107.08127637966491) 8
(469.90726365583413,744.0018111954471) 1
(799.6603956982804,283.48339336754646) 3
(12.98778423267466,194.9711366016591) 9
(441.879133510921,676.7312072545964) 2
(952.4903856172136,20.105147747277897) 9
(550.9681518638272,809.1273390886704) 7
(984.5861313465363,412.97186147197664) 5
(712.9784026995532,821.7830910781882) 3
(863.6219711160928,602.790312079417) 1
(950.6806384771006,472.8357438490671) 1
(540.2432009298402,627.1955400672254) 4
(171.0871765687969,367.6541192782189) 3
(299.0432541206959,96.41147980829945) 2
(966.9073605987888,143.52064173668234) 3
(347.5422987728505,846.0405623859635) 8
(783.1103766891155,451.1506801176003) 3
(50.966287020227654,358.2790229821757) 5
(537.8618151497784,801.9338755729129) 7
(807.1787237332602,941.5194295567355) 10
(421.69719252994577,278.90201857595133) 2
(712.2223430062164,966.5408084162758) 6
(473.28600955004254,719.0458699985074) 6
(256.83996819599065,275.10787759606524) 9
(829.1605538527232,308.8136462490716) 6
(616.3464957158994,717.2593787540217) 6
(313.4900702197616,462.54843094151323) 6
(522.6318988485176,579.5356163398034) 7
(504.2911119942657,345.1610336054143) 10
(718.1782164519329,761.214967518535) 8
(418.5016885864912,696.3601940384474) 3
(151.72413847938603,430.6140494970706) 7
(192.79948189540497,683.2840435316089) 2
(612.5199251206031,538.8222599490813) 9
(523.3458514931743,630.65049785844) 8
(404.15149728099664,641.6571136991464) 2
(871.3753284991502,872.3155117707661) 1
(394.78021951965934,655.7718913838933) 5
(7.566074196801331,477.9747900155772) 8
(365.6840872189855,211.3013481230205) 6
(165.00537791441195,44.317119840418975) 6
(937.6206606853789,88.08897303944796) 1
(882.7626743790205,362.25231325274586) 2
(924.1230461113414,863.8590660206951) 3
(50.15236040573012,674.6648665820596) 4
(38.5891382130763,133.48400042319508) 10
(762.217119928415,690.2071769859358) 7
(864.5108816891955,879.8761903635076) 3
(531.2740727559196,661.7680654680712) 4
(807.67398294883,948.5148125703491) 10
(146.43872492626264,425.88623482598285) 3
(957.0938283666715,9.404737646379836) 3
(269.642421662906,237.16878867913792) 2
(735.5596285898173,899.3969609497719) 6
(630.6554924694109,353.8612263324665) 6
(496.39111620379816,295.0564442381861) 6
(378.5022157152086,464.5219941707464) 7
(132.02787669223036,941.5496616541384) 3
(898.065119567599,943.4173371356078) 8
(760.0066917016742,815.3888608406764) 7
(514.6214007771282,744.0411245138633) 5
(266.41109041700275,393.1554878501381) 7
(362.6748097828207,733.5735704527627) 10
(244.87995242040972,768.9393855344357) 4
(470.48644155242937,290.8634457163307) 6
(840.3491689252904,671.207371820505) 10
(243.78853048683524,473.6387472237592) 9
(457.5994468908786,284.3375144426319) 10
(856.6451622949739,179.1670023934834) 4
(311.5957777272299,90.04045897788649) 10
(134.6759238780345,14.3115951000361) 9
(652.3978834141972,12.298839171315246) 1
(610.3278047669138,881.2642817031035) 8
(489.906547000338,469.37829673331265) 4
(162.9026445588243,781.6384557768256) 6
(982.5775839791237,348.44110608082946) 8
(331.5939324707361,837.4807762028105) 5
(517.9207504607691,923.5937982066793) 10
(268.50361599364237,964.1471139317574) 1
(534.7270737637804,167.12536983658254) 6
(236.84994241402657,418.1205284068966) 4
(365.48968757120934,69.39529854167137) 7
(838.7452468478409,168.5290244678741) 10
(354.6026739402025,160.78957042263764) 2
(884.4186558175661,986.7615694165249) 10
(82.23359548666764,364.64823620060673) 7
(343.1377164027195,279.87975604317916) 1
(231.79420373321813,668.5212565039343) 6
(850.1739572711541,538.282764306422) 3
(528.882320773207,689.2955860628031) 1
(604.737115361642,212.81190770632375) 10
(63.235876430373764,646.5083729109791) 2
(350.3415433662863,545.8896356009352) 9
(336.0642146460406,99.3580891567215) 8
(215.82785974441222,564.194179028377) 4
(326.4091573882718,719.9015228086657) 2
(736.3343440529891,190.9285517320801) 6
(770.0759502284935,18.104190400128562) 1
(984.001784856524,873.6449865004926) 9
(109.3515545257755,547.9097075397451) 10
(394.09396455837253,734.3845411876329) 4
(500.07531591297374,765.5271217177091) 5
(925.8016011990346,153.3677484659187) 9
(241.20091395366984,178.96535804705215) 9
(791.4880186090835,669.9891451423598) 10
(499.1421115616913,259.6833921297298) 5
(302.0561052501391,983.0066474248264) 8
(900.6079517381746,504.2936704489441) 9
(506.0628707930944,18.09131071654091) 3
(123.3178819192845,605.088221467939) 5
(29.8633187818913,174.77172267423092) 2
(576.4700807972398,387.8542767560068) 5
(997.5083217396306,219.42732534737587) 2
(689.172787268554,868.21830140038) 9
(207.19122347981423,280.88902722131394) 3
(807.6277568994226,490.93550775948404) 10
(158.66145838849687,798.4006290154718) 8
(807.1905758993682,664.1924669799796) 8
(961.7622782934277,778.3238416535156) 6
(769.284955743344,877.9306722860847) 5
(813.0172818611145,782.4471948642373) 2
(412.09065478901886,712.712812308323) 10
(342.4382607352684,607.4980268246643) 5
(659.0335869110656,175.34481298552828) 7
(389.0444360314248,508.52455953176525) 10
(949.2033159352814,667.8015596143159) 6
(274.7220933364429,927.9767049270425) 6
(736.8683746715444,555.8657460974474) 4
(146.47324789141004,767.2841356894443) 4
(159.2540644248881,179.6954470168436) 9
(337.1673644827027,66.97686607054621) 3
(717.5554004791493,476.4813886222774) 6
(855.3615892584291,638.3629023005564) 4
(184.53896380756518,494.97619279294815) 5
(0.02816582240439125,443.96008247755026) 10
(281.83447932929107,145.80999838633346) 1
(902.4125134669634,584.724447960787) 5
(254.26445708002953,463.82752341336777) 5
(484.7490937612923,212.8935921598144) 5
(656.3819229451124,210.79835225377332) 10
(657.4595922528325,301.7282262393196) 2
(553.9798745834473,617.4281572819698) 1
(545.4416424462597,954.0001998486873) 5
(710.517584490755,485.99353264371393) 4
(730.8219941265569,100.25288853227399) 5
(166.3267245856398,581.9246476571182) 10
(292.28181832221367,699.3590696516537) 7
(906.8119612867373,164.19088944568517) 4
(291.92532945894135,997.1525279394514) 2
(376.79547032483106,38.318960286445325) 6
(499.3656738232226,268.4919992594744) 5
(755.2458338026379,701.4128494179641) 9
(208.4586825557907,446.94924135442807) 5
(581.1550581526157,533.5367346167782) 4
(447.5542528147165,480.52538818667165) 1
(456.1467847809313,417.1344212489235) 7
(659.271765145772,674.0496033620516) 8
(245.04761551780675,316.2521819589667) 6
(709.3539577822964,882.8346242125791) 3
(611.2748976367986,476.6134145002463) 1
(898.8876564741962,502.46500188051823) 8
(94.82823338986479,595.5355511897808) 5
(275.29312817607956,725.4298623880468) 6
(472.071716461289,917.5414407767114) 10
(16.895052417056466,274.1554123589537) 8
(965.129351663021,882.47071189007) 10
(969.7960936684614,938.2081464222817) 1
(106.75220777470528,150.8340262654052) 3
(902.322567378665,736.6709293363948) 9
(938.6750154878057,232.73683134547994) 4
(226.9960520381775,133.2381390413031) 5
(787.6111377262032,865.7855378662617) 8
(773.3370510406181,674.6042501569533) 4
(771.6615581647492,527.8390580092562) 1
(512.4249104828081,454.0580753808292) 9
(869.7007001597203,629.9167799842393) 4
(679.6799452732954,781.1934328461448) 6
(270.6170203227769,102.2603752135236) 7
(37.89795564393073,520.6657644195623) 7
(792.2464091034544,946.1568230998704) 10
(127.74931793735355,891.2059139873585) 7
(922.4571644796906,178.8584699784741) 1
(68.37266633823513,555.3601472754312) 1
(424.66432963231716,73.6905380580567) 8
(113.91157624787395,603.131551399635) 5
(980.7485996568104,409.043045497694) 10
(959.8480993371046,519.6813407069097) 9
(649.5731491468845,610.328434448526) 8
(148.76360108414045,435.35854829203225) 5
(993.0268547203333,556.2698658249517) 2
(63.944528843586255,146.31564087782212) 6
(697.1449343047382,300.5519139795948) 7
(442.6753210335367,52.2950194727464) 3
(20.02240731216942,518.2791931420159) 3
(353.91194581576156,146.88261971498486) 6
(170.3719888271933,819.8014245915218) 2
(443.1054747629508,949.1761684749504) 9
(346.44543850534046,356.3167368656912) 10
(382.07588156235204,292.38259400263564) 6
(661.0208178256079,788.2805767909961) 2
(385.35119833602624,284.15871266403747) 1
(95.15043090988007,144.3542202568271) 6
(404.3343214237157,57.593369285607096) 3
(786.4568802414433,142.99641662815012) 5
(768.5350935917193,663.7838179881167) 6
(27.11591763433119,604.3049231962318) 10
(879.0710036229082,852.9130674862039) 6
(750.0276231793744,978.3149696621014) 3
(48.69784073952565,145.66425979775045) 6
(54.98942001555318,11.714816445794419) 3
(968.4619438653956,334.9373251549882) 5
(494.20921794745885,491.5049970756491) 2
(729.140870836666,999.6800525189419) 9
(71.13880624990409,908.6107980966684) 5
(203.45814366769488,531.1133140164443) 1
(913.8553983799875,219.0301899052408) 10
(397.63853690149665,59.21011285442079) 10
(945.2993093564146,803.4277026754831) 5
(915.7448680327453,570.7638950522605) 3
(126.29696484511166,473.7947271974431) 1
(963.8154649159344,332.2996391315549) 5
(76.73815442652455,373.59809286959336) 6
(192.69709985234806,707.1785369326684) 6
(472.9361036562397,607.8629125975632) 8
(746.7394750717875,613.2263155148893) 5
(737.3619297217979,829.7384845003147) 9
(936.836492959371,269.07763330675726) 1
(62.942836002317094,731.1418026347123) 1
(456.762869188425,604.5674067296276) 8
(529.4233001444819,599.8694684246443) 4
(731.7509868220714,633.1886486900155) 10
(729.2652612672886,989.6227516169266) 1
(144.15231296634522,429.23741110074167) 1
(281.5400330809263,749.7428929260993) 7
(54.11516812116734,217.1253379083058) 3
(130.20641969195955,447.9714738116608) 1
(867.6381889803623,198.85016784343546) 10
(893.4381107481697,47.038892425648406) 6
(591.4057599988447,898.2395901092297) 9
(705.7168165573244,509.1158251981851) 9
(921.2558334255302,252.3964796005601) 7
(369.38751262511806,520.940045878487) 6
(719.6419716132093,801.0440535464834) 8
(991.8998144866421,286.4063433470525) 4
(351.3847036798758,575.4777617117495) 10
(969.7128291391432,830.3743254934369) 2
(822.8277466635282,72.90576157503014) 5
(214.68965722696632,331.6397966894201) 2
(245.28503755647435,352.44865736787625) 2
(287.2223228468758,46.584686381120896) 9
(604.3815753413465,232.39708850861206) 5
(882.9456406858599,971.141595729611) 4
(972.4539974900687,505.4414930264173) 4
(860.3250324747518,567.6996850765419) 4
(998.4774560767212,948.7024905815164) 8
(363.3152549789932,143.62648713576164) 6
(26.35381965786454,822.1852629322603) 1
(847.3958881285428,603.0654221635374) 2
(139.08201907203065,90.32862092727068) 2
(475.70724502754456,113.16143887379194) 6
(269.64934603251254,657.5862345344563) 1
(616.7701278198855,73.05328759305185) 6
(151.05916736894798,488.6094525902982) 5
(180.43063580721875,863.962629209442) 4
(920.9958638495884,587.8624280971808) 8
(686.5674099376843,218.1779078877546) 5
(379.53425926151783,64.63589298770289) 1
(524.9704601841842,892.5846349964886) 5
(909.2960764288488,524.2774571474986) 9
(928.7659487134873,509.0908334031018) 8
(975.4246942874955,660.26024443811) 4
(11.545050367201327,696.4322612420982) 7
(140.967227503485,359.21099831559786) 2
(55.81807006082818,995.1332259373388) 1
(570.476046666567,571.6096933915085) 8
(518.0907255217289,170.40707585297665) 8
(954.4506301844203,551.4808337710875) 8
(646.6476793845181,849.6785587454638) 1
(851.7477220975605,848.451588957287) 4
(757.0676863261838,42.90439488403308) 6
(617.27014907586,133.19954429886062) 7
(1.3324886232810584,809.1558911163468) 4
(524.9367697301236,336.0995110898477) 10
(707.142135763861,58.67475478552209) 5
(417.4677682196296,937.858701648269) 5
(47.892709644248185,366.2245422540422) 4
(268.34278238914646,84.521119619683) 3
(556.1630489135484,909.694420038315) 4
(742.8388898174292,309.74816581041074) 10
(249.40765351826832,644.4657980718093) 3
(52.10100779043536,431.0707356163408) 3
(952.8725144911552,107.52839460854047) 2
(511.08680786566464,84.95061581921448) 5
(591.3120045213165,499.3419595782289) 4
(318.1307321447786,402.9650228862388) 1
(888.0967569696691,19.245882568937446) 4
(843.4093522000129,665.5353990354414) 4
(979.7936311627968,499.1563035990663) 10
(218.02884400291956,234.67502058702826) 9
(459.33880885869195,827.6523188431448) 10
(933.1406692616471,377.1215440091068) 3
(154.67802195391621,203.754789174447) 2
(967.0255896673772,880.5412000322514) 4
(448.29056386823316,999.602919894886) 5
(846.7682525365318,185.35598714277214) 7
(227.77866371517652,868.5922286431938) 3
(181.34152607041176,590.069596077998) 6
(834.6510847480307,400.1783519081353) 9
(975.1517188910267,577.772858074019) 5
(637.3448090817109,674.4998309628518) 4
(598.022730963522,708.6628986836398) 1
(991.977647943977,661.5279265634043) 8
(755.9756607182669,820.676703491476) 7
(809.942513031599,910.1011382531957) 4
(341.4417658355629,590.4796771485627) 9
(551.729653503526,293.45811155093224) 3
(559.3192377196413,565.2872279950649) 10
(622.2680279271591,669.0361113744674) 5
(449.0833650359276,279.52898937468683) 9
(97.26238637227091,113.85413513799725) 3
(306.42570461808214,751.569136176828) 6
(42.91773405868493,609.6188902001102) 6
(769.9525334158429,743.0897077441462) 10
(642.7908683084219,120.1652899728245) 6
(17.887494519814638,844.9067502191688) 8
(416.80293928020404,961.1731208667806) 2
(161.9885062489822,835.2416829457266) 1
(764.1635070588842,357.65742422355083) 8
(160.55444621952742,145.72154131085313) 3
(987.5713925926377,951.3903196907908) 7
(546.9042428173827,659.7441274927493) 8
(972.6020704052089,578.6210785655913) 5
(29.715765993549415,266.2958790229901) 1
(912.0060192481293,204.72308532503058) 1
(768.7894570223579,29.507915464142332) 7
(354.1759235233499,556.6521726632906) 9
(790.0122790221365,97.44183408505447) 8
(980.9866911614961,355.47328705647897) 9
(32.766499901418776,431.2881705208056) 8
(317.9362380180014,629.128065661822) 9
(826.7586237623165,631.8749713971696) 2
(917.5135527876139,650.8694305977491) 5
(591.3971638502138,18.889088125079056) 8
(727.6939221371728,681.821054883693) 8
(895.1536265603925,397.140607449906) 10
(331.0601217757193,351.8830000276736) 6
(339.3561947581165,454.3738439470054) 8
(262.80932194986383,19.09913270625252) 3
(459.42359379185183,397.05996146344967) 2
(26.754678051211013,791.444954801629) 4
(625.7446358597662,724.2284096986198) 2
(689.5361847015779,569.2654857601905) 5
(137.0652749489768,153.7455205173599) 7
(485.4224659085846,985.4403776238911) 10
(681.2936747978789,507.2493363966597) 10
(964.655750087711,787.0880553422271) 2
(936.7423951803815,912.7590584807749) 6
(79.94050789475638,233.64941374014313) 2
(373.808655225821,474.5989707388861) 6
(782.4826833634179,610.7054922312847) 8
(13.112755358079987,741.7601369572026) 1
(783.7111636243171,157.63499685956162) 5
(80.56095323304879,638.7979516296994) 5
(773.2896877005473,441.4669089563302) 7
(440.79544947222627,553.8787901653756) 6
(108.47781299028392,374.56024177349013) 1
(239.23151613453376,169.18441519459083) 7
(174.90469413936128,247.19192727412042) 4
(653.9346468307447,280.97239100143025) 6
(490.4775445832138,652.5248661766424) 1
(44.34455870196974,643.5403189847242) 5
(839.736506257793,362.5127467487126) 3
(615.0054730076779,834.9563424328422) 5
(136.9789034642449,250.0868093862485) 7
(406.2558553860648,859.2551668971475) 6
(786.1390612045394,583.356815324031) 8
(731.4068357853585,878.6166424676388) 5
(315.05224983661805,92.98205321875264) 3
(9.018480406652984,795.744611040593) 5
(984.1068996001729,353.4922417158118) 7
(932.1584887722325,724.8546276474638) 1
(676.1149650910979,797.2699347687362) 4
(349.67132851617845,927.2376032199878) 5
(808.6180474798581,759.4204528674929) 8
(653.3622407607252,304.1296520600716) 8
