1000 1000
10
(0,0)
23 80
400
(231.87014543287643,384.40150376234595) 3
(898.4518941798406,611.5581648340067) 3
(380.1087230577125,763.0450541944543) 9
(669.9560807623541,180.5555439140496) 5
(346.18424784209077,980.5416407584812) 9
(978.1778884703449,537.1788087891332) 2
(611.6311183623739,700.5044241075369) 10
(708.7584584283521,476.3737434697961) 3
(617.9455662435786,99.61723941471723) 10
(493.8807846084252,648.2480906468086) 8
(183.71354011043627,956.2520838342634) 1
(919.525015198062,159.40088064100976) 1
(81.00797821601347,641.8352252551493) 1
(588.453712442499,30.217349313964913) 6
(178.86948379376588,583.434052085937) 1
(331.1673032990825,264.6119954338124) 10
(555.8189942660363,329.31311904317784) 4
(654.8558230059227,255.72605372234415) 8
(962.4287672844299,560.945830758586) 5
(453.5283498486178,627.6380617739089) 5
(844.8921138768858,240.1201674125296) 9
(609.1186175647871,778.1734734176938) 1
(568.6553376444624,862.9844116030471) 1
(418.4612167460957,331.2415839263899) 5
(596.5564546822367,623.2559728135316) 1
(89.8366002931501,341.5519340425017) 7
(731.2140302123512,615.4475618834908) 1
(294.4822464206135,496.8977464387816) 1
(628.4153648333466,16.06192712612531) 5
(499.43543458726367,489.78099685447216) 3
(963.0689169093805,933.0823863474936) 9
(603.2837724510002,13.044931361054669) 7
(462.416944530038,928.8200004524513) 7
(356.2956221518927,345.56435492220197) 4
(486.9869975780179,726.0784113976706) 10
(338.1563689503555,456.6784816367863) 10
(772.1500022495031,433.9783081593597) 8
(643.1052274708687,270.00530550754775) 7
(619.4994413838413,811.5893805082119) 1
(209.95670715502501,731.654843545677) 9
(208.37003804737887,243.34275129917637) 5
(641.1648231142613,665.5639070846394) 3
(445.48220771811907,17.279933676126124) 10
(222.44456249895828,430.4418352261298) 4
(591.322661276005,217.11123755890006) 6
(404.6923568027114,810.5680681065272) 6
(520.5182361349603,768.073065829424) 8
(233.26676584819384,282.00246387596263) 2
(324.7044064828106,481.4953358766093) 1
(451.97253494844415,390.9037754464434) 6
(624.3195065015824,254.19110922169196) 3
(842.1267107694015,248.4627899259054) 9
(589.547034996746,627.1346883216952) 9
(70.3950432505036,426.95805231405484) 9
(667.5075650483138,825.4209331046659) 3
(801.8313310056002,849.2265855266313) 4
(118.06804383361647,331.0952113021668) 4
(687.6206080948842,387.7543294258724) 5
(987.783978375027,645.4319583781847) 9
(156.82777469652797,646.3096545449899) 7
(332.6052259731915,290.4034148582699) 1
(830.9282411634493,448.0776674374371) 3
(203.89077728273776,328.596171385436) 5
(651.3838966705337,730.249947595302) 9
(392.5115022751752,606.0353729155478) 3
(524.3402178131599,11.48805337166159) 10
(763.3958912105538,32.950559429394175) 5
(195.82894482832202,207.23040118343516) 1
(942.6530412461833,846.545724127352) 6
(839.83068987405,412.9842308454803) 7
(374.7036900824219,336.2885177572738) 4
(480.72313380485434,412.2690432038756) 1
(737.6719040899583,973.033890372196) 3
(164.42407673225233,601.8739795841278) 9
(926.3155945602184,340.9943491309962) 2
(655.8383650912898,316.7524573390286) 10
(604.6077125685082,524.2400189309784) 10
(777.3282038574075,618.4010634320365) 7
(290.9102666841935,767.2088320726796) 8
(480.898834725238,137.91817332638257) 1
(145.96792709413242,62.15344877311391) 8
(845.8786668373496,246.91923408065475) 5
(524.2944461526494,180.32329559105153) 5
(846.1158457611033,721.3694323802434) 10
(541.2565606281921,985.8516650154355) 3
(181.68574772797484,751.7436407798359) 5
(554.5726350549144,225.75717277152242) 6
(642.8496772920449,161.27173790407744) 1
(219.75228573696003,899.9056766116615) 3
(364.5299221882724,719.4750076960685) 5
(143.8957801111077,480.4832114743458) 8
(107.54082542360743,806.1931952097665) 9
(599.4682142733894,911.035929275372) 1
(418.0236423582779,240.88750525468262) 6
(688.5290078646464,553.6209251265287) 2
(800.3205749710368,137.08427263201006) 2
(305.8241351663864,321.9870815442145) 4
(185.61934553053362,667.9670340201775) 3
(257.6020498213429,239.47354049818892) 2
(727.3569096906288,238.1611428524876) 7
(978.2997466501229,440.3174921820011) 10
(896.0128206953673,659.2437892674158) 9
(679.9122651106894,793.4683205283446) 10
(79.50042446572692,237.20675828650428) 8
(912.5931886012949,262.358639708802) 4
(832.256004925028,89.56004512197102) 8
(997.9086707948092,420.8695548214443) 1
(552.8711499097035,545.2154950832544) 9
(949.6943571730653,608.2635051939781) 5
(14.97757175888259,212.4129096995504) 7
(441.5347699460057,665.9364403917116) 1
(899.1774265612781,139.2907936026626) 5
(535.3493105862146,901.9047431904701) 10
(838.8428751370149,436.21417407604577) 5
(227.118146120743,248.79228725459802) 10
(125.06138564884084,479.4128670756794) 9
(57.58050573641738,298.9011422411834) 1
(488.44677132106597,273.3692190581211) 8
(617.789286950322,10.016038478405044) 5
(516.9035854493379,798.3339111541238) 5
(540.0733730560803,259.50390889709416) 7
(858.761649777461,336.63941355402125) 5
(630.1269444356103,685.7929872292368) 2
(410.14957411977025,248.40252265606466) 5
(515.8374260985279,923.1757659604501) 3
(779.5589918142509,370.81609222715696) 1
(759.4452847107269,898.4466854087832) 5
(755.1202264658226,59.509345043698644) 10
(212.07045354980858,698.8794418730855) 7
(932.6363476495352,707.200313629442) 1
(902.2000876388195,941.8323183528533) 8
(651.1801531236213,964.0124385339091) 2
(599.0298003227418,512.3422737319112) 1
(900.1063924549039,111.14995774320346) 9
(714.3683928512171,974.2151351780309) 3
(189.4249452685688,205.26349063665572) 6
(583.2363454243055,273.2020342915721) 10
(270.44266578841234,348.8275096335447) 5
(659.399657882659,992.8495484626653) 10
(580.1691907706492,854.4317441726956) 4
(889.2010114722868,482.2076083671086) 10
(681.1703782499595,990.4050606390505) 4
(63.35452660159091,348.9539821723342) 7
(834.1740250384318,630.9789639059342) 10
(606.0175938231532,176.36608470625072) 5
(592.8205088157549,225.54934043247255) 10
(698.5314511344504,825.5215454972852) 9
(878.7161591705492,406.997020259966) 10
(234.07973590404728,720.5762055754944) 10
(368.8808959748081,912.7520477278097) 3
(980.5071988751207,29.663647055654497) 2
(801.8344532460111,33.94173478084672) 5
(751.8212417226629,603.4689886946837) 5
(135.49716988582017,490.20005193004556) 8
(184.82853005350574,218.21824232342735) 6
(656.9115111539951,720.8482357869407) 4
(665.7391367970627,8.581407192247203) 5
(691.9780207600713,829.0555056636773) 10
(37.726450008470636,318.9701187584464) 5
(113.3007098178479,750.8600464528097) 4
(182.5161881307379,832.4412966327099) 2
(908.2914728998892,267.723232192969) 2
(393.60289910706456,742.4699471062306) 9
(546.0439129858026,839.4091803944044) 2
(712.1889855426165,323.30722847122763) 9
(106.29595251265789,871.4780412962834) 10
(379.6886881835818,481.0871528993462) 9
(106.75003127464899,973.1361186893181) 5
(399.16328976292704,334.2539778900587) 2
(334.5055176878635,962.8727704080451) 7
(509.68448512850284,652.5614982611147) 1
(410.47366951127475,776.6094630516227) 4
(716.753597587377,343.1110424018903) 2
(755.9659687675806,686.3188795662055) 9
(261.39670934542914,930.9511390003631) 5
(812.0218137302447,389.982639253158) 8
(787.2284420634721,662.2065555822858) 4
(339.19274790996303,669.9199110669281) 2
(172.04479331323154,933.8974885968993) 1
(54.88117264997294,973.3869229532554) 4
(928.213868613278,344.9166019765283) 10
(365.7393483086243,479.36487438368937) 8
(295.2110841403618,982.9862615846048) 5
(554.009575132744,658.0121094542957) 6
(32.53210281618446,599.2344665662321) 5
(83.22850114039737,486.48815953576565) 1
(853.988693296795,605.5505650899859) 1
(813.7233990140414,993.2942169101909) 2
(354.75667588039283,106.57246364281848) 3
(131.7199405190236,342.8715762481209) 5
(743.8378840701457,207.52726140300615) 9
(9.145834338185942,624.5657235230311) 6
(296.1856167551955,148.57366319332655) 9
(732.5554106930392,396.9312909713858) 8
(861.651754108916,89.1153176413132) 4
(397.2750415653212,907.9565526589113) 4
(496.03395468831,900.5370134799014) 3
(259.1160771695992,394.4216715905091) 8
(963.8582763141407,912.1534238308864) 6
(283.7371438179639,223.77015734316763) 7
(3.5092474870569434,327.5909810244235) 3
(755.2948812731461,584.3647627897294) 3
(157.04643067222335,854.244971431455) 2
(78.085512725245,913.2273942169762) 3
(735.1386725612341,912.5468405451666) 9
(804.3110174391579,756.2604158631859) 1
(883.6728478741234,465.1709285454496) 4
(961.3181683262609,514.735850937497) 9
(532.640816261547,40.434395020066404) 5
(1.2470987059867156,59.085102872802445) 1
(425.7580494971859,184.2358892641106) 7
(604.7570041044925,264.9489901741291) 2
(412.7724026458005,931.9214594729167) 8
(751.6707623457839,816.472494546946) 6
(499.3582681268589,625.5972731672624) 2
(837.0210499416469,590.6967396153215) 2
(764.8071022469425,117.7167516183174) 4
(217.7516237385356,675.1104394481902) 7
(766.8517141173096,51.39386719597883) 7
(930.3073530676427,262.3294607215999) 6
(59.36349026353604,934.6453294637465) 9
(255.0732419212798,281.22806638516573) 5
(102.43153952747875,11.263233371253012) 1
(611.8632560079456,128.66213133368888) 9
(539.6376075823531,531.5204501035253) 6
(480.22050378240544,350.0543404338683) 9
(236.40499963433592,118.09000882434428) 10
(468.89274646405966,171.2887505878341) 3
(694.3410985055647,300.9213875821858) 6
(846.0821517242697,804.0556426459583) 8
(561.1798618226838,558.2463687845167) 7
(8.485215228194454,997.70146081931) 6
(264.905917642655,931.1536794095308) 5
(963.1155987059414,252.46155066451615) 10
(173.10708152937414,952.9605976497937) 7
(235.91430045844942,180.41584453549885) 3
(698.1070080162962,714.1695072995071) 1
(59.32513379795146,604.3145734804677) 9
(425.61695008160325,848.9481053854295) 7
(627.1024180086744,335.7544522033029) 5
(467.7826839832212,903.2076770047593) 1
(293.4543650874232,364.5386111029544) 1
(999.1455426169274,854.410141962811) 6
(620.5010995783915,213.8379428850409) 2
(41.845546474786445,229.0840988825379) 9
(423.50237431787707,771.5872916447594) 6
(834.2260328622588,768.6669793407306) 7
(431.51022223504,345.58476059912977) 4
(872.2612227032319,579.5598197866994) 9
(619.2681959876667,402.2904627134928) 6
(545.7520538969088,582.5978166054846) 6
(53.45918197728716,641.165845417387) 8
(933.5295348121037,742.155046080446) 9
(959.6572759592113,2.1450581913493583) 10
(92.26254481084672,664.1018181453418) 9
(709.5883959514755,619.1877914059093) 9
(387.6548764761704,843.6637106246948) 4
(913.2469202141225,521.8256039943418) 5
(583.8902444920552,64.97576728393928) 9
(606.682145744218,711.2277481153601) 6
(71.26289055214374,8.989672362315071) 1
(830.8210231650029,850.1726377364513) 1
(568.9123011082781,465.9440588775027) 7
(405.6603188702408,214.8981167481715) 3
(217.55409124092452,857.3403620978848) 10
(883.9500664087743,101.08790608540174) 8
(896.9718736403961,904.9824607486051) 6
(457.46999167360815,689.9820196474149) 4
(180.78807381191243,990.1958171923216) 5
(26.188904645847778,6.584021518461602) 8
(434.76379020057243,575.5348489808104) 3
(966.9965711765248,770.4906038967985) 3
(208.13312111154846,424.59073759761515) 4
(367.37101110860937,532.8145524208301) 9
(937.9730018027374,600.7277185797795) 3
(59.369067652112136,593.34599506986) 6
(878.1516037066975,110.96228115409335) 7
(818.5226912890661,205.97074460022324) 7
(305.2431460601618,277.29115810799385) 7
(429.19461304678106,492.5590114762626) 7
(301.1304886185432,308.10626697918485) 9
(824.7153674195381,306.3620786722725) 3
(295.2760856092288,229.55548887791144) 3
(438.876027126613,908.4606396930446) 6
(507.4593813680841,3.307990034171815) 1
(113.44284766768841,197.23606435737628) 3
(370.3535613645411,333.245870335652) 9
(598.4367710096474,621.2045451065904) 7
(905.3394040337312,214.48938655547124) 6
(721.0309554349905,639.9009559851753) 10
(415.8018666984273,361.4006485276082) 8
(755.5249650907572,945.5973420759752) 1
(867.7674419306117,197.67949856328548) 9
(855.8771359337698,509.44688601303665) 9
(733.7427915208511,641.6107446607169) 5
(750.9835628253348,732.5379558408385) 6
(795.0284435820925,505.92174630315236) 9
(585.2926204628252,830.8106375880269) 7
(957.0325286255395,987.8762220152145) 10
(778.2547262418693,435.87972887429436) 3
(778.5989056139972,782.5704248986236) 4
(929.2909273098803,127.57515332116188) 9
(962.2391098543249,818.0769208815017) 5
(727.0934995648266,136.50885781807008) 10
(842.0317322550966,440.35604402350515) 6
(679.6762948730218,590.3569137464673) 4
(888.3615206085003,791.7979013561867) 5
(146.97004436419127,871.9345699224353) 7
(740.2836844178939,540.1579689463916) 8
(509.9965041435687,182.4736320997139) 8
(470.15140325371897,611.035643825188) 2
(565.2822082080801,786.4816383387488) 3
(982.3873727265182,423.33028048812105) 5
(546.5619052058871,229.1882067560901) 6
(88.75944980971629,790.0140608074921) 6
(378.0238445533809,381.56682938539933) 8
(955.6003103054214,619.3883811213609) 4
(512.4543417672746,989.5283544142749) 3
(222.7602333396116,969.0215940037216) 10
(891.3410857829936,328.531465567923) 5
(465.623729528845,504.6210079311323) 6
(920.6252758754022,160.18618961476074) 1
(951.0289679801398,713.9343342977143) 8
(788.4335267885415,857.8788944723226) 8
(120.93772851478546,679.0415752214859) 5
(395.81567199927605,38.46595306585687) 7
(308.93623200308286,87.14065088720369) 7
(653.3990403790104,736.6677167345346) 2
(176.59259440196462,393.3998439512584) 3
(223.1803950746506,916.1962772545688) 3
(765.605955940289,445.45098640453375) 8
(668.1736696795421,119.63896048719502) 4
(558.9205073615927,332.9539058883114) 9
(327.84807317709374,951.3745421998765) 2
(150.7527523885409,34.384368842669154) 6
(843.9622071137435,855.9406495226904) 6
(29.523219323057127,435.57813907227086) 2
(346.816866271301,776.8671640511669) 10
(947.0149323257228,172.89961096851835) 10
(506.6332593984204,369.6164030960536) 3
(28.509100316597813,756.3621586859512) 1
(181.78301589503687,376.83675848572506) 8
(473.90656977056676,588.3857050403138) 5
(778.9335141645826,617.9521191435515) 1
(619.8986912061239,800.6587132686979) 2
(813.2689455373174,974.5177168218892) 10
(262.92713830785266,303.1134379946183) 5
(25.797438210425018,238.13317335752836) 3
(929.9691038264953,454.1755723820986) 8
(276.21359578313667,303.25171796706405) 3
(603.7151896671959,747.9892833052376) 5
(959.2700226568485,131.1464683235608) 9
(710.3168700558317,565.1939549157696) 8
(331.58290285480217,425.8237534883987) 9
(189.35602800980712,227.60577603755627) 9
(603.5808570674329,881.2367793271713) 8
(215.20308856660654,162.32637957395158) 5
(186.550831402446,80.58596176130295) 7
(53.894957169504096,314.96798727940376) 7
(57.934964181151294,760.9501651013163) 10
(192.7551400250449,480.1963280061574) 9
(263.60224419445467,582.4789452320488) 3
(280.0303274719833,93.5607397484176) 4
(642.7371693278599,489.1500582210012) 5
(489.3027008621321,825.0942935970625) 9
(467.5844296242334,549.9564407459189) 2
(90.37828380150303,754.9268246272542) 8
(695.5427951853796,440.2068075583592) 6
(622.7485104416118,861.5669443515937) 3
(924.7197655713561,865.5651270802828) 6
(241.17199884546736,762.73648026938) 9
(331.2347192873889,485.10488399604213) 3
(95.66731746282598,63.415969485861254) 8
(410.4978142437262,440.517545625003) 2
(779.0030195104885,600.9093497006345) 5
(379.9766394483971,899.8541494516218) 10
(27.932426218354678,406.4752350652844) 6
(412.0506777919662,809.2818005358754) 6
(401.4938150396947,516.1083420873983) 4
(555.5732732681556,2.4551336071966245) 7
(595.1841452241937,958.7547744834351) 8
(499.64945149320914,980.2128572612902) 10
(528.8272067713876,359.2710625857888) 9
(116.28663526514782,278.9564195079355) 4
(650.5007511158341,509.7336230258943) 6
(918.4729879031555,450.4648582512906) 9
(809.9876973921489,794.2110011725946) 5
(934.3258190112896,702.5604539843855) 4
(297.07504222279925,344.56921967176135) 5
(170.17457747197528,296.7903697310835) 1
(132.6174140163443,595.8895184471868) 10
(142.29388222060803,48.2508497420453) 7
(261.0597999852628,78.62605876237394) 3
(729.0949547675517,262.6973345047999) 7
(233.267614459022,968.4151025428058) 4
(301.1935232425876,251.64160905991108) 4
(49.09599146842225,71.77792490483537) 4
(11.777710642732032,602.514195383608) 4
(501.9599877434232,253.016325099357) 4
(132.8203907192347,437.37161304698947) 10
