1000 1000
10
(0,0)
23 80
400
(605.2113759846317,602.4616183694471) 10
(380.0863500201074,796.3255314392894) 9
(795.2988478358325,45.70608466170179) 2
(732.9376307628162,609.4241148278256) 6
(4.732412836836897,627.4887488646892) 10
(465.5461322794906,774.7304338414393) 5
(60.89150575416491,212.0550215868665) 3
(755.3948422059007,370.7772466497954) 6
(220.70786551267264,344.8044868552042) 3
(502.87447361868334,982.3178829723649) 2
(593.73430417044,816.0292256271293) 10
(675.4807199626161,190.73148880216817) 6
(355.8633204628805,92.01167203082062) 8
(54.20402246966083,554.1342803075215) 2
(398.25252041839497,248.41436686182072) 1
(87.17514651645874,945.0621963639294) 5
(687.9572782552566,401.94268877691485) 7
(808.5539769737558,7.302950101699457) 1
(121.10554023873044,649.4618409473327) 9
(241.55849461833768,163.11781282626302) 9
(69.41620544694416,987.26509326754) 9
(485.7601637295036,556.0232007103838) 10
(176.57530694646383,496.4812149394473) 8
(668.6151169250242,274.556403485832) 3
(435.7824062609349,47.06385093743626) 9
(600.9140588434916,985.6116900348899) 8
(364.871179299598,250.63012448651057) 9
(351.45453208240815,631.4386425593684) 2
(685.9016253380521,108.12220047722754) 3
(460.4616494155575,745.6704737988383) 5
(961.5395530432178,621.1930329026195) 9
(933.0952742630802,946.7038004281212) 4
(630.0740746496481,981.5595042511625) 9
(945.772427573997,252.0761907528064) 8
(992.2951018296363,749.0238138428751) 4
(457.7038248590569,723.7945749936113) 3
(614.4934726541813,130.76052980829178) 5
(101.45789033338659,595.3284772360289) 3
(664.885649599552,773.8552474358405) 7
(717.7629697008553,598.0885569621047) 5
(245.703596351323,442.8206491927359) 1
(851.1112542624137,859.5018860934433) 9
(348.5466677222965,881.8378837193669) 4
(137.34097810109003,408.9499040607051) 6
(794.8792476275347,37.21721064115824) 5
(234.16726609583117,521.1018311925857) 9
(406.96718370267956,645.0540840234743) 10
(490.6350102811934,454.0797851826157) 3
(356.9287165096593,957.2151900080327) 7
(174.15140371670134,174.1969067073349) 9
(808.6914795707046,106.79541045165941) 4
(709.2036575097703,863.9015724212682) 9
(579.0293762155486,892.2244792711219) 4
(392.16474667606104,962.1576765242527) 3
(163.9803630531661,550.7235301768916) 7
(415.61401200055735,28.751754645640283) 5
(305.3694824638107,689.4241190848566) 8
(805.7576320459605,179.93835789753544) 5
(389.1438403748176,247.87197313603193) 7
(789.9912795251602,253.10516529756433) 6
(747.0699803499266,396.1946626054189) 3
(748.944499588811,820.2531853517875) 6
(290.5033231946645,224.68583236571604) 1
(992.2149416634471,965.4189289993421) 3
(680.6888181055596,145.09648345609537) 6
(624.4973332181826,921.8903843454638) 7
(622.8682950299581,562.2166958761385) 7
(143.53675519882026,577.8529835163487) 7
(95.85838924866353,230.63741877240417) 10
(621.1316629301181,537.8207594063246) 5
(146.61459172416392,271.63847715749864) 4
(621.2427096252834,209.45193021434903) 9
(794.2172145342257,663.1784741583836) 4
(994.3505636331497,577.6686521863061) 6
(253.18397451536535,349.7758735486719) 4
(750.5089049303115,196.8772677203484) 5
(456.1991024345484,145.25284224940717) 2
(662.772753529082,890.6484312543943) 7
(225.92747578235372,252.44686166861575) 6
(993.3119952531955,964.4694809792243) 3
(264.9392156932556,385.3301087581774) 8
(959.4927075307423,804.078528342222) 10
(461.8023012729944,751.6165358454143) 1
(36.902077935833,171.6937473139345) 5
(807.7949143864372,885.0849110438944) 6
(613.7693322972164,266.12449641368295) 7
(283.3651013951848,228.34950144383313) 10
(590.8319267764631,556.0815148548504) 7
(324.1111168854023,878.0630208518801) 10
(124.14617981016052,262.583382498483) 2
(634.6211015017562,54.86388164478528) 6
(287.86024164642544,182.76763257955741) 10
(495.8692669661887,53.92185787155845) 4
(136.71406459446743,13.97403148104559) 10
(586.2841190034083,864.5076630268051) 4
(963.3087650385688,588.2415342400661) 6
(146.2013263780899,423.32589521710497) 7
(605.8044056293578,342.7954339310455) 10
(171.52248456020192,705.1763100934343) 4
(791.7474188815297,850.8242470356626) 5
(115.12223745697881,815.780924180654) 2
(368.4680981166315,137.51104212722143) 2
(922.8556854908918,493.93846952688835) 7
(727.9583366968236,169.66532243544142) 8
(613.3531708406207,336.31987225569435) 6
(119.99475094639345,347.079030977563) 8
(751.6674998365138,172.7649365896603) 2
(530.4694282902062,725.6598634372028) 1
(610.5111073138053,712.2096886181196) 3
(915.5998086163535,379.2376959189937) 6
(336.28795740245346,267.17187874474314) 1
(691.7681148418851,567.6004518337095) 5
(630.0688571565001,869.4179183518319) 2
(107.85142117959923,672.9073840534459) 1
(211.55950200409157,680.62113901983) 2
(277.17797794244524,157.5943161968605) 5
(304.50922506346944,777.5216161025135) 3
(260.30640179517286,324.60330913954493) 7
(395.1485733372271,868.1691149341025) 8
(252.96467958153656,457.77949098106785) 1
(749.8169874848403,583.4790067431181) 3
(284.98718806449995,340.50572819524285) 1
(439.115856745672,565.9247180104132) 10
(594.5302051610215,381.456500593602) 2
(616.6329398421544,45.356607711917185) 1
(162.01626949380156,729.9619586734508) 7
(718.9546082595566,966.1449526046764) 8
(907.2908875198233,857.137974581994) 7
(517.3098674951722,546.9577925145452) 3
(985.0484789584239,387.1578350991922) 4
(715.6288418871937,44.42839941078247) 9
(234.35233861239945,128.39623471229734) 4
(76.1670026566763,816.2733905521388) 8
(611.465390196215,477.79172355222045) 2
(932.9747253616899,163.16371903760174) 9
(981.6233647707996,470.77820233871046) 5
(916.2011309077803,247.90151315290387) 1
(279.8673951566157,276.4366641477972) 3
(892.1736176794524,154.52862611400764) 3
(105.69607984578622,922.4277038217574) 10
(740.6585743354348,823.7903166524084) 6
(81.0612876997,506.3008022146639) 3
(272.77459494444287,685.1955056347882) 10
(987.0264338353894,130.10098614359165) 6
(251.3509373659346,703.4699194789474) 9
(846.0106450294396,135.29841253364384) 3
(213.8249205082934,868.7122070734588) 6
(799.3143207359316,819.9816106255475) 1
(91.75801907490467,428.46159604131265) 4
(36.0981721232726,779.5074622833923) 5
(964.2992938669634,578.2251037153071) 10
(979.8612041573189,339.97637818609803) 9
(992.2543917227285,185.01330366300394) 5
(537.8996866131714,494.0719295388001) 1
(160.63848783373103,802.9739694820379) 6
(441.1750524395427,252.42931579990102) 4
(307.6716495407742,519.2671063019858) 9
(955.0273770704828,404.20516994213904) 2
(423.10198771799156,870.8645708227883) 8
(127.14200959259603,246.4086240921053) 2
(845.299279105638,207.41528174255464) 7
(164.3826632238874,869.9375454407945) 10
(106.3738617341603,329.3700014616325) 3
(883.8256433814373,247.55351419135008) 1
(833.2318414665045,539.9828498679926) 5
(416.4046165842926,332.9796508382147) 10
(540.2858970288886,729.007416770301) 2
(725.8023678796244,787.497552786928) 5
(805.1943487664034,541.0354743680376) 1
(591.3145397560694,196.71680703882956) 7
(871.2147036421072,348.9201484597063) 10
(364.48147453086267,672.0655695374288) 10
(180.65257661216828,62.502147965756926) 8
(636.6812681895223,204.1877946050801) 2
(101.29584882059717,112.183753830297) 1
(679.7313686549458,96.64904379380756) 3
(956.7523799126155,642.3626226135733) 9
(659.2818076812912,709.3823940206933) 10
(3.5176344221627964,876.9492533114346) 9
(640.0624884243314,388.42938651595904) 8
(521.8560924037464,127.03041467223586) 3
(38.790046882613005,154.355265998958) 6
(326.673105320435,48.03410723775081) 4
(295.279996233346,28.23940148680748) 4
(681.9840473473402,785.629268715027) 9
(325.7463183526783,172.50104456504212) 5
(959.6738970413295,245.5919619108845) 5
(419.1942424238051,516.6015282244277) 9
(824.3828545002375,436.14162359168984) 9
(240.07865876962242,848.108949486768) 4
(303.5533301835871,867.0505063341219) 5
(117.01446699543227,139.5946784040033) 7
(515.340542238017,719.4506327072392) 9
(437.8358608166758,350.33936359768046) 6
(620.4299622571301,608.0876806467267) 8
(925.7067077764985,190.36418424585676) 2
(18.668921242352088,281.91678554692334) 1
(413.43533719514005,179.43785306832595) 3
(122.52122171288727,761.2761180511878) 5
(645.2684726522798,771.6652115196551) 9
(642.7421101110746,100.48089226605205) 4
(358.9308718201403,68.26439405613571) 1
(572.2945793773875,834.7984573213344) 3
(84.89779517288287,552.3812930622569) 4
(45.71868441222271,698.603694548324) 9
(540.9681820071078,377.1946320958206) 7
(247.30688469741756,705.6263369429561) 8
(785.8399341185076,161.15409742505983) 6
(835.94415022931,466.75253126769366) 1
(840.0178236958998,31.202660782559953) 1
(330.6364752629163,421.30166609371366) 9
(976.9166745480928,786.138950490875) 3
(28.60026671846083,200.79656644401334) 3
(868.497189670855,145.44177960227933) 4
(432.3241646338364,164.90810331788276) 6
(937.5589447564837,307.27584935253236) 6
(473.71840946106624,835.8155930056034) 1
(941.5690446056648,765.8370077129492) 7
(224.24562909936296,170.51242863587723) 5
(931.4782774162733,461.0185675627031) 7
(763.6690093428538,918.5006066083521) 5
(140.85034408770525,984.8728130163784) 2
(759.084639681531,666.2778317595959) 7
(654.3384981123146,374.19058276860704) 8
(956.4424309741594,171.66790425900024) 5
(720.0044044338568,587.9566502743031) 1
(337.05122709237855,589.2342936741437) 7
(133.2383055828148,48.951717640562386) 5
(24.00336422620675,286.90795953886027) 8
(286.3932205988594,685.0345908083106) 3
(484.6770755875166,317.1162093554034) 7
(207.2423587194744,177.77626102484047) 6
(534.9698701016683,904.8413340865953) 8
(341.10179631125845,168.29461087631225) 5
(267.46074704518577,349.41214427458067) 1
(65.98245946311454,500.53616780070143) 2
(377.297839709551,175.2586273727963) 8
(500.0619380369663,254.88685950652368) 2
(359.7784236174143,242.79341599472514) 2
(279.46109537190233,148.24753099041556) 2
(626.7765677273353,824.9126658154222) 6
(185.5609174888012,827.2731656967368) 6
(933.4063971186337,141.79914312048447) 8
(526.347898228586,513.8483877716315) 9
(514.9413289045299,602.7773180328484) 8
(89.69596309673622,207.8684032459198) 4
(118.47127001984536,610.9964103416622) 2
(501.1489240750444,699.4207563775458) 1
(24.75074217636697,133.68558539765775) 9
(135.5465269486459,221.33116528417474) 2
(319.20303164143405,552.4647635666272) 4
(909.5850299023792,569.3095477636763) 6
(507.2554084973496,275.3015397178158) 10
(68.07219651602558,649.2638089722309) 9
(10.778920098530321,385.0597297090687) 7
(859.3635483973932,501.98063958926184) 6
(692.722388130589,164.45005373269962) 8
(788.4458377145809,645.897637342142) 8
(632.958742377911,838.0827480873804) 2
(121.14248220674561,937.0631379919339) 6
(504.5444094449452,689.933980407764) 6
(57.96037249434227,544.2977314690712) 4
(4.901991538581507,773.4602556293304) 2
(389.64936040864796,271.7364912284257) 5
(565.7449192551434,958.2375818585467) 1
(901.1272688353629,860.0585505254189) 2
(226.48059940647468,403.4143171769299) 5
(425.73122451573886,583.0558883096267) 5
(714.3828377948944,322.25370009470447) 7
(483.72537665498004,135.61665413866075) 4
(352.40782588199346,951.6147002875358) 9
(778.093260310719,78.0841381622247) 5
(151.98589921761175,374.9344107865258) 10
(845.6373089413725,457.69360165219916) 4
(778.3598001895314,693.3848427895879) 9
(322.9082164104682,109.11744183344985) 9
(2.3465752761903103,415.4094058272991) 4
(92.15475148879449,832.4530022200222) 1
(479.5892430440528,72.85306785794144) 6
(453.5827292011978,234.1000182947439) 1
(531.7127021414052,620.0600367810677) 5
(867.6185401153143,134.1742494952981) 9
(482.0547733091246,85.92154887147163) 9
(46.72344012619345,864.9251715387194) 5
(911.4262267266263,416.5470229312167) 7
(356.4242374005082,874.8846068858037) 4
(29.15080109465329,309.9857425859078) 1
(745.2958915276364,805.3351290285419) 3
(507.4404249763591,183.13821839491885) 3
(981.1269098786664,599.8728431837598) 5
(323.2090622842687,13.457988128468656) 8
(331.52096877697767,633.6710471235999) 1
(341.1739204519688,420.8612957989916) 7
(716.1050857854239,829.80393067377) 9
(642.0599657852207,665.7570569639732) 2
(365.21981249438375,693.8536518013383) 3
(244.1563170235207,939.8870454217559) 7
(211.2547032342783,546.737944780732) 7
(1.7788921683706826,73.32864292202589) 9
(351.6561162376498,403.12963230362163) 7
(622.2409910637117,323.86131405944997) 7
(210.46828240333383,646.3033216901414) 9
(29.000881145004765,814.3556535713014) 7
(349.70850395503203,784.767491527479) 3
(726.286098763969,516.3226175378888) 10
(349.4885416496331,599.054891012424) 2
(729.4516579446807,854.0800682651679) 1
(415.652647204072,85.14510822565046) 8
(720.5504558117385,661.1026639997183) 1
(372.13980456513883,782.773143420261) 1
(540.665556813793,543.2176376654726) 9
(161.49781018845323,578.8143420989903) 1
(284.0724365523928,279.44081393767294) 1
(631.9262946099765,431.9096040705286) 10
(840.0455723149431,414.3428594230395) 7
(655.7306604951903,136.89565453339347) 2
(573.8077794018552,565.4865283569429) 6
(469.9563396555737,295.17833235063193) 4
(649.160598437902,112.28005536360186) 9
(81.27666339260597,384.7742945194847) 3
(619.1161640836618,221.84258273468095) 7
(501.5040582570887,663.0343757339974) 6
(429.42169096184404,843.0404357508341) 6
(291.83648747705405,267.79890834315614) 2
(119.13621055817126,277.96937347274365) 9
(111.54437644792614,825.3037959896476) 9
(760.6547058696244,446.52455711084883) 5
(26.535242461947604,337.0933363054833) 2
(211.39696487004355,449.72590248676437) 6
(939.715490329693,188.26975503063238) 5
(169.88662446848534,82.49640111886048) 2
(119.27876537308468,34.71324190262892) 6
(833.0624599371447,919.4666805740457) 3
(739.1184039701452,256.09161161437186) 9
(264.6744256154768,601.2645825073652) 4
(363.3993875266689,922.2304452449325) 10
(971.5939386106116,366.1785649037783) 8
(983.2197434037346,87.2308191841341) 2
(400.0002808892733,537.5688845904737) 5
(145.80724426253477,290.53341729895874) 5
(140.888371640982,438.969586235331) 5
(918.8596583235653,334.4668524804757) 4
(254.09566200415745,262.48734514635163) 10
(331.3339264904905,255.17168668333014) 6
(321.050022617018,600.2076473765063) 6
(897.706353486185,503.8610117080782) 1
(53.33503309065601,234.81748670781144) 7
(731.5959583159827,779.1081738899111) 10
(50.97823053761241,979.8015508609932) 3
(671.1730789494344,436.94568889730266) 5
(294.7375554717817,600.6257328036207) 8
(90.41639883927121,212.6870442918013) 8
(253.08992890352923,365.6475204534411) 7
(455.9867836195995,471.2530284726681) 3
(998.5949994934474,436.4972973722894) 7
(350.17973171605564,50.5951062406792) 8
(12.712721264537151,592.8173157180167) 5
(536.9938768335825,97.12280896448455) 5
(353.9383912832291,92.97987524653672) 6
(514.3667181907246,381.4509943006725) 3
(793.9084951448393,579.9615669267599) 8
(582.3318409793328,931.3078574085733) 3
(414.2738030267723,634.2937164313358) 9
(20.97410775114106,916.7402188290007) 9
(60.853574235810946,183.72831146754953) 9
(738.7122501216584,904.3210586846648) 7
(300.48563487438895,751.7696627509712) 8
(941.3028172453385,377.9618295789713) 5
(682.0176632065746,255.58661109216675) 4
(866.2889540706793,866.6864654714661) 8
(522.8419309956867,354.382005260415) 5
(484.51783247723637,610.5265655295464) 1
(236.49435061894707,48.18385447331208) 9
(179.44323560593202,17.82120672279264) 1
(9.875111018212479,848.7923450800843) 7
(652.8040432557996,747.6196521459111) 4
(544.5011894997264,806.0717335232996) 10
(665.8692726447435,635.607821162945) 9
(521.1233493194774,297.3533779334867) 10
(797.5627671103698,780.8502353391684) 6
(651.1968395562656,407.0301616773364) 9
(14.346394046443445,740.4387115732915) 2
(968.5328255369704,127.99991210635386) 5
(610.2945292729323,973.4249880591034) 3
(781.595218152786,101.8450161874852) 1
(142.41440176229258,885.2786047362098) 10
(10.472144495959457,571.2959559156728) 3
(49.53123586418384,132.08362789778982) 3
(217.69079815095006,832.4839331952355) 1
(466.97497245189237,829.2083670587979) 3
(552.5456597873532,805.4917821388958) 4
(875.0290353772766,362.98433140456444) 7
(487.3662573784623,178.48893948870636) 1
(163.8141084985544,784.3037385509697) 2
(999.3121212014346,199.79507879158675) 6
(188.22784531809532,494.19929681721044) 7
(807.1015323366112,152.94551378323783) 5
(922.0635445311998,261.31304669830655) 4
(664.3662394166846,713.9719092314854) 7
(840.4231013405321,318.1968711843727) 4
