1000 1000
10
(0,0)
23 80
450
(447.5972577429601,661.4604951285565) 3
(613.7912156977251,194.7486489271364) 9
(282.85493031686457,879.2474709073797) 1
(956.5198694922605,567.7161765571275) 10
(231.22195275716095,805.3610428599366) 2
(573.1423232323547,144.79759193157972) 6
(887.5887718880311,740.8866372656496) 1
(274.140566952248,565.9130433560376) 8
(709.7617921540937,201.87563219727568) 6
(351.05903809917936,670.4423119685764) 5
(179.6963181713015,793.3660950830991) 1
(839.3217638279028,438.8418251186782) 2
(645.0888705584446,743.7699783242404) 4
(101.577923999428,772.5064020525555) 3
(11.929324308728727,299.60941558921695) 5
(736.729755979808,392.5409169702565) 3
(611.5929943381515,956.6023681362751) 10
(791.3364236360263,182.5529444359978) 1
(599.4512187448116,325.03888370505507) 7
(617.7473018407511,841.3980458882719) 10
(187.67194951803214,407.1090011817006) 10
(400.22124106399906,853.0684087376216) 10
(821.8121569071449,633.990982832193) 2
(984.2303000565025,992.6407695758433) 4
(833.435730138097,559.8818940290968) 10
(424.8936983536826,316.5446395998045) 7
(470.6153250882095,497.3498746517474) 5
(517.0260178195831,721.7247073828308) 9
(493.88948020938517,503.39595017731295) 4
(637.294409665134,296.9754073632871) 8
(64.05546096333615,650.3511100566541) 7
(242.87255705582345,86.9505267486721) 2
(969.2020997239742,181.91570073323447) 4
(258.2478672770573,834.1509112037315) 6
(668.5945015326029,137.9377756830036) 10
(33.98331930231247,92.50728204108461) 1
(954.2276495900117,136.9456116373714) 8
(874.6537817383323,264.13614160361664) 7
(31.138542144946378,49.2539641016626) 10
(223.56404364232696,327.9025360472941) 8
(573.4908686796018,298.44535396833584) 7
(919.2901366439431,664.557354351713) 3
(643.9663496122489,958.3720626065142) 2
(141.55976906048494,4.114166052871737) 3
(424.323117925182,0.07650497478661755) 4
(308.8020864728597,781.4899074091553) 1
(91.98077236212288,277.8878876549369) 9
(334.47854399316566,845.5887021069308) 1
(335.9211331570518,140.54679711963635) 2
(445.2572336438045,714.2484657874893) 2
(974.1239464091021,476.29134396385865) 2
(472.2196326733377,36.285289448926946) 3
(145.29099459198193,358.7457778422298) 5
(33.955338775538024,312.3030137021461) 4
(927.2944522926568,840.571382852285) 9
(591.6871982707529,622.2999485760421) 6
(126.09622443487034,678.3229814076705) 3
(568.8799733659645,889.4863118148049) 7
(480.3529832803978,158.50028838065288) 8
(171.8406927682411,563.712271713943) 4
(488.3337310071391,378.5488647608003) 6
(868.3375794840732,507.7655666635292) 10
(181.439038839479,473.50506167828956) 5
(537.4475109829564,800.6178454904953) 5
(827.2955841071571,261.64755663087516) 1
(156.85719489831408,59.11883100345361) 10
(490.75657689381416,451.67949330015165) 6
(244.63733327272098,741.7444376896655) 9
(133.9515348823107,551.6885646566229) 9
(647.3291958822784,447.96721984825916) 3
(376.37084831292754,959.114717095393) 1
(625.1386391934107,600.2410288477746) 3
(637.8993939455952,815.3699837011064) 7
(362.95537726120466,628.6146217200835) 4
(744.0204840853078,863.519467736647) 9
(680.3380960233627,362.5169481457808) 10
(366.9403348317738,602.6125451656347) 7
(738.2758945000311,628.4682284559756) 6
(708.2419308479572,933.5564570993421) 9
(572.8023231316358,474.79911667493093) 7
(527.4640171752607,849.3361883185776) 6
(839.7205500576337,349.01450284915944) 8
(952.8168886421307,921.2553192604962) 5
(39.86771087427099,867.3065286352055) 5
(630.8555960725147,647.0029511147998) 1
(461.07236091323466,597.0235570593003) 2
(497.09073957799876,552.2155492433592) 3
(774.116463979517,230.88324485787714) 4
(419.19131234479636,21.473188838420864) 1
(921.1552899637186,144.63786770313115) 2
(306.09804678895114,86.54310868591818) 5
(246.323426282109,900.5404304434245) 10
(765.4007761096426,432.63796157789733) 3
(272.48021115078245,26.59461696260623) 8
(332.5326834290732,74.44538867811002) 9
(92.42191246794074,335.6218755066066) 3
(653.0684046974644,933.1940263571976) 6
(235.46424801932963,984.5092001098083) 3
(182.1247545427762,754.8893866386825) 9
(291.20657980294294,115.4254037643293) 4
(979.2259931090105,571.4877089855079) 2
(421.4131143253117,763.493641175048) 10
(119.61170801538512,381.93575875271614) 2
(66.00770832571945,858.6414580311422) 8
(68.61238623202215,834.0700948593582) 10
(767.0762589753485,34.83782896513876) 7
(433.5476478292024,667.684348884538) 4
(997.3286250987444,766.2276988221038) 4
(705.1619433653874,592.6654404092104) 3
(43.12835987430941,302.11588152731304) 7
(887.2024668727332,608.0444530811862) 2
(191.79506480261153,54.31965342504475) 4
(535.9423664056178,147.05491399190862) 9
(906.0759853032157,268.06204457591156) 7
(272.0101994930542,849.2937919393349) 3
(225.26268053855935,712.76680915194) 7
(439.3602448966074,645.0748885498809) 1
(739.0589756644916,278.6926804449126) 9
(659.0415753784827,288.1076997386385) 5
(731.9618716049418,400.9871958636763) 9
(474.3136235551241,567.0946100978911) 7
(459.38369688724634,652.6432844333591) 3
(303.86771853932527,899.137618378549) 5
(487.07434612251296,535.2737599070821) 10
(832.2225074974057,336.88773923088047) 8
(585.0690584534206,108.81633396565837) 6
(204.1275504876451,92.60682233804651) 6
(41.55169276758785,75.06357371750182) 4
(122.342046217376,773.764381842514) 6
(900.1352489743305,264.82941801653135) 3
(394.0653845833023,365.6041283804823) 5
(566.1027284598472,770.9595116212694) 4
(329.9327561754415,438.33246755356834) 5
(12.353506741291431,568.6802892942629) 7
(324.8630891960267,397.7827590998538) 6
(927.6164550173394,357.28901896849743) 6
(715.8391773365062,895.7654096319476) 1
(316.78956945933265,282.76109703583785) 1
(74.7546696265523,131.55806819985884) 9
(266.7116948504409,645.0925168451852) 2
(452.9777513829143,269.53798867850634) 7
(318.9403437580924,911.2466722298435) 6
(637.5812655637319,300.37352078000646) 3
(834.8287435454248,939.4420842704645) 4
(201.64430503448983,889.7461547204917) 6
(869.8160378289098,487.1342056353448) 4
(147.54654322066062,223.60768068065772) 2
(912.981189385694,760.9915692610932) 4
(504.9951060496903,530.5728239806602) 9
(319.9372733838229,768.6510050948058) 10
(97.39901413557473,240.52502779629404) 3
(129.576023491496,345.72057046644835) 9
(706.3021630320686,518.5433962715202) 9
(335.34238893711876,851.3030624398925) 9
(353.00900018920913,813.7858515089754) 1
(598.3178078467422,541.3872706159235) 10
(965.6638246603429,6.547365682750272) 4
(871.4214370332318,663.6750613355517) 5
(463.1960873451052,466.67625232528474) 2
(272.09410232028677,587.4603850209801) 7
(952.9981908339474,986.2710346155662) 5
(343.47921225837587,922.9442554968106) 3
(530.2123940233173,731.9876734010276) 3
(779.5226380092149,438.6696498405637) 7
(732.5559081167265,46.25240583032508) 9
(520.7357464250127,41.88116879198256) 5
(525.7998056166281,709.4684940753799) 7
(672.6461822312295,38.2951473477593) 6
(906.1024038448843,630.0979141002316) 7
(946.9851650162168,711.6731756564498) 9
(472.7552723758156,112.14318237548471) 10
(994.1310518924432,603.0410562167676) 6
(853.0160077820873,135.11926710263867) 8
(77.97451260340537,536.5331245585711) 6
(40.45976298075959,593.0001293341222) 6
(162.34363842532395,314.1498411004423) 5
(230.3736603727784,106.04011984259432) 5
(880.5901865962717,847.4992384171967) 2
(746.3641187470653,844.8790011664466) 7
(426.04975196676764,888.7700813750002) 4
(339.5565125120331,824.1258145445) 7
(640.7832593637762,560.1767382919334) 4
(674.9075993361811,406.17778148684044) 8
(99.61565863122246,205.14847966849626) 5
(379.34238568743496,369.98964976899964) 10
(959.3356712523048,676.6488763312799) 4
(810.8931798652008,442.06647220516317) 4
(236.3839813324241,742.4751703507376) 3
(898.6306695628278,723.8390507314775) 7
(493.6124244081211,292.8872085546961) 3
(27.83006855341952,794.0346342058134) 10
(714.6309073504972,919.5700114511866) 7
(828.60832279855,145.10237420568095) 5
(764.1640128556766,476.6260419183029) 8
(642.270107034425,630.2623202760145) 9
(598.4044733792089,809.5855147861344) 10
(587.2927021957656,467.93363349722705) 10
(583.3565843104533,353.50220045098047) 6
(938.8908216441537,867.7458402098083) 6
(845.9145201136732,888.6186272796718) 3
(90.1962889715201,761.636181126629) 6
(43.11905132859029,765.398794774073) 10
(172.2538095838111,965.9746559384294) 7
(637.8726268882127,390.6539041921125) 2
(168.95489739607018,491.0151835144556) 3
(76.4825460024089,775.9838535983084) 7
(397.1580010042534,734.3317136451942) 2
(622.1379210621767,196.89683042881245) 2
(651.7276335697692,723.6020240397607) 1
(741.3388857666962,583.9204214933765) 10
(368.28000449192353,105.8547638042947) 5
(150.66896261799633,362.91755915861404) 2
(584.6312113347796,669.2758854327984) 4
(715.8560748471424,898.3488307399093) 7
(463.10643240096095,925.069869968177) 7
(747.8261435383829,768.6053903724737) 3
(956.8859155036128,565.029255948843) 6
(497.80324959602405,959.0690493130576) 5
(484.17639912215594,887.7239625083954) 3
(169.4396238500202,208.5368834704202) 1
(845.7545380287743,994.0835748314431) 2
(918.8962542372166,592.9949301088105) 10
(966.8654348731775,424.7645922750417) 4
(593.9065622076502,601.7768305376235) 4
(290.68589048387406,733.0970655410819) 4
(321.94569564727806,279.402428305498) 5
(666.3322283479612,969.1656983984019) 2
(160.04989368951726,226.97080290735883) 2
(490.9463248024144,41.46881521554169) 3
(90.30187771965825,853.6576413146719) 3
(299.0449662252642,91.71100733840288) 5
(100.00349061202584,276.1120739461712) 6
(960.0909359626551,956.8674905568098) 1
(331.0265829239122,29.934142714413635) 2
(40.10853128715197,469.84302867314466) 7
(801.731440444692,544.5263836846301) 1
(742.8971420912941,901.5104820211884) 4
(213.4289158829955,535.2229057917066) 2
(272.8451970603614,295.169171222437) 7
(704.1585296201316,608.8566732915525) 4
(73.49609524487444,114.0198105770993) 7
(982.3537978506213,319.388291919152) 7
(418.74312819833625,258.04299988971104) 7
(657.1400797483615,753.713778280473) 10
(824.9776632629936,421.84928685860945) 4
(837.1713549597005,147.14344963786985) 9
(753.5303349618397,902.9332899007761) 6
(655.2285158543376,505.140453735471) 3
(116.35230873194047,48.31247741084821) 8
(853.3529403031193,213.62819910317376) 4
(964.2359133803976,345.56816685303903) 2
(29.678050029387613,693.5176546027537) 8
(445.82986842919803,626.9338358550793) 8
(531.8270402380118,389.23426690840637) 10
(140.89592937079354,124.17627914554674) 6
(92.6268200979915,683.4641193695413) 10
(250.216344765806,841.2321561654365) 7
(687.0384851660891,963.1896964860251) 7
(164.52351405456568,438.7101074437919) 7
(99.37859982115127,826.1067736824509) 7
(735.5306421796344,245.7095107869921) 5
(875.5715499857077,33.41472681547641) 10
(340.2573700113576,300.10379768404204) 1
(10.490889676408766,855.6587805314547) 9
(36.446320562030344,349.1460318691917) 9
(187.9088306845196,454.1242456131155) 9
(564.7762286728146,938.3885483424954) 1
(828.8673137762902,982.0367414591844) 6
(714.0029594153002,695.9359807927481) 1
(874.6091834790456,406.20911957765594) 3
(508.898417415388,327.76003226520555) 3
(346.21835635676246,938.655490101136) 8
(874.9359107466922,682.237985808181) 9
(583.6497427409195,782.1075014846291) 6
(846.6609589442769,953.9952128333246) 2
(360.28706660918186,616.4781435994836) 1
(402.9336489778791,841.4247031885615) 5
(891.4027644470208,310.6923705670681) 1
(151.9472597021706,554.6313783959221) 1
(109.33988208477152,308.87115228259773) 4
(190.35185423521563,885.2705791503006) 6
(971.2003471411025,992.7551127371614) 6
(267.2380218592912,913.004489827964) 3
(735.4597950047819,894.0045348040587) 3
(319.83401821218314,162.8581247798474) 1
(138.0641923941913,389.4675450904816) 4
(664.8410876971036,51.03628789501236) 4
(434.85412030563407,810.9899053446504) 2
(867.6190578294344,84.3558964351333) 7
(595.7736447213517,175.0106350550409) 4
(142.17745623412503,97.7236958514951) 1
(128.34874843285547,451.4156861734269) 7
(878.0811367488843,950.2067135978577) 10
(466.86851736661094,530.8883769768682) 4
(93.98260341989295,699.3734284116401) 2
(418.6258455431295,720.6538737213016) 2
(287.88466126650746,260.4018529468668) 6
(771.4579395043189,355.34758431740687) 7
(843.8944051151574,907.2176556800936) 8
(17.167155377188937,438.7957916035471) 6
(91.5847922485572,276.8998174941134) 10
(212.2826416350716,964.1443137009402) 10
(149.32371436375658,653.7754826729159) 2
(612.2645299846923,609.7626972661918) 2
(40.744876600067315,694.6268241377882) 7
(922.5406013798403,633.9332331152564) 3
(539.5025645037184,593.2335009724624) 2
(170.82325239930762,98.82196362287333) 4
(444.9581009150276,331.01284550134227) 8
(479.40241674083404,621.376001969293) 5
(547.9544668939182,837.813637299609) 1
(527.4637096045424,881.9048498482853) 8
(25.42384862376734,820.7865838720347) 9
(585.1902892958433,698.1150935735843) 4
(43.8257777668869,115.68543270756449) 3
(930.6688215887621,855.6168407453963) 2
(633.8311118050551,455.67923758766204) 2
(253.37826956969067,540.4744822827153) 3
(658.7709823628226,386.70111894925617) 8
(513.4218388794059,695.6595985715061) 9
(770.9426374635902,30.74010010806805) 6
(936.6130896796263,986.5940178250196) 9
(626.9860845099867,35.37368106924477) 4
(177.51071315497057,780.3205745619377) 9
(592.216853829322,122.16551650660578) 10
(988.5010852926465,852.9788582663745) 3
(776.0640170648053,101.80496285764484) 1
(565.9411607944621,313.63519419504684) 10
(479.56832033045737,923.5996123883629) 5
(793.1392542318721,891.8894368352858) 3
(525.3976853717498,909.5815857836436) 7
(547.3199301904572,270.9076887898464) 8
(850.6540513941046,539.4768709222553) 6
(854.4075531537164,822.6293529579063) 2
(671.4678571540677,551.8061364545771) 1
(183.628724965172,285.58141156219443) 9
(781.5246390042392,62.56898683627965) 9
(160.83012673542106,426.12347039022745) 9
(537.543732452712,406.5547471089882) 10
(544.5691395168943,932.7180730463378) 2
(356.7146583239913,747.6244174637459) 10
(226.91991200783013,483.94165396369596) 10
(853.252477252839,756.5013691081276) 4
(699.2010954273279,551.5614240573078) 5
(389.6944186947241,657.0025651381803) 2
(490.6341638813133,951.5165337886018) 1
(665.4265154603067,665.7268707388631) 10
(802.0532324818274,748.9990799667814) 9
(678.6648512757336,295.31299450298155) 5
(818.7258702720765,823.1334872476642) 6
(195.5214195305993,2.885520786794493) 3
(287.128221650204,947.5633964664129) 3
(817.9883399968517,589.6997280397576) 4
(598.6646585405236,77.27450927121137) 5
(644.4509469413796,924.0115918011634) 9
(852.8047927576137,616.4285179249746) 4
(981.3298263492638,94.20796419325383) 1
(189.8369877981715,169.66024418771374) 4
(779.8776255665613,931.8168318909637) 10
(213.13235206816327,126.50046193380682) 2
(920.5398725791633,446.8790724497935) 10
(461.4784689674976,718.5009237958462) 7
(136.15313762869775,664.6462532533392) 5
(592.5797668052362,901.101198266381) 7
(225.559759467597,337.1620034885872) 5
(456.19857969683085,980.0758684890351) 5
(855.5155553832237,468.09086635842476) 6
(596.0268727725827,591.954053991973) 4
(830.2002830516279,384.0706895267697) 2
(917.5685321365254,192.74419919730457) 3
(466.90474079662295,15.22979778966016) 10
(217.66653275286697,145.35471630725417) 3
(998.0926685909491,438.2122112271499) 4
(556.675491968033,177.07309365946955) 3
(141.13163971440602,7.9857934659273155) 3
(903.7317728433296,687.8405725734747) 8
(214.9819409095044,963.689740134458) 5
(667.0173784713483,776.2403860894384) 5
(485.25989553629614,196.92087454292707) 5
(546.5649321511454,82.09593474837729) 4
(645.9409352119453,638.8281450490734) 10
(386.44214901863126,880.6853986281216) 1
(88.21120621227595,688.1733520850827) 6
(744.7506860341583,423.51152469796904) 2
(690.0634344423305,892.0064863391962) 7
(269.975929382164,152.31189483631903) 9
(686.672283164844,508.7694624232576) 3
(326.3771447624196,491.67010267737345) 1
(434.2250749351847,464.126250423886) 3
(615.3147122295347,542.6572509270214) 3
(120.67587647432643,864.2948868449964) 4
(295.8503837330838,661.977619374378) 5
(128.485023612811,554.5445841673577) 3
(919.6793825330345,506.92630077322656) 8
(19.358927212195344,683.7637690593477) 7
(838.7689879936437,881.2629091682951) 1
(316.2028358102763,734.35500354629) 9
(277.1600474756007,949.190136988172) 4
(903.8827338185155,855.583335876496) 6
(739.5753768128616,883.130371212686) 3
(162.51717920623855,469.42765006145424) 3
(317.71640336922013,937.542684746536) 3
(777.3139542173034,877.9649140463524) 2
(475.00331915381867,613.1682420345829) 1
(805.100885363115,35.37615984617448) 8
(743.5975967873484,94.69435696697859) 6
(814.0534544865849,958.5629716606217) 4
(662.574787671507,936.8073382663625) 7
(999.7445398572482,184.0146737595437) 2
(477.26501325761825,762.9675617115703) 1
(858.7737211960308,362.42352457531535) 5
(243.44207501972915,174.11345783136233) 7
(124.00155337216268,156.8092963605805) 6
(257.81115957763467,997.7578620459984) 8
(982.154433944693,259.7544066728006) 2
(169.65475888250936,281.41663642853655) 6
(775.347163751926,50.28143767988169) 8
(232.70152210996554,206.29846260522444) 3
(508.34052375740134,550.1047189801881) 3
(872.5190140930341,906.2210138601745) 1
(51.97050297686212,402.9132058498568) 7
(22.346046465583356,30.05553864832533) 5
(669.6170042040504,753.8479971442952) 1
(800.5382682487829,85.22673180453833) 8
(619.6249725919672,269.2965185735935) 9
(192.93299639952178,567.9247881999286) 6
(156.11242466425924,572.5771409165827) 10
(188.58927730203933,808.6688161414837) 2
(490.725450133922,886.8732807464731) 3
(820.7854135758074,110.05476502082468) 8
(296.6947092339913,999.9229964347461) 7
(217.21266689516506,834.5660063824704) 8
(434.7127935767848,618.3397518984782) 6
(119.44543156692966,373.67761992181636) 4
(461.5196001251231,851.8874390339039) 3
(640.7973646818261,901.9584856240533) 3
(385.1838126297707,513.2812535658683) 6
(738.2205821123799,427.0287585217949) 5
(851.3113676361146,857.943137775956) 1
(325.7393948007788,804.9589399359638) 10
(805.3292728584031,397.3463810501694) 5
(621.562176499065,665.8564869101963) 2
(570.8406596302298,444.2559181791613) 2
(877.336565752018,27.946562386792493) 5
(883.2808465909927,867.6347157485678) 6
(952.4166199040249,132.70352554950006) 2
(449.50952830551506,651.1835189519151) 10
(536.2702397498705,842.8736281675755) 10
(637.8606094891192,586.2646189583406) 1
(949.2328680158603,807.9593562414908) 5
