1000 1000
10
(0,0)
23 80
450
(892.1140971775109,796.2594682285279) 1
(845.5502609291676,180.92871741913996) 7
(281.8690020146899,325.2545109688182) 1
(32.60547207195841,109.62611975675685) 8
(498.05030866484054,43.94836843362548) 8
(184.66523077055385,85.5585708560348) 5
(318.088371607525,494.45440056403413) 2
(500.4767586554998,10.330689926499659) 10
(339.64006014238504,604.9758048582981) 2
(328.54558446568984,393.8867083673743) 2
(381.09147973155666,125.53315429088141) 8
(619.5820479222676,353.7388767028856) 2
(531.223508393958,657.2921247345082) 6
(220.9082399629031,335.6282636323171) 10
(657.4180784062482,97.77808994960313) 10
(663.0909485092293,968.1703265708759) 7
(614.8826019438245,825.4885717343266) 5
(33.39198257267062,42.219000976309815) 7
(210.80895731244885,834.7799887491573) 8
(82.37539951103412,84.56827977270498) 8
(282.9348300513685,561.8308886820739) 8
(827.3048897981271,678.4516323958557) 2
(624.7816261820254,505.59535955923417) 8
(9.012052942131255,548.8129065251569) 5
(928.3661231216666,995.6914724336224) 6
(61.10795353708443,221.2379530684405) 1
(470.3295595245919,783.275867768578) 7
(767.3166204031511,468.1945383411152) 7
(387.88484572778714,439.0784148824315) 4
(771.7967167892555,211.36599820310053) 5
(711.4509927510662,217.88678335737234) 9
(530.6419640523569,665.0285768108223) 4
(471.73219785213627,389.99387695078013) 2
(55.394765397898006,821.993926957882) 4
(462.49937947556396,224.95649269372743) 8
(224.15825195974037,449.1224849351589) 7
(542.9266292973074,261.3892252666432) 1
(720.934547939001,955.2967933677205) 1
(984.2254074039014,699.0394289495547) 1
(780.1023770383152,768.1229557843519) 1
(879.1666321966733,92.40949016212319) 1
(388.0140625318484,928.148527073285) 6
(538.4748876689164,149.09080474166026) 5
(354.0454399662433,89.5974194854462) 5
(366.31493747344746,795.0592528299177) 2
(790.9836781745175,609.3241389616493) 9
(815.899695297381,137.5835961507802) 9
(656.2792711431832,815.5790217742017) 9
(205.49352797155683,839.5168967285059) 10
(628.9436441509041,834.1152395862314) 8
(452.84892301665013,625.3867374752023) 3
(860.4748044994698,848.7854501193864) 3
(428.54478190566226,22.548041684245845) 9
(167.77939724562097,564.0750259063805) 3
(142.80910149223314,570.5759502369974) 8
(409.79925996757527,101.92105652979645) 10
(251.8625005650468,748.1377281397685) 8
(12.462484421162934,765.3688180119217) 4
(666.2900992723503,221.03837347909393) 7
(298.4063972756928,692.5328981875433) 3
(558.990526276831,571.5209413088146) 1
(740.9381112345552,686.1436639058422) 4
(514.169157982455,168.0256111461158) 1
(692.205104922178,313.1810675197244) 8
(639.8643283250673,339.1933681989872) 9
(186.90648740573636,972.2028454442064) 7
(201.05363313871294,18.32149157244256) 4
(713.7867449091223,175.5783661018351) 8
(940.7160998470322,401.9191646109909) 1
(871.2750106517532,883.4645478513708) 8
(853.7972727806305,129.08186873278882) 3
(697.237976718,262.981153747456) 4
(60.799741490476514,871.7840326380718) 6
(211.69945333467456,751.6208910682072) 6
(771.1260879735494,443.73747871039194) 6
(191.8335250314679,987.3385794943348) 9
(814.9883854177851,980.8475983169672) 2
(246.96947528771463,45.12659313432832) 9
(509.542736534349,128.2021460219458) 2
(114.02757180044165,693.4601800894934) 10
(635.1021615602742,722.1208874608485) 9
(734.5512672677171,326.68373989883037) 9
(141.43403551329646,959.5016127034703) 3
(427.3912103062424,73.57690274948125) 1
(977.1381472514867,239.5563224987872) 10
(801.5647717456472,614.0384296209421) 10
(610.8742277903744,515.7183859588479) 4
(26.73410400484788,509.029471953638) 4
(201.13619074530797,90.15926208863745) 5
(862.0787492699512,393.3219332882663) 5
(281.8397751777684,462.40752437446895) 1
(225.1325627811348,6.427258790244195) 7
(220.71319789113164,150.15729642731378) 7
(244.73568259314015,253.74578658011637) 2
(315.58377596410156,811.907357702631) 8
(289.5407640004615,533.2185753488347) 3
(394.44640800122943,3.1354200846642755) 5
(47.924604873236795,593.1809146982093) 10
(631.1429533843176,25.79482967616853) 5
(131.92173979056955,482.6276583632546) 2
(961.5564017157326,158.69827071470243) 5
(40.64572274926559,983.2237239642401) 7
(1.4433469848444958,311.91916963226384) 5
(166.48008299051696,763.9184117761014) 3
(619.982219806274,726.6254981102007) 6
(355.1478093481606,311.6511696089407) 7
(156.04382658966466,183.82737212012978) 10
(765.753046389263,189.3668840979844) 2
(176.83209070984708,423.68138722308146) 10
(14.497423536408927,955.4226875441201) 7
(273.93398549134105,43.96957145419012) 4
(933.0651805655151,177.83496559355595) 8
(177.05821880566995,345.9285998855126) 1
(473.8094142216261,948.0156321139857) 9
(601.3864342996734,855.4938783904083) 4
(722.6420471336731,260.25672338003216) 5
(171.32542477883194,961.3089524067151) 9
(13.168560510887106,95.96733846257489) 6
(383.07468162301717,214.86083186004845) 4
(31.735668643440462,901.2582537011524) 9
(929.1217673466952,636.5919783873258) 1
(558.0786744763021,555.9607602514178) 5
(318.2899907357016,44.786081932336245) 10
(474.30333844222383,391.25468623740977) 9
(351.162069569937,275.260088260623) 1
(803.8676229244759,190.22202139075716) 7
(189.67779437675836,15.834951335216395) 4
(684.8964173536339,63.939420086000844) 5
(414.4403347054091,162.9412563839977) 7
(189.0367452279268,489.04859884326567) 6
(519.0927514147335,254.2483194157603) 6
(891.9774903026569,822.4971983130839) 3
(409.9900346838412,208.81284496454043) 2
(681.0933669590228,958.4636394389108) 2
(146.2867442707093,187.21611100534062) 6
(35.09976550597316,771.8871199823584) 1
(840.828632924319,951.6257898338347) 1
(237.6528614179878,169.30322931684938) 8
(661.3822480102124,467.4377355566658) 5
(45.223152381649086,364.60472370189467) 6
(109.4710977796589,990.8472568606311) 10
(580.7640369218468,901.643587447741) 6
(325.82736674961944,343.7606276694547) 1
(84.44419260775126,269.7809376563761) 7
(696.2174723058207,49.92424680790286) 3
(229.3280577017519,127.7071071084076) 8
(705.5430502924598,896.4299200842717) 1
(876.9253142001597,307.8132219713513) 5
(886.7497135320294,733.4038706890286) 6
(448.56463625055585,798.990405532355) 4
(522.2378608096344,646.7686897148575) 3
(940.0891222730464,27.353341246415084) 5
(703.4587359601816,120.69663275223019) 2
(776.4072528831688,798.0678284082614) 1
(159.57209470787492,328.51827787316614) 4
(37.39935577621401,666.4162069703327) 5
(523.3487354031442,704.3887957961216) 4
(774.8987224888947,550.4029414250762) 4
(973.6803760559909,391.6409267434938) 6
(28.28367910970364,411.7912699468524) 6
(36.61831906443802,712.8451682702118) 1
(759.4473355819723,8.190534662102067) 1
(128.95529319514742,859.3978046415109) 9
(604.5753656480736,795.1786958819449) 4
(819.2490654876235,359.7366950894397) 6
(154.82213015333045,864.8205005641331) 1
(691.8715118088116,286.51379373368036) 2
(951.8881623350147,373.6395009521324) 10
(288.3006275813117,959.6089310017007) 6
(811.6507267401499,7.263262388460978) 1
(808.0893507164933,968.8461103807738) 4
(485.88679219833284,597.9083340696221) 2
(402.1568475562508,986.5240373161371) 9
(486.9936478033388,472.84965001029843) 3
(277.7936168148526,382.3919293945918) 2
(33.29694309098707,339.73268624289597) 4
(17.588859668040246,364.42126107386844) 3
(372.0701270895872,909.3315668131402) 7
(722.0979537228166,295.8753168955619) 7
(596.9305792008388,421.4876661018385) 1
(462.085002065486,184.9032705479837) 6
(566.6463392555038,212.54136932777678) 6
(568.5339179981614,92.8165981934731) 4
(778.0650496892591,56.72251105545445) 4
(939.2010554145768,766.2839383952495) 4
(547.9970567251492,574.5130497609794) 9
(458.61602674470623,806.0960606632979) 2
(37.791646024154076,288.5553870379259) 3
(967.0803428173202,38.40299472781694) 5
(732.3532005202131,100.16655635651995) 6
(568.7006515034891,593.5305536783854) 4
(993.3385681202307,562.136367811765) 3
(577.8623639855873,619.9614319674583) 10
(983.5217066349667,572.0798839396106) 4
(49.17379572213765,638.4079313518811) 6
(197.85339289133307,962.4248000841303) 2
(573.160259802825,434.3942946824755) 10
(784.9289016218348,93.13785348749815) 10
(818.4636103595575,823.8843454608033) 6
(93.32352349614081,844.3788733992366) 6
(604.7748947202331,103.8326470170734) 7
(235.6862231046545,201.56609298782502) 7
(231.57108710570128,825.0052133998771) 10
(700.2450774207446,651.2338166208389) 7
(316.06601194401765,311.5529754145816) 2
(709.2054912591129,686.9434777598564) 3
(751.1799051810365,260.0875079712511) 6
(545.8016468116392,288.91138260789194) 1
(483.27738685820566,544.2570390114868) 5
(608.5744700098622,173.334549235026) 3
(862.2951139656178,192.56742745903856) 1
(196.09940879661113,125.5465823351517) 6
(166.11182570612448,184.30880511320612) 7
(291.79271012831185,603.380668556483) 4
(36.989270897965994,292.9820432040412) 8
(742.6893133625094,113.00881445528866) 2
(764.5283092566242,440.3546239888773) 2
(570.9964491551273,203.25264193454885) 6
(643.6571681466017,600.4216858177382) 8
(311.3529213722075,563.9728398608313) 10
(648.5134592170607,786.1460725634562) 10
(182.656254223284,982.1932568279709) 3
(679.3594901819879,780.1945966218346) 10
(761.6396200406933,706.8369470856637) 9
(794.3523631050009,170.18605632952378) 8
(329.463410005041,665.049714617427) 10
(136.27531256996096,614.784633231932) 7
(592.5573711809316,206.44372174661774) 10
(832.914726196588,755.6634414356982) 8
(317.2351082013173,999.5091373727273) 6
(928.9159583789498,813.3789270875013) 10
(704.1296755119187,708.1110464516148) 3
(58.75307574672595,504.5194571054705) 1
(470.1439369176984,517.3159252087278) 5
(82.74067668475892,800.895255783288) 1
(457.9206969673029,887.5679683617071) 1
(829.6353783350814,470.81387477740486) 3
(502.97283629305554,402.3574680470392) 2
(562.0431336702976,812.5489059085313) 1
(767.2386948719848,526.0590234714932) 5
(332.603272575522,311.75387064902014) 9
(516.8039167039935,790.5529816438393) 8
(613.6150832796694,646.5326355256342) 7
(733.6095126070179,615.501877139859) 5
(615.2085484439496,37.869060893417796) 9
(23.155973893786985,849.1471860580871) 10
(931.9475810989602,41.00113631249347) 8
(727.9943629986725,835.9699195877917) 3
(640.4757604284025,98.2217401730977) 8
(526.4700628608631,430.735900274535) 7
(248.2262327303425,359.22404257296836) 10
(781.4801257305282,450.0680586768419) 9
(166.34434603364568,595.2687777294394) 8
(572.7898758496493,54.5280309055578) 1
(998.3691326267727,403.4127823536704) 6
(90.89219486050737,836.2498467537678) 6
(74.91234106263556,695.948507365137) 5
(245.86214360640923,910.9893572908637) 2
(113.80465473142098,246.83049555185522) 9
(669.3617036589158,89.86702945892367) 4
(909.7515621078257,385.20836517245783) 1
(255.50868200510612,345.6990797420799) 6
(516.7927154119442,81.36121653919514) 5
(902.5080688043506,960.3399760815922) 3
(60.36328456249185,303.78180676963194) 4
(741.8329434958213,508.1359725857102) 4
(667.2143136103914,403.32707141286403) 3
(502.92825159198827,887.1698850358048) 6
(341.2802871590221,11.65661711028443) 2
(547.786799318158,107.64102983489553) 8
(560.8116211970209,645.7838379549407) 1
(197.82872046610888,288.2044990015259) 1
(106.26462619757471,724.271170527093) 7
(214.64287720350106,508.7843283516449) 7
(714.88956156217,568.209055562918) 5
(389.2957422636126,46.07955935544894) 5
(403.6784313162882,634.7356405095394) 6
(888.0508838960542,656.7148101199356) 7
(537.4136683254634,120.01842903598703) 10
(716.6740320367495,763.2902253832693) 3
(181.51700803844517,336.668246507561) 9
(552.7605309374876,946.0864433778627) 2
(79.50849709437358,905.0011064585543) 9
(749.3947261257456,653.2068401788794) 8
(110.91477970571606,38.142333683996775) 4
(851.4517304303106,15.464707212675455) 4
(653.8207302288814,939.8695468918153) 1
(369.10381582861174,684.4135074392439) 9
(698.1484496797132,607.3721102273013) 5
(365.04927779684493,900.5671467592385) 10
(867.0243697614895,724.3479797406593) 5
(718.7039129925327,373.60001134899966) 4
(128.56095908487853,888.720817761338) 7
(726.8170201929348,980.1119320777843) 9
(231.34106786575924,129.52259039786563) 10
(768.3425411961409,683.4953485930994) 9
(296.96933638371115,141.7611920376204) 8
(137.90276617805918,656.4825605463393) 9
(99.85867623037691,724.8186674205872) 2
(919.0906408415244,239.4063450047377) 7
(988.3858096793874,250.36565722293923) 7
(721.4556351488227,191.09088045537993) 6
(28.09935954715248,381.83141405870526) 1
(352.3682094711186,304.41865359585887) 5
(857.9067400573299,899.5984761081681) 9
(561.0730384182599,986.5357218520527) 5
(508.4704633180226,907.6517544953102) 6
(952.449073668758,109.548522610327) 1
(351.29284729516974,675.3376938979258) 10
(127.25222481243725,525.9281906477509) 4
(893.0313165125443,642.2681031929014) 10
(536.3149824421622,952.604400272448) 2
(423.222102229898,580.2622369160775) 10
(746.562427893207,804.5187028156126) 8
(831.653881081437,430.5970403480915) 3
(198.1783436946749,942.5945260399253) 2
(479.0937431639429,341.78735527613503) 5
(903.2669725496219,401.8817900604983) 1
(316.0404700134167,355.7334780434126) 4
(177.14224863953808,932.5856588104594) 10
(873.1231785197416,389.30350765047115) 2
(932.3214553243517,804.3005167669763) 7
(129.29040304879757,373.23475667896713) 8
(790.8618266415632,902.5045132412648) 6
(585.275925054443,349.4728118014303) 6
(80.6498299949362,322.8138878037605) 7
(844.7359685774702,350.23771945302394) 9
(93.50772196795498,473.42717817120206) 7
(775.2709438573223,243.2184142505627) 2
(204.38511159257678,770.5858050822585) 2
(400.2546224184928,801.6418890128716) 3
(331.17807290957336,304.6014640725634) 4
(595.4626394253444,280.82018119855934) 10
(637.9447902764757,536.9110727837929) 5
(611.9187767872766,62.84583292230428) 3
(665.3443041134955,753.9994670758846) 8
(858.3562125740351,964.1835471486379) 1
(278.32618444983126,872.7738235933101) 9
(475.497789828589,21.360024976152637) 10
(553.0207084126998,861.0514746182799) 5
(849.4346589425396,882.749255943247) 7
(161.4940096123405,905.3730681809989) 5
(542.9109544509786,643.808424064402) 9
(749.7345849933513,863.0480742802814) 9
(343.01454543178,323.33342389166717) 2
(735.1114665035946,371.4976108409911) 5
(319.2552626198038,816.8587546190267) 4
(302.94466006236706,57.50945676688368) 6
(760.1271224955605,601.4159369198671) 4
(674.5946032339484,386.9821095496576) 3
(952.7549140474779,680.5570958371102) 9
(193.50220976292866,668.8652351266703) 7
(255.49470357212044,198.6886374309067) 3
(998.658041587611,806.6217003456755) 10
(721.9827882844876,467.3552355780173) 4
(191.39393416842887,494.1206094432162) 1
(348.6227738749189,619.2999045564992) 8
(46.20444165498061,952.2011029308103) 1
(737.8580522647167,692.364030801599) 8
(583.8699503743295,164.6680464638689) 8
(686.455604380086,780.1187116107039) 1
(293.3774574749044,142.32556269943476) 4
(837.4936152450858,61.89362796951248) 10
(259.56714327231043,24.43829141677689) 1
(699.8948641759055,69.43692098219833) 5
(838.7888510448948,157.81495082204978) 6
(314.87934167974964,93.14419635739657) 1
(219.19276463762748,847.4551782732609) 7
(935.1051367554119,710.0703711202437) 1
(67.79137179318795,118.23800348334501) 4
(913.1743646563829,475.8386813982629) 9
(26.70735842009031,950.0913981805743) 1
(522.5710766293763,302.9364989211295) 7
(55.32600044253577,330.4500864600396) 3
(340.8463070059308,387.0549573160093) 7
(274.0289237144772,491.36550038452276) 7
(988.9129326670264,651.3109710996832) 1
(527.8825002956027,131.75865383133268) 10
(388.6681672062232,207.1006229066803) 5
(300.58861085565877,451.7446307164623) 9
(953.0793989078999,430.3771306273315) 2
(244.59628503831422,188.2535540514718) 7
(143.68551241991347,513.9750414687517) 4
(624.097556237191,201.3636776055867) 3
(895.4135820505594,979.5529223221918) 6
(959.7235610730305,683.524149319633) 4
(858.2111922532434,364.16334767340584) 7
(222.01568305320586,425.635394945737) 2
(417.3763859818299,158.36563083172905) 8
(899.7140952836012,38.13812060286315) 1
(958.5639258838135,697.2157577453394) 3
(433.33284702213246,999.1377562395728) 6
(231.13856213689465,342.48240054434564) 10
(777.9619014794139,855.1954402889479) 5
(350.7248545506209,301.08594786450385) 8
(964.2118954510419,671.6613065548382) 8
(155.59643625417596,417.32234459712834) 4
(409.1811685217487,560.1891185515186) 3
(59.756453409045896,273.45424584284984) 7
(471.7077355770195,36.164386216445685) 8
(940.6847400392546,249.88642493444425) 10
(206.33264151335305,149.3114340980305) 5
(122.56741887996236,521.8576155072833) 6
(417.8275616733674,228.24511252975165) 5
(365.71545610783807,430.1398366833352) 5
(672.4432101283211,223.4778924245049) 7
(224.99193571332387,645.5793306523677) 7
(361.04802119890365,381.2750124572029) 2
(232.3027671677641,625.2745328709217) 10
(404.96912513289084,18.59323583280881) 6
(752.0046030298561,267.962150930937) 1
(818.3620594216163,765.0010487775179) 3
(802.209935862072,973.7230706775189) 10
(266.65234422357673,160.72264823854243) 1
(167.48216875711952,572.098285063099) 7
(895.2164729301413,411.2520260024305) 10
(309.4785227583903,578.6366119243543) 3
(286.7644854237704,648.858129410928) 4
(409.26721914604593,46.58246338706684) 9
(431.5821040957234,875.4416252966148) 7
(322.6149022357636,590.7511769116566) 5
(896.0460785461056,633.255402722108) 7
(92.62081958859957,866.5640635544534) 1
(602.0519888815314,398.6046506696551) 5
(644.665517195751,652.5040304853482) 8
(997.9582025635908,937.5173039251929) 1
(262.39932234606044,783.2553173974604) 10
(292.2983557390481,377.2328305890943) 9
(932.1627213748321,553.2758689166066) 10
(672.840532299662,768.1366153699236) 9
(679.9928022725859,840.3315878739382) 2
(502.8149069126975,653.2265228788884) 7
(892.3428004472914,213.98378207010148) 2
(974.5170965893138,224.1855059569614) 4
(0.6588360601185173,793.3141152415359) 8
(1.4766721589908327,861.9871614156565) 7
(478.6499649069648,509.8330321474437) 4
(871.2354036433117,325.19800536358343) 1
(153.91479714431745,991.9018831892259) 1
(76.72345009880044,52.71327206101339) 9
(110.81099611606892,225.4704469605735) 6
(781.3438250276836,502.89096410792143) 9
(625.8534865682961,574.9399448490957) 9
(985.2728427255099,659.6632487517442) 10
(807.3661778184322,273.3622228838171) 10
(635.0917792804626,204.95614255049244) 9
(140.45340373456773,477.2185239911899) 1
(297.63325270583306,957.3570072533902) 10
(926.2234622066874,545.0996256818447) 10
(130.2664720972241,532.455284734015) 10
