1000 1000
10
(0,0)
23 80
450
(512.1425043172073,433.1719230400364) 3
(273.83793009496907,864.4550874523569) 2
(248.84854244211795,799.1680630585512) 4
(533.8067266682848,96.88125774173328) 4
(702.5753535811315,613.287112137826) 9
(331.7622035403247,723.9237293654688) 7
(607.5901992505385,844.6046934799168) 1
(30.972699121812997,133.46848113976984) 2
(894.4548977288875,993.0757297815364) 2
(415.0611852679179,773.8534093171207) 3
(656.1324242524834,430.4325880456167) 3
(688.5603059397355,869.9322321406974) 6
(224.32442309774703,700.5723909251693) 3
(779.6826097899445,128.24903823124868) 9
(459.8862521913478,422.5652073376896) 2
(379.18296451829315,617.8490986945338) 4
(786.0286687900025,232.4847979805582) 1
(614.8268043590264,789.4167040335446) 3
(972.6326087401645,539.0118282042764) 8
(198.19112798800165,493.54878471533357) 10
(617.2796661263474,446.3386988308332) 5
(566.2513053072006,141.087125612413) 10
(848.6152806070468,400.7084391042298) 8
(120.55761959408318,994.6202275661356) 6
(936.0668935326376,605.1664338794432) 5
(430.31797411368433,445.20718335725127) 7
(795.000848625784,777.9699676843505) 9
(828.0394984803261,869.9348158491226) 5
(486.40550731290864,358.9388876799271) 1
(471.0620677745986,340.7557501313003) 5
(787.4184960466391,326.3923960558851) 6
(468.50235785483784,457.439221099121) 9
(551.6861938521001,562.8328883070764) 5
(61.14285364672967,956.0986521622784) 8
(443.4161385025759,389.58245949872895) 8
(124.97454479257641,692.9919380105372) 4
(880.0464780304437,760.2485610005683) 6
(560.8321294505475,854.6837783684772) 1
(85.96759646612672,836.8733365223322) 9
(409.6204718757506,692.049556440793) 1
(865.3410908597324,563.730018521075) 3
(480.62940519370187,346.3991994478737) 9
(344.76827637972593,430.6567763959115) 9
(727.1782361044466,111.3391136141575) 8
(91.39013778276961,611.5382725308502) 10
(811.5439199845819,233.57191382558017) 2
(796.0978255482505,749.1075988654633) 2
(934.7729061328574,132.85080050960474) 2
(422.1958511683194,221.908631956933) 4
(203.51319314664528,305.337119302713) 4
(819.8686602325637,540.3537782952113) 1
(203.864765222881,159.97165192912277) 10
(883.3058023396122,374.18229242784764) 7
(363.12946630038243,778.1053492986359) 6
(71.97529557826643,5.064750885891756) 5
(460.3506791098002,921.0507840420249) 7
(2.7907171186921653,734.5043694559627) 7
(267.2383833913951,626.5388144640793) 2
(15.844632978121776,956.7769586872699) 4
(627.3980536562628,84.48919209663441) 6
(596.5649736886356,98.04406926997267) 7
(9.431710770802404,272.5631603941919) 10
(451.3754645010344,694.4030210186703) 5
(196.24501797364601,934.8469135547739) 7
(297.73411211121123,654.8297107898949) 8
(783.0176550103677,397.4680343616762) 2
(50.536298997128085,620.9716792594957) 9
(97.49896472769836,378.70535603827796) 8
(112.26068343594908,514.6647855931645) 4
(699.1881962833319,643.1034010825549) 5
(160.74364691145925,399.31249575070757) 6
(164.08640480425186,130.85230920323843) 4
(796.4626806735123,518.6679817215773) 4
(186.0276742628697,10.043648615752465) 5
(255.3229898969587,566.3486824859398) 8
(976.5677999029722,279.4732197430394) 1
(729.6488155628566,276.8394904281116) 6
(583.5336507934527,397.25327334442704) 7
(22.170236759654017,236.8071170882593) 8
(811.6804756741227,558.7382193392592) 7
(283.30795100593053,734.5307363487902) 1
(688.521642206293,921.408373564441) 2
(324.48622382639024,590.3414293239176) 4
(625.7594764108494,137.11601508533423) 7
(397.8333847449306,58.51216063398701) 7
(434.89879590020485,455.8401763344926) 5
(433.4187569568566,689.5480407617048) 5
(96.31880686824701,992.0159209050873) 7
(992.2412918594614,250.37595170124405) 5
(958.3631839544945,673.7057160467069) 10
(458.87535216789297,367.2574936335805) 8
(107.39484423266366,179.22771410106674) 9
(301.9068778865831,311.9779479913579) 4
(716.4502819460606,801.9100975851752) 9
(943.6301719399783,304.8856111903354) 6
(551.5266665053208,383.63989696067927) 4
(716.6801831468119,778.7966469989262) 1
(55.22096320087755,309.06685277334265) 5
(115.54319129923418,340.06387380052337) 10
(224.3820224707146,293.62785325023924) 2
(304.15236149050605,374.91604759912724) 4
(441.9958981633866,23.95895914772883) 9
(402.6586197306831,241.91370204301333) 9
(44.71372544051411,985.8596971475014) 5
(163.54257470625467,372.0143888717803) 5
(722.9864142517035,762.4950138702858) 7
(514.4062584264499,556.6389376434549) 6
(851.7466727837592,734.2748065984005) 4
(340.12126833746527,589.9523803052882) 9
(762.8060635269856,480.1813956284308) 8
(309.3758362642022,119.67903428215132) 10
(515.318473528614,888.60726318296) 8
(217.2074176238591,881.2213293121374) 7
(434.2710310108047,92.01626860680845) 10
(41.36127804313949,405.73673717370974) 8
(497.92020556757353,832.5193149267658) 1
(187.48458049548577,440.5148352583831) 3
(648.1050622591312,910.6230573413629) 7
(950.1731201922714,386.4896998514777) 1
(608.1350677397268,728.1325489169947) 8
(725.1437783804176,942.8981654059671) 8
(206.9246435474451,707.4640110976911) 2
(663.8217589204935,960.7280597776873) 10
(188.56407197852866,759.2608119159846) 2
(668.9438647474882,903.627815472215) 1
(866.547095475067,45.52398949556735) 4
(426.65028758101244,843.0296443861139) 10
(493.71401580860805,37.851687458002715) 7
(201.3890552386205,920.4049254612657) 3
(841.4686506218023,726.7483297877072) 6
(582.2713781825104,145.4604935722077) 10
(146.42242348883937,302.28455450756985) 6
(111.14783172543596,752.644992492381) 9
(37.25592241448694,252.23099803516112) 1
(67.5557993761674,775.3054439341178) 7
(221.92426925816645,556.3887318966399) 9
(293.0276223835977,362.9408514927731) 10
(13.522244967110296,480.3435959553033) 3
(326.4867013530017,94.7356962977236) 9
(950.2850305165447,679.2592048267628) 5
(857.7550942859145,994.7097446547222) 4
(955.3599239177927,800.3540151204303) 3
(65.0756171500667,955.0420730544131) 5
(2.874213198183595,17.438912270441143) 3
(95.34525123872461,72.73827736218286) 8
(791.3231411941962,215.47986475592396) 7
(505.873816316749,730.4805667549766) 7
(677.5625791175203,546.0569909763134) 9
(659.8614204404032,549.8197331242686) 2
(578.5233606910557,893.8517768038523) 4
(490.82372437134313,678.5493277319994) 6
(916.5447504284982,466.3460622843508) 6
(100.27332231869191,758.4538045594852) 6
(263.95323293022756,25.021209123706313) 4
(891.4850682904125,201.27958460002793) 4
(690.5106162252478,412.31640751121455) 8
(437.97150673541876,538.7709817198986) 8
(288.04287366175754,442.193179437008) 3
(972.6183994047054,320.5151462416883) 2
(158.67358010132648,14.365645223564538) 7
(788.8606639386447,949.4276243345532) 1
(942.9162513315623,343.31059548058164) 10
(986.1449863946699,121.37032531368352) 9
(672.3203185492637,998.3595026092631) 5
(136.26943379777944,359.82975656988623) 6
(111.27957041314795,146.29979654631086) 4
(417.5773373530275,933.1441171882279) 3
(520.8110657922841,20.631920569138096) 9
(923.850000118282,586.0022939319433) 5
(835.637975315807,213.44974351432134) 4
(980.739852085867,595.7593820873782) 4
(236.10760996256874,956.4535149361147) 3
(468.1131292550985,57.63602241777943) 9
(840.3871407941571,103.7887294158385) 9
(734.6416783149643,499.7665799157089) 6
(872.5760848129634,771.2220911580791) 2
(51.1067922293863,526.7972291526102) 10
(782.0672972731112,968.6226046877641) 2
(500.399558647898,396.966404820576) 3
(980.8231155344105,931.2112199008651) 4
(208.13134154483393,424.30666417745067) 9
(662.7191129871087,198.6252219300505) 3
(181.7055501829331,641.5936103817993) 10
(670.6276160620431,560.6288786147002) 10
(594.5653294108516,576.1407766102383) 7
(867.3073540918408,771.6956352304165) 9
(202.71631254926902,378.2705331078289) 10
(221.57958385583242,330.99849054772113) 7
(563.2876677257999,599.8962783109017) 8
(726.3361451945296,216.13211175707326) 1
(697.8499571861773,123.67706579241889) 2
(505.6923182835522,205.31411342061668) 9
(92.15190235200998,515.4904837304083) 5
(116.12463394012651,323.1653684296594) 2
(223.06698794850598,398.52925160167996) 9
(986.5848155445159,850.0371917301703) 10
(287.73834147893683,594.8029669965508) 3
(262.064841330097,424.24463280592596) 2
(219.71659336133342,157.19391924394998) 8
(537.5765926296979,569.4338720926976) 10
(52.40033576911607,752.1940078958994) 2
(905.814592845293,456.70277285624104) 2
(958.9779634817959,466.3560714826891) 2
(231.65248199044308,602.0278585058934) 6
(265.48060138549334,361.5451237358573) 5
(832.260990638687,77.22962465700456) 3
(306.07347654392333,896.5809065539066) 3
(537.2391349975867,973.5701078923595) 2
(804.696835997703,283.12477538172584) 7
(579.7123739778006,342.5374202625705) 1
(766.7192477082227,646.6646512856339) 1
(730.0912934883476,740.9347230461595) 10
(837.2969159135125,602.9485487537767) 4
(783.9715875303722,234.43921771858422) 7
(11.755353327095763,667.8126007203696) 4
(108.69416877758509,796.8648869807982) 3
(425.2845630780683,223.97357628625426) 8
(433.6902963355108,838.1864878589261) 3
(664.791702048263,371.0041497839766) 2
(801.5557204115164,602.744198918658) 10
(389.62923029462246,51.98898356825998) 1
(151.6670310352385,881.3025040473827) 2
(87.2746304146127,424.5573196868454) 2
(150.05309931466493,710.158020970347) 2
(539.7342067465582,467.86063943588886) 3
(865.560646361745,340.1210497772237) 6
(968.3579680274925,582.0167520441067) 7
(260.4066839126342,769.4969627947212) 8
(491.2127476865383,961.093365513101) 10
(435.4072597339963,793.8222336192566) 2
(934.3371502011478,495.91264078523034) 1
(344.87202249203784,120.49499447611889) 1
(292.41161716817334,288.9149350349953) 4
(27.557313591603737,717.4458923609138) 1
(642.3753562334556,772.4582646088109) 10
(339.10443658599223,435.41546441967296) 2
(338.3532610991248,723.6972872300671) 2
(748.5753284287584,228.06320368336785) 4
(168.7574239909423,256.4175046954955) 1
(597.7027121147105,796.5815780886427) 3
(168.08884777539157,916.6079805389988) 3
(792.2616121219183,818.9211913816142) 5
(984.3279091663638,722.8426524374376) 2
(164.27792000033713,562.3943745275509) 2
(305.5822055194214,779.6138596780457) 3
(315.01607482763393,172.30096490129554) 9
(395.83167356230354,323.18380694750795) 5
(1.5689868590837985,603.3253769744247) 7
(913.4235141172707,409.97549258613753) 3
(34.470182385294756,673.5086742008643) 8
(597.4785341199695,686.1395318897997) 6
(83.83644271709501,661.6623172242697) 8
(870.2443752381776,729.6593552435783) 10
(26.71948325283968,730.3979282151486) 2
(920.6317102490075,47.05433209022814) 3
(291.99310681406996,798.7290485883454) 1
(639.509722603019,532.6126378038723) 8
(2.8822863825692657,419.4774426452492) 10
(342.4937920653818,549.7610488912461) 2
(397.50425330115314,518.9545194606569) 8
(373.1229425502154,531.434461039465) 4
(813.6436228945456,51.51828244175427) 3
(431.5554569072122,202.33410981946454) 8
(142.3228660966529,498.83728226492786) 8
(341.3449568954642,92.92785825628502) 6
(941.6965648220507,824.9667023861244) 3
(659.3184331655876,138.71251757974358) 2
(756.2546002883747,849.6860860832452) 3
(108.08441665484858,458.38322748856984) 4
(995.8226264367983,871.9306343546517) 8
(13.80333627985253,937.3073783094412) 7
(421.91912948570945,536.9320785229014) 9
(953.0213105422667,298.1309475816053) 5
(32.600971135885004,265.3602321948173) 4
(870.8708295713137,601.1621684862271) 1
(898.1929119143126,572.1799326960141) 5
(371.7012674325566,886.0339643145944) 1
(641.4404012670823,268.3056317400527) 8
(118.62689049296904,943.3509701787673) 9
(222.98364188321983,146.59139658983344) 4
(518.7111128186475,485.5191738819301) 4
(225.04321333035705,212.09366317298895) 10
(344.4312251862028,787.3522511013058) 10
(127.51296787348332,446.51629593631816) 8
(853.0429905933782,964.8998417121695) 10
(294.5255714662668,281.12811699708794) 1
(11.515958766735945,215.8753925128828) 10
(15.716738691778144,859.5639656555985) 6
(518.4905969723505,134.95939848651784) 5
(402.1307053295531,161.8593835922517) 10
(962.2492494170419,597.8568847892875) 7
(294.87404191941204,892.3245069567887) 9
(535.830277105155,774.174728458677) 4
(519.8018242945116,66.31193106440425) 9
(447.014454633489,376.7647822394211) 3
(189.1300775896394,105.4303626257207) 6
(286.2031712144131,935.0155320027914) 4
(906.9237536897078,309.7336432409339) 9
(116.46742538689236,882.6976698084866) 8
(475.86839570622766,588.8909681289292) 7
(213.1184316346101,793.6103814387196) 4
(124.7717658214279,918.6193572045983) 8
(841.5874039076624,564.5087378423295) 5
(779.0864479466011,448.9616990992932) 8
(106.64559872028323,186.42964864736277) 5
(762.4962400911779,188.50471502157052) 8
(301.87684606905,327.3827401972433) 4
(373.7775828851255,30.437818226358605) 8
(989.0357759450229,103.98870937054761) 3
(580.0718772712364,279.97167054058457) 3
(580.3674823362574,870.3253865803006) 2
(423.7850206905871,288.51234931865855) 3
(397.30900825540164,385.3253503208196) 8
(178.66116989141568,256.86141288453376) 1
(498.3247519630598,675.5874682977372) 6
(35.15478232203273,647.1730305197633) 3
(21.66857804798761,224.64886980527444) 4
(843.0553266955454,721.7468497790364) 6
(847.3637648529449,600.9547673663934) 8
(745.7584758661869,720.4109970961666) 7
(770.8665201640576,404.0446976570371) 6
(307.61026068762453,290.8202574623657) 2
(557.728383860676,360.3726382642596) 7
(574.208498619419,538.6159896594803) 6
(499.6314270605168,527.8298971063817) 6
(865.6659770238656,852.0485419615162) 7
(422.4148753394928,783.7718919045069) 8
(733.9141146023073,608.8580652308558) 2
(370.8176716923105,396.99545892886744) 1
(231.42926242647155,469.8203514928322) 10
(825.6875153367713,240.1688970049771) 7
(197.98721678098275,39.64448038772306) 7
(579.5870547028978,989.0502824322698) 3
(191.15173714959312,996.7228067077947) 2
(585.5367611110763,262.4975138455021) 6
(307.49325256787563,265.7125717796337) 4
(485.40509652877086,472.3014587325256) 6
(345.4213056199453,171.93148932650982) 9
(999.3491751924993,530.3059818140433) 9
(210.78810701186435,531.8228367859647) 6
(224.18925119473442,266.448132774337) 5
(799.8156609662358,260.2463996654334) 10
(489.5760230430399,964.1160996120337) 7
(386.6292066976977,604.4387305088219) 10
(605.2842731117485,604.5704134557291) 4
(9.745699653033402,90.12232265679387) 1
(417.6012898015313,167.7966904722149) 5
(157.3534097699839,601.4902469111978) 5
(992.8394746443313,965.5685795650459) 6
(900.0378587144786,950.9829549536348) 6
(877.7958209468325,253.15761485782218) 2
(106.75878078565503,411.5843169028808) 6
(372.96267815378184,309.38109411626647) 3
(485.8633247978917,652.2141418545701) 2
(886.9433291657141,342.66453748596916) 3
(222.10368704738482,294.3731173442854) 7
(74.60256280714594,869.7236618103915) 4
(687.9780273183138,988.5600535616813) 3
(868.5683705990127,586.7352675250218) 9
(693.198543468955,734.2037634600764) 7
(834.2025625778859,841.7926757128095) 5
(36.572316435840804,554.1335210565628) 7
(404.358539604709,849.6925930122867) 7
(233.87914305410584,788.0868793094062) 5
(450.4877222985644,101.30413639063818) 3
(79.51353286159613,372.1628892353571) 8
(514.9742387693899,922.3377129112417) 9
(8.17595587689912,797.4347549439401) 3
(697.4888156969718,451.9645947222004) 7
(198.20871962274234,626.3220397964484) 4
(521.9510344084619,922.7339538046889) 1
(771.7475066650877,586.1788724621318) 3
(358.8044333406805,220.06019116908715) 4
(155.75372577869052,530.4489176413899) 6
(71.0210774318546,860.5404414634754) 4
(716.7804014155756,87.90160974829331) 5
(896.844893871509,302.12638781299603) 8
(268.35370161086524,422.7262416914804) 7
(7.532350302530189,711.8061039561254) 1
(152.4777003835106,806.779782506531) 6
(952.8165891112596,869.9316376468743) 4
(652.475319305073,219.69589003547597) 3
(435.34161490359105,726.4108302363437) 1
(740.8772323578631,559.3658036266806) 3
(182.4623665598144,364.5259581302982) 3
(72.89996308758018,315.35606051043595) 2
(535.4379431979386,157.73514399683742) 7
(760.3870952002154,115.78062854347937) 2
(861.480663824432,529.3752129239448) 9
(540.7899318029855,739.9331561310108) 1
(685.4910699118103,495.8206868687972) 9
(136.2416607224385,853.405154837779) 2
(99.52935718670474,343.1556418561463) 7
(749.1785082340936,2.5296908743140945) 4
(212.80754375257516,854.1483228017981) 3
(744.742572808836,10.80257295133158) 8
(911.8543716671198,576.0568930356102) 5
(967.5742689867946,31.510854674203227) 7
(46.46433869570154,427.4192674706654) 4
(450.8959869124207,578.7580279508102) 5
(997.9108918310701,12.691909446031602) 6
(600.496263238967,499.9367215351883) 5
(654.8828311227163,764.9529672191763) 3
(625.6909048837842,890.9571712317569) 6
(968.1681087905512,262.5711288894008) 1
(199.7398999443787,845.1050830495856) 4
(370.7024388036324,273.21947716161657) 9
(212.50591442209176,448.14063834876396) 8
(480.98323449992364,229.40349702599894) 2
(399.0246967518093,529.6239799253407) 5
(789.0199142171904,669.6913713975854) 4
(962.2768112270452,572.880219703561) 4
(51.44140741097514,343.962163550525) 2
(634.4114932646662,466.24940368416065) 2
(822.2965161300999,222.58161319570746) 3
(634.4432878478477,344.1701979172276) 8
(729.4569936375535,444.08691415935806) 7
(608.2711426616636,93.55493188306885) 9
(787.9236511878512,128.1933336109189) 4
(723.6662345495487,518.9345786570566) 6
(774.5047488391851,83.95580501149536) 8
(747.2144685735285,504.97784006769785) 8
(854.338417853229,503.3931889851635) 8
(417.6423521417794,631.360307219909) 4
(301.1724335653426,845.9440356463531) 1
(925.1596356713245,262.6304450254978) 3
(790.7564424265976,399.39218390527554) 3
(339.8532676808165,922.1097679621259) 3
(203.56083298953564,143.95811946424763) 5
(914.6132312988392,353.2282280442278) 1
(535.1532233170168,908.8293740845994) 1
(554.4670890111037,743.1468592462346) 9
(986.5622467218999,75.35764193843487) 4
(311.2890456934403,267.7749105959479) 9
(328.92484770782613,624.699140869917) 8
(744.0021353910954,114.0719393631211) 4
(28.426279511210574,714.1239147056496) 7
(434.80066717925445,720.0245326806199) 2
(620.699406797463,233.5042495962105) 6
(614.1957039523627,755.9946108829866) 9
(235.7219545868262,578.861595021558) 3
(749.5195719268731,324.6854475559467) 9
(328.9836394119061,55.89748887253032) 10
(446.26387568112403,897.1453426040397) 3
(896.2213641669572,385.25654352734705) 9
(78.40270510889458,526.7761781845127) 6
(32.2075561308619,444.5815177347577) 9
(194.29052770044407,109.77382485537512) 8
(864.2824012845942,541.3747160713217) 10
(596.8054956080878,730.7070343502046) 8
