1000 1000
10
(0,0)
23 80
450
(587.9087309076389,407.04767175395716) 5
(790.7061941712764,317.99549575541516) 3
(219.74918268915044,147.40243071088267) 8
(755.477070551631,719.878066420236) 3
(445.7020378204982,282.45025125553383) 5
(830.3276244640542,50.578365288059814) 6
(561.2118607543177,30.166251746263416) 9
(474.6176246755783,937.0945923152085) 2
(421.23452806501115,805.054159425471) 6
(516.4351861979922,885.4666734772248) 6
(282.5279483859594,596.0823287290963) 8
(553.5418477204115,565.8098700273065) 2
(85.08531687402122,365.5435817856268) 3
(862.9969875650559,117.35528706126819) 10
(160.03015598471683,789.4904094629169) 8
(862.4035419076753,553.8183104984628) 7
(864.4852422719802,21.575441208123603) 7
(158.96900625284948,303.23016198316566) 10
(62.71965977286076,776.3958492979175) 4
(133.2829167284135,974.98883489355) 9
(951.0200784697023,34.30128389258768) 2
(709.6214790750429,246.5179241659341) 2
(944.1755278254301,638.5505078955947) 1
(156.20814628275104,324.50552494461937) 5
(634.8240424609359,155.84918707097862) 7
(150.6757948113696,419.1235645291541) 4
(612.4732341702496,429.87857603395383) 8
(380.4482469964595,10.750798739856847) 7
(836.5412504977395,993.1800600616189) 7
(181.38833032315992,365.0769662769453) 8
(874.8855009866221,894.3064066604281) 8
(501.06838161585375,774.1230912846834) 1
(209.49787233656903,771.8922804870318) 3
(429.0126970571818,250.98053611756333) 5
(508.5901509286662,899.3528030782433) 8
(836.2566608919126,73.8534207613124) 10
(522.5986720170077,291.0068479018015) 9
(515.9277123674068,316.92819294404495) 4
(481.2005927887958,469.7731946960547) 6
(204.2953972920243,944.2440373873951) 6
(405.0509896535818,299.8803843371174) 6
(765.1996841691963,186.70591406164294) 10
(857.0823441311334,709.6288088196208) 3
(188.83375230478373,225.87047391345095) 3
(181.9149109383542,375.647089926016) 2
(578.3659670057896,883.9835935028483) 9
(177.59043495831727,943.6474540395798) 8
(65.57947740286485,994.7145951200741) 4
(12.671122042580585,66.06973749129286) 1
(648.575505767611,562.5827073489663) 2
(146.7459938463952,204.96453699366378) 1
(75.20548439099106,894.9642354862801) 6
(899.6727520764558,554.899420981327) 8
(199.8522808636788,854.1331030558619) 1
(270.9563729738413,467.51494139058525) 2
(282.01153676145054,491.1022246537935) 4
(940.3477906651575,839.8133449268739) 7
(216.05129284622217,688.0136667321761) 6
(717.1118141847828,93.34886937044872) 4
(174.23040103581877,557.0146199626806) 4
(122.32210492645778,470.84365126980765) 4
(917.6375616042523,140.92266531374221) 3
(202.9530702857233,345.3680254634671) 2
(777.8718129200488,837.9250081375911) 10
(499.2726020872863,435.50351960081855) 2
(469.6795226021578,879.280356382967) 9
(691.8941916247677,222.9349934856325) 3
(166.99920727244665,523.3417994065165) 1
(489.24464132325164,699.176883817572) 10
(340.6203652804678,391.0669341119545) 7
(184.01512543580657,818.0698924218135) 10
(0.08261916407070746,756.3067135289299) 5
(587.7145542314057,18.984475166234247) 6
(342.9194135282814,912.9842082618667) 7
(222.6154113882649,656.8719863230639) 8
(177.72596157312114,248.39798535840197) 4
(391.388881078086,260.0118267028095) 8
(410.03291494424275,100.80425574029638) 7
(365.386800416606,794.4558963868802) 5
(244.33439807047876,151.56782484684427) 9
(979.9711669048625,875.5641779050641) 3
(67.71376486115477,690.697322119213) 10
(682.3505777887801,607.9658393268519) 7
(318.8140803540118,925.1959734349892) 10
(609.4340695308994,330.7786880573633) 6
(67.22206797306607,841.0757287263161) 6
(25.693293048519195,132.02339444503298) 6
(967.5915623484408,273.72145376298596) 8
(924.4289426040359,460.146525589167) 2
(354.0494149471852,697.3316259469891) 3
(996.1739772386206,883.6094955884668) 5
(506.30198703193764,645.479195090762) 9
(892.5647333733764,544.02463642879) 10
(236.71510233715543,942.6926316416354) 10
(800.1313994327219,231.08117715210363) 3
(40.90280949774594,496.0153222060274) 2
(884.046717895545,561.8465927887994) 9
(699.7038966051523,678.9858527693204) 7
(94.50684888515104,847.5055329863352) 3
(163.79112129131613,736.6962423750679) 6
(358.9031107291432,967.0909291998341) 6
(864.3747431760481,807.7570498007531) 4
(413.9466970418847,478.2328718126263) 10
(991.9123735808812,380.4497771898876) 8
(971.050079014796,282.91249322248757) 10
(46.122917828753884,469.5231633397979) 9
(717.6151021257017,726.4598577970362) 2
(568.5871018283846,290.0407928966495) 8
(945.6923778345845,916.7499425758313) 5
(384.53388898559024,257.3062288267652) 4
(819.8836020377651,759.283545247298) 5
(336.91382003634175,451.1357835448396) 7
(927.4149384703651,578.9926140680086) 7
(779.0972100538761,565.2226726807822) 2
(593.4827950822438,407.93992804245937) 5
(501.2220778918871,658.1889758499467) 4
(45.24822959548425,759.647318404921) 5
(682.6005850847304,854.6474298408466) 6
(92.60370328702282,970.4684595555851) 9
(188.37260369358145,663.1853313666074) 10
(503.9101761210675,89.61271139982385) 10
(635.8389827117919,919.3755690026668) 7
(902.8017024496602,425.20160665292207) 2
(494.8474879439631,587.5090064061584) 4
(248.10697474784538,457.4203920120683) 8
(7.551781670687707,558.8585104950602) 2
(150.21170587272525,917.1125312252374) 6
(760.0100297790605,856.4561811042671) 3
(943.8598500840856,695.2528177900081) 3
(807.8998616685535,228.72415966873515) 5
(699.409908212706,599.7029053261417) 10
(396.86026754820904,983.9316506115036) 5
(465.0991744317795,478.19773088677965) 1
(439.6890582523748,435.5082843588094) 4
(826.8397202462397,242.14270062428722) 7
(354.044983131477,341.64969610538344) 10
(358.66298553095663,847.0874923691083) 4
(510.42124024327404,123.7537250965749) 2
(201.7256861482871,570.1249033383924) 5
(224.44103966740536,231.3702959132955) 3
(617.8013218678484,5.4628076392264635) 2
(78.42601843968922,547.104999686567) 7
(63.99699775953272,101.35681937608776) 4
(664.4905049173778,898.470866565269) 3
(186.18172292997204,987.0149890701274) 5
(403.38550118146077,688.8131372869179) 2
(801.8423037357818,202.97717694775952) 5
(419.07667573623274,318.59235720849654) 9
(547.3528375527435,342.7944497944252) 8
(100.64499801481286,408.08268866067067) 9
(419.70522481476434,435.22484915862793) 9
(61.409034703194585,188.89605006615685) 10
(298.61304281347924,601.0463208569555) 7
(210.35850427217505,178.20174592794092) 5
(586.6837473650527,798.171098989318) 7
(75.10493229784943,278.5010761500287) 2
(494.8167963997081,868.447705556716) 3
(966.03693507379,630.2648634525333) 6
(302.310198795652,318.944711224776) 3
(849.4351200500032,117.9728358386306) 3
(377.43556482913823,642.8865125035962) 9
(492.8000882393726,276.0823418492577) 6
(400.4846767495449,85.41956011571483) 10
(186.72211304208219,542.34016696559) 8
(689.0750649046391,167.0011911409992) 10
(686.9948027032767,348.52582801217824) 6
(862.7483595865785,893.3201634664954) 6
(432.32203827914674,555.3587767039409) 6
(678.7809798271718,187.87400086569983) 2
(414.30938382324587,775.441942763905) 5
(116.20678535131235,287.95812687111123) 4
(664.5787857504941,659.3174762518048) 8
(639.7260772620142,558.6311387700171) 1
(593.380407686035,914.616741717697) 1
(411.8465625298603,917.7745546100613) 6
(720.6018876462555,619.121840950083) 5
(577.1028558118962,579.6288105880255) 4
(841.9654157957539,842.5835065611527) 1
(469.92120158353026,371.06150048899235) 7
(52.755427410801744,829.356550148458) 5
(738.1160404493044,218.9847743606006) 1
(821.6448078757596,699.4572635356514) 2
(323.78260591726746,805.9730084164481) 4
(497.9118659379924,504.20012720270904) 4
(6.00839036920342,722.0904843467547) 10
(75.45185873254412,281.17618325957085) 7
(222.68762884120275,966.7234189105035) 10
(965.9408288159698,714.2723089039329) 1
(353.17859407216037,947.439806452972) 10
(385.09897849609973,48.99058546083002) 6
(423.60400036637867,405.0335506982754) 4
(709.1485422799948,956.0149501404044) 1
(557.5774740811106,301.124466925922) 8
(390.25809317221615,810.9914340883712) 9
(592.6562378981272,572.189167714482) 3
(56.027099827311574,707.3878285732176) 2
(386.9021679442516,411.3467355892715) 9
(8.555264695817023,717.5961639159088) 8
(714.9154824567194,765.8223802334642) 1
(308.64049570191776,924.8852287899128) 1
(893.6751427624756,370.67543891804786) 6
(697.5801847863808,218.58799403176388) 3
(647.7261181931912,613.3980981703404) 5
(235.32352231413012,469.096861262723) 6
(500.12520225828973,142.4569696012842) 1
(687.6602340454082,732.5470097162462) 7
(569.1687580325687,219.1548978443625) 9
(175.03742636877294,139.4292913398074) 2
(964.9389551496494,574.009607133809) 6
(389.82796863620496,685.7459786078225) 4
(736.4789354669322,937.2541971681864) 9
(595.5139750550538,726.866513002152) 6
(186.03986319591738,248.09638126033352) 6
(213.79282519920605,580.3046239592994) 3
(415.1787129229296,325.6398157236594) 6
(419.229144137643,660.2757513043703) 3
(233.90326547868213,740.7426422908877) 5
(12.746635135042261,606.9622650976481) 10
(438.22975813929753,178.64634751487085) 2
(95.02350138842752,724.3832490093334) 8
(889.5749632714466,599.8411685104999) 8
(937.6681769927015,288.44165505551564) 5
(536.6097542095065,146.741720444042) 10
(755.4266347849748,847.6557427319248) 10
(977.5669740131611,960.9022565495119) 7
(964.0017919872876,627.9834692028262) 3
(822.3856375663719,49.63114676480673) 6
(363.4122528581727,566.2940772000823) 3
(646.9982673887205,901.9017163801475) 1
(303.93704226487495,0.5547800359693156) 6
(345.45060616364987,463.84830040712376) 8
(804.2450872283799,358.9471814356775) 9
(778.9895501038181,837.4636027588263) 8
(505.5679533533667,513.36791441714) 1
(244.42932264864314,269.6201261203176) 1
(466.58789476955275,222.20557823910315) 4
(512.7120940216345,745.2720732298894) 5
(114.10950302781309,846.8517875391881) 10
(238.02086425172942,37.72174914499216) 10
(947.3087201973269,976.4578261484593) 1
(355.2731366484806,321.87283241384733) 6
(0.4342561430433767,776.3431609613261) 3
(550.170024808302,722.3232995256022) 7
(592.5251812891815,599.5404027229602) 5
(475.1436856112468,33.08360066378313) 6
(243.85945281185107,101.48122551805183) 8
(688.1695574619598,321.38406611482486) 2
(55.02369754758563,5.194365328807571) 3
(951.4995169748856,141.2767923068593) 4
(763.1231691661872,564.9250333401242) 9
(390.4546078799973,250.36513441747533) 9
(625.7260115166881,47.593509605293185) 3
(946.1287534786393,222.41195172268547) 1
(627.1027718368406,611.0458184038001) 2
(917.7460478469006,462.9673720685247) 6
(476.3563662603666,923.5619824326236) 2
(183.349965952723,482.4329077639665) 1
(986.9039415946705,651.7574331133766) 6
(823.3395399048633,263.38988576130464) 6
(288.8902777523358,446.7826084793762) 1
(655.005581117419,138.3406444129729) 2
(650.121507152881,635.0489804238505) 2
(449.20229080982386,678.5017580317117) 10
(391.3200814452156,260.0493615182454) 2
(186.21668553236904,381.8550402542845) 5
(85.44645660002436,182.03612087680176) 8
(546.9294552388217,768.3224807251307) 1
(670.0067005688268,467.2927257688273) 1
(806.9203853485625,941.4084141543996) 6
(290.8038591185443,597.8376798799372) 9
(393.71934856258395,570.1819689337137) 5
(947.7750495003215,745.5354816451726) 8
(306.1157348380089,652.7462219498458) 4
(634.1490634747825,487.25933672671573) 5
(129.3809498607329,372.04622751086146) 2
(988.1685832392318,369.8423806392771) 7
(196.133525990544,757.4805369019548) 2
(875.9066180035738,911.9474472452071) 5
(556.6012957715075,694.3979987389984) 10
(28.255513478879223,722.8873506732925) 1
(151.5087962524836,362.7845590941409) 7
(915.5658235020156,803.1977333901417) 9
(253.80047132627325,530.9850397143003) 7
(374.7413373872608,368.4886459394796) 7
(42.80299362661211,8.285635189241635) 5
(409.66342347540063,223.5105774119429) 3
(69.03936437972014,511.0200289888436) 1
(302.6361434157412,671.3994970379632) 2
(973.854338939942,760.3268952778408) 10
(576.5925849579135,362.9987721883752) 2
(403.95831063072075,265.4700721036305) 1
(966.5499793958671,667.0660372315178) 2
(475.26574521347334,593.8406666408539) 1
(241.75522275649197,711.9018108751286) 5
(333.05519362788596,389.4069631942235) 2
(404.0261385386125,508.9963099928374) 10
(7.1293230928343165,935.4933980290024) 2
(380.29131964295135,848.1366805906142) 7
(284.25988939814494,886.2423852572347) 1
(516.9418732594717,9.285055903762608) 1
(229.30455582720876,179.14552799185768) 5
(133.89871956789634,921.6112688523557) 3
(590.3484867310708,633.4208600086182) 3
(722.7734309184713,284.4695350993109) 6
(858.8534577485941,561.4592941544057) 2
(783.0334572878509,252.61825096623136) 7
(735.4172004336833,920.4586573980582) 5
(563.6750752635227,579.573734688516) 9
(811.3043002139689,905.3870725707663) 3
(440.64544637771183,348.8537821512424) 6
(504.56326655766117,727.6071573907259) 10
(993.3321159434629,513.6985150249902) 8
(565.394740426494,496.69906638794725) 1
(893.0254263715811,892.4897451765404) 5
(306.0698238478641,722.2478247876842) 6
(27.405836202448075,949.2885860888465) 4
(478.0448023031404,408.6142095231165) 7
(118.47838206460737,799.7796678436904) 7
(971.8790118916794,706.9006679732535) 8
(506.8999692747551,186.34314619813296) 3
(157.55099472737155,586.8031216335709) 7
(687.3537825296874,618.9662035694396) 7
(808.336482143157,523.5991235197664) 5
(249.207877551447,239.41872589807477) 4
(115.84866594036302,833.7000652746456) 7
(900.9449117076152,942.9322282837086) 4
(172.8741878688056,855.0013599814965) 1
(293.4477621075452,801.002205873468) 8
(122.23512316640428,399.8044922595272) 8
(886.5907623930281,918.0255479136408) 1
(64.41554556158447,681.748812916348) 6
(472.5446349884357,747.7411127851418) 9
(474.43739566685383,37.28211191440689) 6
(634.5566190700372,227.81036481372442) 9
(204.7351013505787,901.3334467715622) 6
(413.4404964271735,297.5743660608431) 5
(213.51203050774603,837.2126063477536) 9
(6.259641861894094,284.6933135095747) 7
(392.1074373381109,654.0832819738205) 3
(874.8232676427778,617.4428834221072) 6
(406.0892665619069,964.5137868739588) 7
(763.1498410100063,391.610134715444) 8
(342.7143944960166,625.4024642829227) 6
(525.0436836437128,943.9307895287285) 8
(553.4557449162309,145.56598370671446) 2
(459.2574154136851,810.033854215018) 9
(644.9236045334984,550.5695213004001) 7
(896.7186871867198,503.1472712780231) 4
(778.5168048080167,241.41647596890914) 5
(896.7639490999957,481.934125496697) 4
(907.195452763065,347.78562362347543) 5
(898.9277855983768,714.0395468326251) 5
(143.36959231674584,175.2078650605272) 7
(537.2590303206084,267.7165946015868) 10
(741.2629846214951,191.46629514996027) 6
(632.0162112055614,372.5808111240787) 8
(492.5698771444571,499.5022272324509) 6
(213.350687292301,465.5183703536954) 1
(362.7985492596683,226.11097673029968) 9
(402.23087012533733,245.96931172476488) 2
(628.909038247132,919.463673596224) 8
(13.968286062586156,590.0457919119507) 10
(530.658621290809,750.285516430445) 6
(877.5473478503196,902.9164742139569) 10
(229.9843644162116,635.0843094779269) 5
(498.6739236961305,754.8326450394594) 7
(220.15584700147673,643.1418061426892) 7
(194.5145062084429,337.21372034878107) 7
(975.9207814791349,458.87272446562446) 7
(90.82596215906791,245.16993927546514) 6
(668.6003116272053,119.12341274076033) 1
(783.2751078728796,786.8968297178667) 4
(957.3728129924834,147.24568457145625) 8
(506.1421104595063,528.802535559267) 1
(500.73230388226597,932.05641024563) 3
(35.83406052563609,332.6323477156283) 2
(424.8990393783221,618.8141318094105) 8
(549.1526668015913,920.6683977605155) 6
(730.5861245598771,407.02620867539787) 1
(60.47157941281078,790.4510882282252) 2
(349.0087011012017,121.78906930246103) 6
(532.7397727574445,929.3507109229989) 8
(149.6245389158618,679.9772088931161) 10
(429.8113362719983,715.9721443753718) 3
(299.06094571116535,616.1811984203006) 9
(905.2185099986897,948.530250672933) 8
(786.4356307213626,244.5782258872591) 5
(308.82435737235113,36.03531114531611) 4
(634.3893203823027,601.7907182261821) 9
(195.65784379090533,248.10384289707045) 10
(196.81981210706246,628.5288094174742) 8
(872.2945632615366,478.7219923380315) 3
(949.5008762547069,265.0361975616352) 6
(754.9595154834677,5.210683761393553) 5
(75.71189629661146,39.613721540496584) 3
(769.9605783169482,158.23573629770704) 8
(325.83497354111466,802.832475325788) 6
(401.40533023658355,663.3666756340706) 1
(523.5433889507368,337.3024725901008) 10
(249.9101271997677,668.0895757276502) 1
(561.9451310485005,681.8899895287052) 5
(667.3557196660976,13.327046761065109) 1
(396.28949704511365,26.70960200815631) 2
(756.5385264726931,307.2166762823192) 9
(783.7813222254351,768.5016030965083) 9
(22.697124387322187,816.7783309164079) 2
(551.2681064176738,137.64619619496455) 3
(376.64987280682703,536.2175845881927) 3
(376.9376000960799,523.3726910862775) 7
(96.91901102983913,658.2482802966607) 9
(822.9365944232096,975.8869201352855) 2
(534.3473526852309,22.802182071484765) 4
(603.2076911324525,612.8117755074055) 4
(864.6689606382836,919.5079533345303) 9
(786.1913517709106,478.72202866094705) 10
(265.7475368390944,651.7941925938038) 7
(785.5056667049112,245.1283329710967) 6
(975.7521216405235,680.2738654299333) 9
(525.2004647737166,142.09280047499217) 6
(525.9359162166484,313.1459421665851) 9
(336.6552336837254,522.2241052122947) 2
(307.7458996713458,199.89642222628234) 10
(211.09879310250201,52.014027878324434) 6
(468.39329135044716,415.1939876560803) 4
(97.295977846377,175.3656286964992) 4
(236.76826142549513,230.98020496085036) 8
(525.019947510739,731.576005069522) 8
(662.3828003898075,362.72471425157096) 10
(381.1240827304212,109.38521534488) 7
(888.1914867076076,623.2400732219402) 2
(507.17357771694526,323.68993002541515) 1
(949.1611653981104,603.753887102387) 8
(19.90119012631841,378.86518319721984) 9
(251.8139197865903,254.6517531984197) 6
(445.91703641637224,538.3178762111991) 3
(774.5005719810057,639.3096435059091) 1
(931.2957183095843,920.9686039475333) 4
(886.5617927739746,389.36355848301486) 9
(146.83915353529787,47.338770071297716) 7
(662.9469338945787,639.773065253841) 1
(855.7248033176616,206.10062539118468) 4
(990.5973917738504,754.6275339496927) 6
(119.3140084143769,532.1948460236698) 10
(676.6511478126563,199.41625601137548) 4
(508.93190654469157,430.4183271128259) 1
(382.0280396987663,909.0671987440128) 10
(797.6478138014406,588.8136530891101) 10
(414.46393497462594,809.0270410402603) 9
(343.8001275565332,834.5145297492566) 4
(182.78141420131843,781.4270572208678) 3
