1000 1000
10
(0,0)
23 80
450
(791.4239242904979,95.95762515509509) 8
(944.5558769940728,91.93007256663077) 7
(221.3435249123442,654.7346618650403) 2
(876.2353239576121,486.694005677893) 5
(613.56199752378,412.1086449562614) 1
(837.9966671157438,984.2802091279168) 2
(29.72058520304732,890.1359563041307) 6
(934.7913812363989,595.9231036105972) 2
(124.56595162158146,366.2511746028634) 7
(232.9860908862401,89.30160996711622) 6
(400.7746502432211,439.14097616167993) 9
(26.8813005270776,565.7755723395575) 5
(557.6426970439963,649.836766368864) 1
(552.1195620116102,719.6376048769101) 10
(624.5350006568815,198.90757525258428) 10
(826.716144536397,673.3601719793874) 3
(431.6574291620414,736.7226883910866) 7
(585.1980010383995,194.42066426505667) 1
(971.2315187441682,97.28880747950764) 2
(392.60185888012234,705.7769823572816) 2
(845.6152128636027,130.9853942112207) 1
(236.92307998696626,366.8911455233406) 10
(992.1697216418844,992.6379823236186) 3
(827.5311895992644,363.34255730560005) 5
(863.6437553281804,541.8545030859158) 8
(715.936370523198,837.5458681814517) 1
(159.00740881172027,989.622510087612) 5
(525.9524213938904,812.9697771146883) 6
(776.510496962071,501.41085675137276) 5
(86.3057792688372,9.285431643764387) 5
(156.30638863839175,469.03610122774705) 3
(231.76755365406208,497.33681873774725) 4
(437.9000466216079,454.3011743562444) 9
(846.9236787671299,719.0484771285466) 6
(617.1147286759434,446.79149999137724) 3
(383.46258532581754,763.3945984020113) 1
(821.2683659469415,839.1537832819323) 5
(181.72676242519435,351.41111952165284) 10
(742.1108556418441,299.575667676155) 6
(512.264134854687,460.0513392050085) 4
(330.89631709056454,305.65944548255175) 10
(672.715333315514,319.03064382384116) 7
(583.5386465129804,672.3836214755615) 5
(927.6872518072462,258.35566566505565) 8
(597.0352002249862,322.0143703090551) 10
(130.1430108163524,123.01346738235408) 2
(669.8932751590753,179.6751016042819) 7
(494.74469867847137,987.5174649227275) 1
(393.37803661448345,384.11036999272517) 6
(622.419889200604,916.1822497641605) 4
(277.23583152616783,942.4688620505689) 8
(578.4257495301838,281.25347977517947) 10
(142.6074990490217,188.27989896353125) 1
(632.7837412816161,848.1474480896696) 5
(638.9013679996428,177.3349847612765) 3
(154.99957927957698,830.9119744177494) 7
(61.70846742095304,545.9872276910984) 1
(622.2626916375661,173.46724148921123) 5
(729.2422737395244,852.9200082839474) 10
(707.9730312865355,691.7976809403465) 4
(517.5834958396614,367.49218220439604) 3
(207.78160321249928,810.034685073198) 2
(735.0941735700848,633.0027653769364) 2
(857.6890731706733,746.1327243588587) 1
(533.2894140065928,397.5476056403008) 1
(404.85517342706436,981.4504794070966) 6
(349.187193314899,404.0575677897393) 3
(85.85146629767748,883.7916548747256) 1
(943.9811311121871,361.87212633843967) 2
(523.1234940176857,783.095663031827) 2
(998.9117502170074,827.7319696371476) 7
(125.86590874563963,812.54022074626) 2
(42.31751096569858,636.6056378911798) 3
(330.95345637284555,336.66525776309885) 8
(623.627225160192,884.1091944069992) 7
(700.5770985269648,343.3249573404469) 1
(598.300252545516,866.0147884331664) 9
(964.0383829605786,409.1277043660694) 9
(816.5254312286763,791.8678412815811) 6
(280.1809761056969,701.1833384934164) 5
(385.58612636173626,651.8404065077814) 7
(692.356277139477,812.3323640955209) 4
(666.6141872727237,493.24785608732003) 9
(689.8337099533677,298.5967692013218) 10
(975.9391028607838,460.80581592641977) 10
(969.6866835562284,596.4142135620446) 2
(224.9551877489273,127.74035637820059) 4
(797.4634660643745,659.5306273386478) 7
(974.5996383176957,754.1158192067396) 10
(888.0185452564798,711.5897080513639) 4
(757.4008355858128,254.33339440960867) 8
(330.3622830757871,759.7593361286664) 6
(780.1076695873153,20.4154163938558) 9
(857.0225356875222,132.63287988035032) 8
(687.026154522195,117.45947656036049) 5
(26.738392032174318,750.4920541567119) 5
(685.8068718981723,215.9032013485841) 5
(833.675973857381,119.73755271226428) 10
(981.0439855251075,760.3165306579727) 1
(695.6750387682766,293.4451642219726) 8
(392.3756638066672,9.258378453225081) 6
(627.5570893613173,660.7252079571114) 8
(236.37287676283847,690.8829864125643) 4
(745.0274015127648,968.7612517632544) 10
(459.4019080448071,395.523162943325) 9
(114.22462683422707,635.8273268010003) 6
(500.61370798313334,391.1902562351365) 1
(944.2488659735654,37.809594917915355) 2
(759.0792125014294,596.8308630082115) 5
(512.5697443008987,622.5755354731242) 1
(630.1006153524547,569.7403162169566) 4
(21.177394376577507,839.9628244188285) 4
(96.53137186756643,163.52044212199147) 2
(923.6913807165524,43.95135681880535) 3
(7.997528975678625,207.94316177850826) 3
(745.8108908383534,742.6088049159996) 2
(472.26096434027534,631.5836710443135) 3
(329.9220689917688,188.2046404306178) 1
(677.7010261832474,284.1328871118396) 3
(887.2749741679371,363.44332373069045) 10
(507.8186857714567,318.6908699445904) 3
(479.3687714926942,218.6537553665514) 7
(73.4408897843769,604.4783774514541) 5
(780.5932131006222,526.8615437327398) 7
(926.6115815855208,88.82249751438098) 8
(819.4403718570003,275.90991177451053) 2
(361.63910016930544,267.67498118421196) 3
(192.5387651812144,35.58398337292223) 2
(952.3536475658609,246.17372306255425) 9
(804.8413277582804,742.631219375045) 10
(88.45354463639421,36.02306290472834) 3
(886.4021443977641,684.6799221251188) 6
(132.02917281078297,276.1915906633862) 5
(822.7658651409623,27.648231624979424) 10
(221.10510037307384,902.3191331292676) 2
(879.9497466919166,149.35658953922913) 3
(471.05736573235157,541.034838517452) 1
(525.3704129320065,340.7061767024586) 3
(233.73364597295088,151.88055626872142) 8
(557.7623457998669,790.3526808403526) 10
(661.8182192566198,400.644884950683) 1
(597.8669101478797,928.6833915810704) 7
(147.1819656250425,25.494345775936566) 10
(606.5334635612369,245.77796968535426) 6
(762.19101598979,408.4775791495077) 10
(163.10362977215732,589.3966520753129) 9
(518.6457856806484,690.160715081497) 2
(691.5671047481471,637.65458477854) 5
(669.148042321474,148.47344035721366) 5
(101.31321976229823,159.86702202014203) 6
(828.8760036550992,765.5509290531455) 4
(546.1805183495646,28.878864281477234) 2
(373.37850998399824,186.3186878498202) 10
(672.6050677388879,527.6646429590161) 2
(99.45926238290548,836.4917589054965) 4
(870.8628423376397,809.1475023831547) 8
(917.4717928548051,598.436309540168) 7
(785.207136225286,239.88880476936524) 8
(743.7074715889742,906.1942818394735) 6
(807.9226648373067,911.9945451287178) 2
(603.7808249496813,514.7646487253083) 5
(12.786550602678194,245.22013670579133) 8
(720.2178581863843,772.6239219921058) 8
(77.70352370471744,186.30164985742383) 5
(538.5667220242856,624.5632849307864) 3
(751.3272754678852,597.7365584474325) 7
(597.3489389329527,148.9643555806187) 10
(215.60308946797934,972.782661255213) 10
(692.6757664341504,583.5282039452667) 3
(915.3469987554764,79.82098182249852) 2
(315.8251754904091,807.4717063654695) 2
(286.66055700402626,105.19455537442035) 7
(803.7271587894876,802.279634908257) 8
(856.0951255189086,22.374989055908067) 6
(765.3609708034619,5.6619403356636955) 6
(439.3877812762473,690.6862780554084) 4
(484.9535069373908,109.99857396392298) 5
(633.2719047482174,896.631876519622) 5
(974.6323977233648,447.7419811880736) 3
(770.6273984323675,4.345639711462401) 5
(185.13382434230874,745.5366454096983) 7
(690.7440018561979,951.8610444212173) 6
(837.6318084283812,505.0831444631396) 5
(339.27176156604753,514.3384238781208) 8
(78.59387585470967,859.4323887533852) 9
(203.61791896765902,223.59901053859267) 3
(890.9083675122309,76.8557001049004) 4
(89.45416915611648,42.98027153982908) 10
(757.2352999633306,915.5467254339512) 1
(621.7900132091072,460.8125013784987) 5
(550.1954486324988,163.7398474089199) 9
(655.6144846045685,297.7127061456063) 4
(642.1821246562151,376.5029419091389) 8
(438.93829960651163,908.64404804412) 9
(103.68832401322314,472.1533890586962) 8
(21.25865648223901,610.8614495392278) 3
(213.8634249765987,86.52692359932557) 6
(82.3647595068121,384.40083565076833) 9
(576.2626086778301,127.91928956552113) 1
(712.6501402349364,397.37004445686085) 6
(818.8954982899178,250.12291500488448) 5
(905.9237006172025,269.3214171978401) 1
(277.5194536340027,343.7237952426012) 10
(403.93622161687523,293.96402122190625) 6
(934.2119432563087,424.5569333315311) 7
(325.141452407663,369.25757172902485) 2
(969.1128135180412,3.631692124393293) 6
(267.11781805818924,426.9770940744515) 7
(75.36277317910078,31.798488805172997) 10
(286.93951157168897,177.06609792452733) 1
(707.8932344118056,632.4613790566477) 10
(185.1635234997052,373.3118216311214) 9
(170.64278255942656,764.7575862096359) 6
(347.2019696290588,868.4839413278828) 2
(42.0611156237406,622.5166153408303) 4
(774.6918976992267,301.41095606294255) 2
(310.7183194378496,277.6873482550489) 5
(304.81161554780465,34.96243655279208) 1
(664.1717956223976,583.0381428907029) 9
(205.65699470715793,718.1412961112889) 9
(311.4880626562998,626.5449929047112) 7
(745.2997926623852,380.19381627984615) 8
(53.67363575479522,11.28314876170522) 3
(297.6581136011666,208.44814617954367) 4
(158.67360388371387,6.09733453491923) 2
(270.4219506480346,588.4214180705156) 3
(120.30352431464564,984.3662157006586) 7
(252.81242300763074,713.1490008141714) 5
(611.6457194395315,105.72695833964741) 10
(324.09269483762637,571.4506958227806) 3
(486.37399819474723,382.16358753291956) 5
(108.5087960487341,109.34455222756179) 7
(254.4080862064041,383.6780551413111) 3
(35.5048472968259,205.52080439297782) 3
(214.02243670866872,127.11620786772482) 9
(768.7339514470077,817.8612030079097) 6
(200.84660749459314,285.6152653426743) 10
(872.9094728108813,282.85524646729743) 8
(404.8550914679583,445.917487122648) 7
(604.8936736579252,74.39768061812735) 2
(342.0794473853026,834.8794104583726) 9
(670.4889263678026,526.9454201747263) 2
(956.619377044088,981.8911368500369) 8
(508.1948322695109,966.8516536023735) 1
(260.62737866837824,947.2787726081817) 6
(806.8971803278845,69.47875784766077) 4
(400.985460979102,374.9900026635684) 2
(380.2870005177693,242.903833460965) 1
(854.2173651573846,610.3877602032503) 4
(851.3769010322388,503.42732581278614) 4
(462.34642784927024,444.9301522800766) 1
(438.5220944491762,206.434800234916) 7
(379.384522159437,551.8791733730999) 1
(963.9481345698764,805.1089016802177) 2
(692.3772987691962,488.76044123788165) 1
(543.9609994477966,951.1998432849684) 9
(874.2270018177345,589.9169394219708) 9
(851.4185861534936,76.54331175551543) 6
(747.1317020592188,207.94785272558082) 4
(307.9561948313553,897.8440892662757) 1
(915.0675017232572,709.4651386142622) 8
(555.7768995584212,879.76144731346) 5
(288.63147912077324,883.5109581158964) 8
(235.78861269670526,68.16772677425543) 9
(344.9149639521345,122.33160605777027) 5
(544.2688679172475,535.1664450802166) 1
(72.37935601738332,313.4394332458095) 5
(52.6763677493105,747.8776890291621) 9
(226.721651426277,641.5065481746117) 8
(931.4549807682711,261.589813548627) 2
(928.3391093815694,441.4373983682156) 5
(717.6810090483671,49.55012292170002) 2
(202.3769651523899,762.3178101987271) 5
(922.4644998951389,15.298275518405791) 9
(336.34115507165177,468.629814068941) 8
(333.3734183380995,793.6419560928045) 10
(520.4993995002211,89.17146043610835) 8
(79.81716513647974,799.1921491111318) 3
(596.7454725890846,499.1080011732577) 2
(932.3645051288479,553.1482354526665) 3
(696.9024001786219,210.62763219530402) 1
(536.3043877271258,131.74480027085545) 4
(59.80763852172532,854.1875247233509) 6
(5.046900104667906,379.4298002687544) 1
(641.2123099528739,789.144366028782) 7
(938.3741899485799,473.7136359614904) 9
(836.4748797356631,64.59589048057212) 10
(918.1190318815176,339.26971729626155) 5
(482.3440784062877,474.63364013963604) 3
(253.30778725489878,57.425975720912014) 3
(757.9237980308413,44.07744170998995) 6
(526.7267472253618,564.6697213263101) 6
(459.0322901899271,831.922080774305) 3
(364.3212819809423,518.6554180442863) 4
(798.5520647412612,345.99208351932356) 3
(952.9311756452113,196.56594917654624) 3
(340.4184737191878,404.9684964842727) 1
(538.3293054280014,753.9734920986914) 10
(968.6571631289003,887.8711894981451) 5
(128.14661054358788,423.09952902794333) 8
(314.68713066266815,753.7085628331511) 4
(604.3180989953642,787.907713290833) 4
(460.82834729951827,967.0360325153125) 7
(570.4574164246715,74.90813712847577) 1
(763.0611484183105,152.81559914257136) 1
(130.1670992042383,37.61079040233473) 9
(887.9843762019509,638.029853046715) 1
(483.55256192611364,205.45786109846676) 7
(944.5946105984023,350.90118566201954) 6
(786.4558793603812,148.6542623553252) 6
(887.5026112383182,392.48291477534514) 4
(543.9477819870938,60.86645006957825) 9
(889.896639405158,807.0096290742048) 9
(181.64411985331174,144.90786605095042) 7
(118.67362679328185,542.2270153757281) 9
(696.3336590417265,823.9283519481833) 6
(205.09179564596968,732.873533484376) 5
(958.2275796902849,262.6318552318609) 5
(239.10394265783628,436.41908247332873) 2
(732.0684793035691,840.9986111448183) 9
(873.8710040525146,253.30949750724997) 3
(45.90380242053793,77.10094030595948) 1
(472.9280729967583,163.40553326009356) 8
(918.7148913188876,746.3116632268924) 5
(281.30660138837084,912.1458064793638) 4
(916.644281452312,920.1117704778544) 3
(1.9171527924902731,313.7759963774427) 7
(759.6316596081467,109.36047040104258) 1
(858.4337551914413,930.1805204960726) 1
(650.0330866756276,399.97904717202346) 7
(8.674190837301698,153.54180517692927) 3
(885.0722832360501,94.94462162138495) 7
(532.3821869240346,285.7857140980987) 6
(520.8843304378111,341.07310589979056) 10
(320.74390857597143,872.1299213589024) 8
(194.1360490617857,125.11025888939164) 4
(540.4534212752568,954.3620858879698) 5
(464.17727226299075,989.8541584246464) 6
(345.28927433884894,32.23712148245828) 2
(927.0846683869992,670.4644591291061) 5
(434.01054059345665,173.97815780141013) 6
(748.2580983487775,112.38979784009639) 7
(311.21161154205834,357.39712330118465) 9
(561.5436672542787,880.420402315848) 8
(73.84741420838492,292.0810311229772) 8
(353.70844071416474,654.3361766814346) 2
(161.61349386777468,477.629867430403) 3
(566.2739137589415,311.8058289243141) 9
(385.92701251758257,614.4613053504652) 3
(610.4556404931099,601.1032107040603) 10
(315.6577330734607,279.4456079287031) 8
(109.14752092411251,409.07178679615754) 4
(901.0416632128316,273.7687531853751) 1
(348.5200615647898,883.0578120717732) 8
(375.7032402053805,563.5051343763461) 5
(112.59774958492986,609.2466668402844) 3
(659.5389709052035,835.5102672954811) 3
(819.4028151957788,943.0009071400734) 2
(683.7465675476102,109.00605757776871) 7
(934.307739827516,263.99816498838425) 3
(327.10376000135324,533.2058229951293) 2
(989.702960709743,75.05022285365193) 7
(980.3646591943458,969.554351963558) 2
(284.9340765487311,738.2779892027701) 5
(929.2964810732595,607.5219782818986) 4
(438.92936603505126,329.7924448115681) 5
(854.2570461234011,905.2587949223056) 2
(169.84301248457345,923.8387005045145) 2
(486.6955521948681,689.7148368132555) 2
(179.87654555622868,341.46958858635) 5
(765.1394992928122,179.22780618214605) 1
(98.4944831705582,231.4982438910934) 6
(312.04957604675974,273.73758779587445) 5
(537.6026309734386,304.5763054773587) 9
(807.9774676812483,250.74333415169227) 7
(231.4123408435529,461.3254685909559) 10
(887.4579826598248,70.25654244875557) 6
(976.0454338181356,686.5381311338167) 1
(121.12203752713646,412.8570825663336) 2
(395.2306465721145,625.9225010034037) 5
(879.8692582345534,900.0748916325362) 7
(273.56553957554496,102.4451625845273) 10
(395.88857519889285,284.4018981443612) 5
(434.6156657314558,98.3090866076426) 2
(357.0050342670393,759.7605799742008) 4
(157.42035081227758,944.9059791547575) 7
(254.65510076232255,532.991657224826) 1
(484.2266440392673,388.594772898472) 5
(532.9199823010683,299.27701204388177) 4
(180.08991467930502,598.2329387447006) 5
(462.6704458972838,910.078836902852) 3
(36.84729564674893,451.37934912767685) 5
(105.92361417787288,200.6918900331155) 5
(269.2752944159146,857.6567168229211) 10
(990.3495691257232,699.3221886534086) 4
(350.69153332571756,356.89208954014293) 5
(647.062207936586,314.43032679869407) 9
(23.532588005197642,432.2883656592924) 1
(595.5952451451407,805.2095706029618) 7
(618.9046374533392,165.61948228242062) 6
(47.191619665305716,974.515520646779) 5
(675.5626391748539,97.95233578677076) 1
(392.50543734688426,553.2800424406098) 6
(467.4615025165588,832.5430909213827) 3
(194.7517803026053,252.7709198145548) 7
(114.39231898814062,937.1858828308135) 7
(467.6786155727098,29.616422184532865) 5
(102.43087766174752,172.68007576600863) 10
(961.6939520341805,47.05200265487741) 6
(319.6774860676363,986.8693530753739) 1
(260.30128079771674,731.9010366030554) 5
(182.07305156913768,319.8839042333316) 10
(784.6474587745514,477.62844595789386) 10
(742.2702546232642,775.1857532754725) 5
(176.63722674124494,655.5379362393945) 6
(59.59463215149241,773.1468054201146) 4
(309.8086434482067,345.0731819609034) 2
(374.7492899489403,490.9303596548561) 8
(623.3613571289844,227.00074552949945) 4
(162.31872777686718,717.7261112348602) 9
(951.0235033913362,933.8046307226425) 5
(116.91921247977855,421.24715861175866) 4
(715.4843500994838,488.6991267325983) 9
(887.7469920446996,545.0333170888654) 6
(660.0864175807859,717.9594162149918) 9
(886.9151339902313,206.02747765306628) 5
(60.130616272393354,129.58425585261358) 1
(480.85037256903763,259.8785640609853) 5
(319.9933005973802,60.35441453521351) 2
(347.3368099281796,557.2926163823971) 10
(348.45419849652484,886.4768930420344) 6
(272.9176330896824,786.0850327446334) 7
(641.2493259373166,877.1921656961108) 1
(137.53437136885594,53.57330876158783) 2
(399.1842108899431,757.6715450431992) 7
(684.7857918440536,889.9714948112429) 10
(219.66386321987974,303.49684383537556) 9
(279.15413977476646,86.27987022945682) 9
(165.23867678758697,817.9726372542973) 5
(170.05558437552526,130.47007934869893) 4
(879.5381887335823,628.405278094785) 2
(194.5881149861748,471.68858894598554) 6
(781.4212259743906,430.8608370023913) 2
(830.3289920218928,506.50638760089686) 3
(727.9847193947978,157.3081536237768) 4
(532.9149786441643,944.3876656946885) 2
(230.2481250495999,23.499305651148884) 3
(985.1751111592142,433.43362524517926) 5
(120.1986205129969,979.6671243045342) 10
(796.1906880887866,751.2211542901634) 1
