1000 1000
10
(0,0)
23 80
450
(191.24806417566498,840.8268955368001) 9
(290.6991018677626,319.2406307778289) 8
(447.3658225873741,646.2767021093557) 8
(719.578476020861,835.8384094129806) 6
(632.8782301206029,368.20124119667474) 7
(134.3931824426917,748.6287513440185) 5
(149.99800735619684,524.5960213231128) 4
(693.0911166758134,592.9686247839614) 10
(379.0832483356894,103.91101522048685) 4
(971.3477075510729,962.9232557751249) 5
(886.9046492589347,325.0705301814596) 4
(175.00696938843586,286.48606415444954) 1
(172.91673000262043,881.9343265690165) 2
(618.9145678008726,148.0746632811204) 3
(177.67563376026374,363.1916480340771) 6
(830.9872583696186,882.8866586998112) 9
(718.1907190189695,909.6104044000608) 6
(368.3049641430668,212.44004625427536) 5
(568.0475143219128,763.2305926202156) 4
(234.33591342760207,603.8719996528285) 10
(497.42696388453754,276.80042642630497) 7
(247.0635497260222,388.923857881606) 4
(479.0991708903184,366.93889292298354) 3
(411.5515425895374,108.23393089458477) 3
(225.97223560298895,823.9585856585696) 5
(524.8931629831316,50.89531756655885) 5
(738.9984304501963,90.77250754773448) 2
(424.4889025205521,316.1454313759654) 7
(327.98299320566895,224.72207330344196) 1
(428.20579922831956,657.33654771939) 6
(719.66841506286,401.4126376133245) 1
(594.836681408739,796.1124902798351) 9
(908.7544554480367,675.2260812065609) 4
(384.35244595868966,913.1735966208577) 1
(911.1798626285778,273.4448083432326) 7
(692.1852251702669,802.6240437276364) 2
(978.8113718001013,853.0856725190895) 6
(975.7660458204607,11.525021599209984) 6
(357.7564962762709,973.5120882480375) 8
(111.43213552801312,521.7779367518895) 10
(404.6854892585508,37.206935246549946) 9
(573.5091524924698,925.291006468704) 10
(695.862454440153,609.775730945863) 6
(650.3663864800606,247.0824060238933) 7
(833.2109160871722,968.2283705630731) 2
(80.45892467626814,550.9832352959298) 3
(71.21524303674487,719.2647127096677) 10
(456.93131178730397,181.31285787475016) 6
(439.73972228308565,114.69354834390543) 1
(621.048653427339,320.1860456307352) 10
(125.4324601336374,533.908840124301) 8
(221.4075726703807,888.9721651530785) 2
(925.8104688015177,111.92437586980242) 2
(826.0515102060074,469.1168341024533) 6
(497.62827532542894,570.0903416173657) 2
(587.2300389299685,600.2689307346154) 6
(578.0296509514168,240.94107178814917) 4
(562.8327091918713,555.1079545407117) 1
(954.8436778113734,669.225806709389) 4
(691.188003769618,970.4643944436291) 7
(906.1963925624359,229.93996912078575) 10
(150.91716215623464,871.7590141710642) 1
(828.4042814491406,432.88610002454544) 8
(970.6849563594666,227.39607014899522) 6
(499.99372811795405,659.2450766858396) 6
(172.5017698640703,640.1677267202904) 8
(605.8356062191028,807.7694495532005) 5
(455.659343724409,975.0858836563523) 10
(503.05916828551545,276.39485727854384) 3
(653.551685235982,960.152793499251) 5
(558.1433823991881,634.185484825585) 9
(493.3793748916906,413.31458425517974) 5
(593.3817056375852,808.2966125377229) 5
(332.5163707168406,779.0132015475475) 9
(338.2006560853502,431.19950395968186) 7
(656.6148825223255,253.46197913703583) 10
(356.37823621686005,245.1407731375672) 10
(536.9611520683584,811.191384136246) 3
(895.3453988405255,408.8860437940055) 10
(321.5974218314261,269.9746428510122) 7
(745.7125610651644,910.0716754679895) 6
(49.75559607274916,983.0325394448768) 2
(963.0717814333307,874.8955034951529) 7
(785.6038682835888,46.97180959426983) 5
(83.73201423392862,842.1987923226494) 5
(128.4675385515155,448.24258546812445) 6
(822.3743873194345,843.318511055087) 4
(488.32378323353976,786.18573203301) 7
(391.1659302579325,936.2818724810558) 8
(594.6928733623147,171.06987565158272) 9
(156.55077904026905,361.82832403194163) 4
(65.42646377421867,621.132178920207) 1
(131.47162728656681,318.94275407392456) 6
(935.7086367307154,498.35767350817173) 3
(952.6659459196463,629.6677552463237) 4
(368.425419388828,70.10239345581138) 2
(188.76981278172232,533.1952205350016) 6
(632.6179707087532,968.3196234383354) 5
(471.28469041774736,247.89861241559774) 9
(221.5937884222684,248.07761649334526) 3
(669.1426537732186,334.73218560401585) 7
(463.4426872111025,275.2089545344529) 6
(753.4002670350231,345.8106885852946) 1
(168.5704476393114,530.5091591254177) 2
(427.0986355973259,714.3162174679941) 2
(880.3108725025693,626.6503299887463) 2
(628.2948695744441,596.1820032801398) 9
(394.98916290011186,321.315090531872) 3
(578.2476024392362,399.78076220662706) 5
(356.4651837293853,40.36234581508813) 5
(724.8923701207925,290.6753525763781) 3
(656.6140750313825,323.825541783611) 9
(397.0309659474925,731.1359757013387) 8
(874.2956965549846,826.3045471532103) 4
(36.86331320110226,73.15318751678457) 8
(891.2852847286008,973.4204902120333) 6
(559.9784058462883,837.8002762974704) 5
(547.6908416620834,261.2351825049778) 2
(258.06920129247555,235.2804812221282) 6
(986.1249322588058,52.690822345478175) 4
(791.139233923123,485.928006939112) 2
(914.2701332128487,487.97281539488426) 1
(205.00956342166876,751.1309532419974) 4
(407.6975969680521,842.1102869407562) 7
(199.54420862811097,801.7985291382096) 2
(163.7759326377972,655.3369633824237) 5
(577.215310372731,902.8075267127899) 2
(993.6938951409,612.7630129642583) 6
(797.5589935256597,880.6075673503271) 1
(727.3908287341636,580.192631767627) 2
(726.0390373797346,26.808539855647908) 7
(705.3268475024806,401.58890216441335) 1
(832.0218280643461,463.10966702920643) 8
(575.7054716473531,858.8277987116879) 8
(361.2641999542492,636.1011689516348) 3
(640.2165231899005,634.3488106061315) 8
(470.45859900985687,204.65629842220045) 1
(347.58235660053447,463.48139120270906) 4
(94.12134868768673,397.2638954269877) 8
(131.58163614338358,674.5704277546134) 3
(909.9771477812826,172.7302397451318) 3
(859.132440260601,825.8905564316628) 8
(6.397721343678331,819.4865860934443) 4
(665.62625404574,129.56570623071994) 3
(64.32603225283506,357.6531702672547) 1
(591.2319419075177,360.2202229094393) 7
(936.6146457704151,514.6641119615873) 5
(965.0869285413551,649.1450452123761) 3
(123.0448556874555,609.1721066235403) 3
(993.0289884258794,381.56283759918995) 4
(241.17531093570466,729.3253213548592) 8
(262.45252124701335,576.7465015730098) 5
(938.7479897864627,550.0025289993398) 6
(989.5755173167415,346.12281829256096) 10
(830.697107012012,1.2733245934494208) 7
(264.2588693071326,360.78198461853316) 6
(681.5365916071036,331.76596705685665) 9
(595.321648007103,390.6906712281956) 5
(470.8169029761592,563.1447884077716) 3
(737.307386870282,185.778071527285) 5
(592.512896945519,691.0695850287973) 1
(637.3254162236024,384.2771267880505) 1
(712.9857666205218,98.72115881152543) 9
(704.6608499818511,170.53728115053713) 8
(934.9601596603806,316.4915430860386) 7
(644.2681849769298,350.51162602049203) 9
(471.9173182881202,424.6676564873675) 3
(351.7050307766573,910.5860345701914) 7
(672.3018418923866,433.1747748713757) 6
(412.6074367137744,820.0453561633376) 8
(718.5141736348655,825.3920440823183) 5
(153.7504965497991,490.1323889359286) 5
(552.582678429967,685.2336877036838) 9
(972.0920931003393,5.702678718656484) 8
(171.15982846895662,146.6873495839257) 2
(787.0465563091789,950.3542988128646) 7
(877.1899977898911,980.0846929355864) 8
(371.34328190782594,762.8169359522486) 5
(814.7476222848177,892.6640979715996) 9
(785.0706343286595,278.4728510279303) 2
(674.8761644027278,598.464142531139) 1
(649.0233207994411,964.3534412720156) 1
(44.86508868269878,427.8131084222764) 6
(454.2491992566262,124.01748373446996) 3
(626.2762400432073,399.38742174243725) 1
(941.0146550735024,324.61863687006155) 7
(733.411760607995,36.45919979108348) 9
(690.3769129800552,35.284185636228706) 4
(917.3755530340918,317.08469241891413) 6
(26.733543278551373,239.9521125641336) 3
(749.4225987720001,604.6875109934862) 3
(111.7930057930262,42.0860025169445) 4
(74.81700556495963,636.8404660042265) 1
(320.2822570110154,338.6609929639276) 7
(960.1324564590939,665.7079717663084) 4
(478.64647154091733,869.7616274695155) 7
(977.6015011375789,554.0749565990405) 6
(32.07179228773427,418.66493830252716) 9
(645.105224334285,565.9389554704576) 3
(645.1714267243552,408.7154462093697) 10
(932.1703239687246,942.1476742037875) 9
(966.5057244272714,311.16589762165427) 4
(903.2459532909105,23.718635876946337) 2
(457.7708640314158,6.012558303656768) 3
(828.3209661719326,904.9269327334265) 3
(426.0914350801981,291.386852694741) 10
(295.9964843913264,20.878152843435526) 9
(856.215676895984,928.3243066311848) 7
(162.61495591480312,477.75416609194707) 6
(390.87334666090646,905.120307241675) 1
(239.14988320050935,676.0998956548333) 1
(604.8870704760708,938.2287531065672) 7
(599.5098671637087,785.8948781794492) 4
(126.65720794633073,990.8623285684804) 4
(634.4059587274663,367.23966514008276) 1
(149.25145188881893,376.072450721765) 7
(460.2554276473737,890.4240675111212) 8
(611.8222754278042,340.48388539052013) 5
(837.2287842082571,610.4352724755587) 10
(612.5590894555118,896.3034765679428) 7
(579.8524518702203,876.9039936040808) 3
(780.4650550395193,334.7263328092681) 7
(980.8628102075155,239.5778336870702) 8
(967.8218321408237,918.3170045345971) 6
(528.5973975621512,651.3653143450299) 7
(261.4181765903397,168.73460000044992) 10
(322.56989711155404,344.1993735082084) 10
(917.9249043825837,408.6151811495512) 7
(380.491771290235,435.98431352378043) 7
(990.5940582698778,558.1903578767924) 8
(542.8911705870605,1.7490862962216136) 8
(809.6834459302191,742.3705389045213) 2
(989.2974942448016,954.1319478788387) 5
(729.316247606,653.3916500653876) 8
(693.5630836363521,631.0254641149513) 7
(69.8677194230487,72.54461081279906) 9
(693.7094989598005,572.0761449032894) 8
(428.3125891779035,349.1349546293693) 9
(286.3753461485745,860.290704522244) 9
(69.93443073038385,300.7423792221635) 6
(611.0714801697671,69.8624525494621) 3
(214.24748337037002,313.24417586810813) 3
(754.9191039806152,509.8594516551278) 10
(627.9102833743202,169.38121753331038) 10
(699.8146260011188,170.0593244111036) 8
(662.530595050404,102.47048848771634) 6
(640.3050135321627,572.5478056353134) 1
(880.0566546235353,91.48883096779747) 5
(518.6397280200041,641.7579402408699) 6
(592.5113185936106,740.9358212468095) 2
(369.25607842213947,280.55974785682025) 9
(549.9836349186883,74.7453199381084) 8
(5.606200888297663,291.3137181075799) 3
(134.22997600426046,928.3093610692414) 4
(579.2405966311518,855.7553567749976) 10
(79.03362100369371,33.0655950056562) 5
(31.191273300873014,907.213802014919) 3
(207.34062562198386,74.4481274574691) 7
(499.5704817950842,970.3114505084963) 10
(318.80350317697025,806.2612781073059) 5
(530.0872698210605,984.2777643824069) 1
(437.2759710815038,880.3638802847106) 9
(946.4536974496904,65.04967441959919) 8
(63.86198621482475,235.77987691563916) 4
(405.9805536595774,535.2059469217643) 6
(782.9367495625204,919.164477129068) 9
(834.960714654188,404.7065784269573) 6
(991.7850947326077,263.9768095299843) 9
(480.32536214235876,487.64353834785345) 5
(774.2488067118011,27.79307538092135) 5
(621.8885329475438,834.4379208312056) 2
(946.3790534336902,449.73268060748705) 9
(782.5952798451898,142.98655503752755) 9
(579.4701672120281,683.1334220282668) 1
(392.8197746705174,290.84114546146577) 8
(634.1272499888477,528.855382495429) 6
(309.30545824785384,989.5385637958854) 7
(48.10304507268071,927.4783104614631) 7
(776.7700882422511,572.6918700730129) 2
(463.37276253334113,916.4061999087396) 5
(750.2988340657474,240.00997266459433) 2
(884.1514895627722,314.03312966063834) 4
(833.1953150985155,638.9322182574981) 5
(446.38754978083597,649.728188181662) 8
(842.0247193465816,951.0160504583666) 2
(402.75247146090067,641.2325279160523) 9
(938.4626123926022,201.75121877578673) 4
(432.6802076819748,925.1184743513962) 8
(890.8212220654531,767.4309931403822) 8
(182.18211656101403,641.9519538354028) 8
(552.4338962715435,501.7069395662521) 10
(560.2433464634839,759.2529717181241) 8
(533.5047073763479,356.9598381189614) 3
(263.21857811035665,693.6816354122101) 10
(553.2432290763094,648.1190289193775) 7
(203.25929056669924,911.1527833449215) 1
(468.5304735759288,86.24375696160291) 6
(686.5813635887856,926.2873591419747) 8
(109.09876834686338,67.27661074089109) 4
(655.0513109438994,350.6701121088829) 4
(537.1996641023067,847.187885874551) 2
(817.2146215370261,438.832617240553) 9
(139.51941773884113,472.363467921146) 5
(874.3337544101274,292.71825276041653) 2
(972.5607254301231,879.8390158699649) 5
(561.652661463538,948.2392490280909) 3
(454.2977974857031,543.5493090073444) 2
(682.9759666637775,225.07281242522092) 2
(212.71774409045153,668.7775358578465) 7
(665.384154525882,201.69574772479427) 9
(822.5393670126015,875.6558855080979) 8
(576.9651430929284,491.22312897288214) 3
(180.55098897200995,207.24535690000812) 10
(179.90438128040765,186.46091073492144) 10
(353.48029813550653,404.141413079413) 9
(758.1417374014427,665.9189244795659) 3
(779.2099948954519,236.26412384702633) 8
(863.4097528509179,396.77340894023973) 5
(455.10587184409303,635.0436530362081) 6
(197.90143951788997,480.7320578703186) 7
(210.83752064045004,69.18103773951789) 1
(781.5193929236142,805.9817477409692) 1
(595.9324977963016,743.9113471120952) 4
(340.2571022154606,271.3121751168407) 4
(106.0606646672353,605.9300102372117) 10
(723.7781034417831,38.73915353671853) 8
(991.515281474767,58.997683117455566) 2
(384.8833449696254,129.80703707769948) 4
(505.88717634857437,525.7703497976512) 1
(432.3120203567604,305.2619702171071) 5
(891.3929282267085,733.2975552306069) 5
(264.7009137060877,486.1534750135936) 4
(150.82631783006872,294.0319685592143) 7
(328.32152830127745,87.14844918645514) 8
(603.0800116163316,473.2431913372291) 5
(923.5646825949038,522.244334512159) 9
(844.610899671685,989.9937156624339) 6
(505.5020172438367,469.5437724745565) 2
(430.68570174485245,849.2301903604606) 3
(424.7408355329696,530.723313128978) 9
(317.74497269732916,465.7650263370936) 6
(877.2840914749396,285.7268518510063) 7
(819.2016474540509,154.9526058416141) 3
(890.0380438048179,350.10303687032217) 1
(662.981395531768,987.2448663758576) 5
(733.3345493875732,875.6615352997592) 10
(170.87582437801586,643.3215073183495) 7
(158.9531616719557,327.08571062901194) 8
(688.2024732190893,890.9806670598164) 10
(970.3617948462222,678.4527287160391) 5
(616.6049461025895,665.610816416061) 6
(180.41911658965648,24.645592767859604) 9
(611.2903891208327,189.47466307146797) 9
(365.73116259669837,294.700928632192) 9
(293.9430241702151,237.62118265136877) 5
(412.91378275838264,707.6474054583014) 3
(742.77138890162,394.94679952491) 2
(59.944742089531154,890.6751492997818) 10
(482.7217518354867,957.8719607047829) 9
(616.8533790217581,12.574561181960098) 4
(226.71392784541666,307.4232335344422) 1
(38.50127396493941,749.5389905874974) 7
(79.78590789174255,729.5154483010824) 2
(58.573843825959315,999.467415935192) 10
(39.65148968215193,72.1444051045973) 8
(833.4195292119957,69.62968699278494) 4
(899.9707482768032,65.29748945301606) 5
(365.8528797921108,157.5069391169882) 2
(559.1204819243102,19.79813371139216) 2
(370.08406006583215,654.3807466862768) 6
(863.8866391146054,782.5208281773247) 2
(60.23500495836787,697.8940127325241) 7
(549.0993014165253,616.1695127080949) 5
(227.20311192435537,28.219568170632094) 10
(938.7406649817536,645.3449264739654) 7
(846.9792135185602,422.532595429418) 8
(575.6222384723751,507.5372054114651) 5
(120.14943120295685,487.13003147237464) 10
(14.405437479430683,750.1263771983357) 1
(849.5348047027336,961.6916912481909) 7
(112.87893645308023,976.4592159672596) 4
(292.2908327553626,486.573627246509) 5
(441.7465135479525,798.2469814016516) 7
(689.1233931326535,102.32212951708442) 9
(518.3265542571787,426.1430495305989) 2
(265.75811275512916,133.82502132362018) 5
(477.4753399471776,708.6951433497757) 3
(826.5870262273602,265.78360616824625) 1
(800.397052446392,108.94575693868825) 4
(412.90969714685997,68.8811247657578) 4
(449.5079141200656,183.40277577348206) 6
(28.801996964342493,621.5280679246998) 6
(986.6363490397536,531.0868956410031) 6
(279.57023315994945,443.963570677517) 2
(872.0508413321728,566.6515710684469) 4
(976.4982262852855,821.33488295367) 9
(427.4162577079949,142.93482911129095) 3
(652.5312761244475,586.0592121120255) 9
(247.76096197474496,878.5632608934773) 7
(242.09886667253878,287.03265225039644) 8
(912.6365097871223,837.882355770734) 7
(172.43006591916665,276.77292273449603) 3
(382.62620323078744,441.3109756765008) 10
(777.1914538955668,464.0729109237678) 8
(39.45120030086802,430.0822117485277) 2
(179.06718743936634,954.0320002208621) 8
(29.926887750289623,417.7902576150774) 8
(346.2255724067754,713.472078591547) 7
(24.6058006631934,883.1044750118677) 3
(956.1151190245903,218.38905864213154) 1
(887.405370776255,892.2783424234954) 4
(537.5122624164884,909.5679942275966) 5
(150.2587776511405,586.1268186241572) 8
(873.5716881978485,986.0458891282018) 4
(464.1949408258211,358.17481768807335) 4
(387.1999492511559,225.99845873180536) 1
(276.501328631212,414.77400178118063) 2
(554.0648105989569,551.9008090848606) 3
(334.4615623178001,800.730598524588) 5
(476.76877429473495,571.9790985017883) 8
(21.235531856050983,323.39095013151564) 5
(603.430933730029,969.545666541123) 3
(386.945236565439,200.08876564987378) 2
(526.4268811546408,648.0758091501899) 1
(657.7644585811526,203.45881801824362) 1
(846.2466199971066,37.58541386301361) 6
(112.24171898908297,352.8394322403221) 2
(580.0063894712822,425.2750855755786) 8
(351.7855208209588,818.6845106527675) 8
(246.57069942579767,123.08152571510433) 4
(82.89024264979383,141.2993548336844) 3
(461.89744132010026,9.279196936787915) 6
(352.47277829574,929.3398659548291) 1
(842.6295280945164,705.1757278364797) 8
(841.7962962834071,130.65284927411557) 10
(494.5414230502067,22.536741525670976) 10
(578.6375878091321,6.402443205873798) 4
(666.3413879502351,718.5659985411331) 4
(810.2063852591257,699.3773998331493) 6
(40.577459824001295,201.81860682434893) 6
(56.265989126326744,962.742565073366) 4
(625.8546064645069,652.3310072702327) 4
(900.8650014720951,712.512553152784) 1
(496.37679988322327,594.7736530633682) 8
(400.36808335680263,799.1269965096819) 9
(822.4972823405938,510.06754729917867) 3
(713.0422249906148,980.9952273899653) 1
(106.10949604473952,869.0614191804323) 2
(732.8303569557106,999.2138024738584) 8
(806.4534585452257,721.057864488944) 8
