1000 1000
10
(0,0)
23 80
450
(203.89737736581515,909.3837365660961) 1
(833.533356348394,894.9284753938477) 5
(665.3632522005764,438.11408987969793) 9
(570.8031446413122,861.8947638475827) 8
(913.1336851659353,686.1579969683081) 2
(800.4542726452875,37.220704967538595) 3
(163.45826313438906,482.2306299387782) 8
(393.38894403568804,619.4466274403454) 10
(100.48055581772175,899.0842288861651) 7
(153.91602641101053,508.35301509029705) 6
(565.0329894074574,303.1150170776078) 7
(820.5871670323738,681.895643807763) 3
(471.2369284856407,75.99285043501413) 9
(214.7905991037252,596.1489783755496) 9
(288.6777832673223,412.90074641912565) 8
(911.5063746271614,465.2691090327069) 6
(35.32504008064885,720.592708539628) 4
(129.49448753238067,402.93876875853505) 5
(752.1134849257631,356.9674626824174) 4
(506.3689648008719,144.80170034008276) 2
(728.7482781910377,63.64314096432122) 6
(910.1412672829236,217.22550995378108) 8
(398.8541640176977,465.8140623802884) 10
(350.5271727310265,987.3799552554127) 3
(520.0996853395234,117.53507441805588) 9
(266.55016561362834,68.02475846742651) 9
(829.9095449356131,424.1087588001262) 4
(266.546891139812,452.99616176309866) 10
(76.53277604614361,811.7748006029931) 6
(956.4975752459923,686.9233156573732) 6
(927.4237574537809,691.4687401364185) 4
(632.0042881443326,965.5671887406932) 7
(12.244708318349673,185.87121809080963) 6
(738.886930099491,239.92562082524006) 2
(317.06083901118063,541.2328835906117) 9
(327.9158411729345,587.6809455112906) 6
(77.01173508502568,195.14251681460547) 4
(341.3627335911934,974.4016758312259) 2
(138.46684708640677,966.9195309168597) 6
(72.6221406453259,207.2064442524021) 4
(143.97595927097373,328.7426381590574) 7
(586.8113200753828,955.4783035852151) 8
(881.5234264197712,133.2440999110459) 3
(611.2343477912677,117.42836560243441) 4
(431.2565314343986,388.4035176829944) 6
(863.2578615679392,403.4995565748039) 5
(815.1799897629901,129.3887325955616) 9
(948.606190085917,894.4310820280708) 7
(844.3493699681038,963.2354472758753) 2
(989.452180850484,689.13642341484) 1
(421.03121984216097,141.2945297434728) 1
(337.4630446973731,507.4049467930999) 10
(842.8179279184587,84.82306657783533) 7
(348.3846646270828,156.93376489795796) 3
(111.95430799303807,41.256174837358216) 10
(835.0917340299821,584.5727499816594) 3
(191.49907912516917,413.25209285149765) 10
(455.5208423935585,125.76109574442296) 5
(895.4408882439562,707.6353092722493) 2
(849.1642424612269,491.8398493810421) 3
(380.3511537147933,801.1951751775052) 4
(89.0984595655342,672.9171472122147) 8
(816.2784350858044,136.03968929401177) 6
(398.44277035639806,511.8398547402857) 3
(697.5773197656866,957.0617049648073) 9
(486.8864990211096,564.8777655286677) 6
(383.98828183019174,645.5511060123405) 5
(511.3073473152474,157.7015168446273) 1
(627.075659691736,570.2355758212232) 6
(25.957717955169656,505.64193516372814) 6
(308.4333330862581,776.4410972220462) 3
(528.5647135840971,968.488944917203) 6
(587.8347556944517,127.82154080524522) 3
(348.7479031789714,263.8953617543456) 5
(510.65897859072163,167.15836875229894) 4
(198.81651391031662,107.38912870191997) 6
(325.348586512792,737.683603014767) 9
(63.75556289909778,682.8975507435822) 10
(810.0724825528912,385.93248454703297) 10
(396.38075523657454,215.1013686104063) 9
(579.4046613032433,916.3936951433203) 4
(998.5842450419883,414.6314801169073) 4
(514.4593914380335,392.2812546931972) 3
(989.2476961097914,912.6282599544951) 6
(543.0926220592174,695.6085399259055) 6
(989.4467917880422,298.69774303672756) 7
(288.30182962826757,53.25597167575158) 10
(953.2909575150773,836.2707110483058) 5
(740.1717896386399,710.9070476038862) 5
(544.3165819854565,951.2901863406049) 10
(759.5996804915796,747.7824679150626) 9
(453.4215214257241,182.32281727145138) 7
(172.57958798539795,582.472259617539) 1
(430.4903499324404,585.842691508361) 1
(128.1721799007457,781.0607891903475) 7
(535.4777687127523,365.1779345504915) 2
(782.7485941180939,165.22739182469493) 8
(316.23685568270696,721.8137240150293) 3
(150.660864963851,493.93642384115856) 10
(807.4677101843345,825.5423504092249) 8
(598.7337002317772,902.3223697693325) 5
(716.5365238068022,565.7046862594627) 2
(961.9670938087133,598.5531965898388) 9
(606.9761866078607,55.911926845384926) 8
(311.54019130357244,536.5415901699977) 4
(951.6977230107037,604.2866248110596) 1
(484.7384359479402,722.229809422917) 8
(380.16220111139256,745.6780203384913) 2
(83.0382095140324,491.7398078705296) 5
(136.46236766771457,202.57176991623695) 9
(83.2679884609484,247.74787061178637) 6
(410.5658443917628,407.1891519764812) 5
(934.9763051670292,275.76935459949647) 7
(765.5151096587904,105.21337802629816) 9
(522.7259568736685,754.2260950025714) 7
(725.7642895702589,131.05610267249924) 10
(571.6520088552221,646.603181141599) 1
(116.30404573866792,668.1197955747235) 7
(198.96064597128293,803.6715389043426) 3
(136.79371743477608,942.585700146122) 1
(631.4986486273569,908.9803185317917) 10
(401.78718496489773,109.48466446611027) 8
(943.6544531336627,281.8491040112755) 8
(645.8699060184325,32.42248037319217) 6
(692.2922551453838,525.5260725813457) 8
(385.7032962271001,722.1002057319932) 2
(607.7376279938339,117.87689733545025) 4
(970.8286986368461,693.4190191064971) 7
(856.7467851167171,628.0227868167002) 9
(195.3679806839743,456.4007382382936) 7
(534.1210310094889,868.4804920076558) 2
(826.2870452600636,983.0692393180417) 3
(872.6502816176308,845.7794363299525) 3
(819.8468089360584,656.0847957458719) 2
(568.4175533956147,241.15612670664376) 4
(478.1680228821582,372.6329988721789) 3
(48.40990628698394,398.36506573459496) 3
(71.21636719440883,161.09748846680404) 10
(126.4458487972504,959.3567408408363) 6
(261.1273729399847,732.8875133377885) 5
(16.892466287161454,887.2806436446913) 5
(950.9770633391165,554.874435047932) 4
(408.8325119229106,346.44205912790727) 4
(777.658084059055,645.5658675490898) 7
(662.9747206976047,174.8437511853388) 5
(126.81181757025284,825.6503895722478) 7
(726.7815073724876,431.28652138993607) 5
(700.3822444988456,405.34468838727213) 9
(518.0307350045039,818.0769140968192) 8
(633.8858056943304,22.617911081054377) 1
(309.1786688230558,377.75286405863596) 8
(377.16968879644355,970.7907279764229) 5
(543.2651533682617,647.6469085435149) 9
(324.7785735765905,362.00132613933886) 10
(380.90687163738926,947.9199286856789) 8
(145.5327634086384,246.24603436109194) 9
(975.5139238462393,740.8674284656179) 3
(807.6078164735878,744.781922337989) 9
(487.7205737322889,189.67835689853018) 3
(797.4553648396317,601.168139408859) 10
(376.3955685211153,253.41329977586392) 9
(472.1637286782092,520.3078310720853) 9
(483.4180687823181,499.557162114737) 5
(827.5217895852725,917.2518412279245) 1
(355.6035395107223,863.5825283430634) 4
(539.9199086341738,815.6247812606623) 3
(778.3508386678014,703.5836290739427) 2
(720.3568739016106,85.37389536208129) 3
(593.3311988672483,216.0001795389992) 2
(476.58843879793324,524.4863601717587) 1
(1.3482770592788684,587.6683661399464) 6
(524.9534645217046,652.4558863669229) 7
(904.8477412706995,653.0082611874775) 8
(768.2434585998418,343.6853884535843) 3
(735.3086544272909,469.74479035041816) 1
(925.6289651852217,240.8334928443091) 1
(173.6669100775997,28.326746838551852) 2
(656.4556557946004,63.63306745814468) 3
(54.956464169785946,399.52542338929777) 2
(737.1889876741624,151.40453950066978) 3
(18.007307905511972,607.9975742433612) 7
(725.7243146927005,8.265742129977216) 5
(146.9398626611792,339.54156654874333) 10
(389.25076014174067,591.9485483217242) 5
(274.10498594998853,238.9895425868457) 4
(3.4982562621579394,139.66217511051303) 8
(764.2353409568515,462.0181451617139) 5
(652.1244077738676,877.1238928595391) 9
(166.57466112168507,721.8014962164781) 5
(206.06904783712898,366.76056819262016) 8
(449.2127703015427,411.98775373575745) 2
(876.465456259979,876.7844400246677) 4
(440.91594918397567,967.6004089371814) 9
(315.1318913910638,950.8933981281307) 1
(778.9438932951,703.7670573179128) 6
(131.59564923422252,334.7768272186784) 2
(892.775874105259,560.1030973838286) 4
(438.86808313356727,795.9637483059859) 10
(768.0854013081118,917.3668428571185) 9
(528.0644404117924,531.7378117140282) 2
(79.00278600501964,902.4554012697425) 10
(702.5577230434135,482.26377236009364) 3
(640.7400172996787,403.09559928670893) 6
(996.9005263004168,468.16401537757923) 4
(773.3869029258564,761.5974500263635) 5
(403.74133338287066,729.5185486291814) 5
(556.7700866252188,901.9968299633176) 1
(564.7454602248065,53.10679985256728) 3
(376.20692235354005,365.42757229806455) 5
(384.36586166084373,295.3128178712504) 4
(861.8238092622507,212.3914078786412) 7
(826.1341996041277,440.14057963260154) 9
(491.7814751371684,630.8301396133937) 4
(677.9643962019065,995.8645551453906) 10
(743.2083956895847,718.7652239932329) 1
(103.45975056265011,573.8553347157278) 6
(655.8452622430043,809.0198561726211) 8
(77.68501117218507,178.6461137070483) 3
(245.5970337092329,742.5439552316657) 8
(711.6299516290449,606.2891643566912) 10
(783.322694057283,892.7275110266172) 5
(813.8670121450645,2.8107964724900514) 1
(493.53694052308725,168.17023258604223) 5
(454.29201196958644,540.5034917890637) 8
(925.4839586946078,176.36096048366602) 7
(67.78659419792521,996.8946821950027) 10
(484.36064182975537,884.6410351488809) 10
(669.1948431502618,70.93391475246801) 6
(725.7761275847678,146.28811704588284) 7
(359.472658679742,623.6623981830544) 1
(762.3459092508688,631.1567433627408) 5
(234.13593504049624,829.3360733690282) 10
(608.0426840193117,658.7664765581363) 8
(941.9058197213926,615.287811878015) 3
(19.81583375679441,729.4406255689687) 7
(638.0508216396431,297.3885314110324) 1
(698.4120102182271,753.2819420758137) 10
(879.0445563256044,923.9826622883674) 1
(335.82000686478443,779.8054526443862) 2
(29.0643177697244,789.5148473855028) 9
(543.8388260309355,359.6580793954166) 3
(902.5041655175273,986.2261224941983) 1
(231.18595131124687,51.41569491433429) 5
(197.69770088366755,819.0722981488954) 5
(723.9471492785971,595.2561040411908) 6
(108.04647468945605,667.8401429013683) 9
(472.8447435819031,304.1392019079302) 7
(299.3306082558366,901.059156355802) 8
(689.8513700778926,813.8781932687256) 10
(758.5425242285073,819.9009876623628) 1
(134.2760866827316,972.3389221231458) 6
(252.3261538530064,36.35941140513233) 4
(154.5181880005161,416.7927317865565) 1
(36.586266099179696,14.623337327706377) 3
(25.67500313778659,108.33065702417754) 7
(195.00974744619637,796.1618412383298) 4
(823.3871646145499,264.456900290426) 3
(0.42194478202706165,954.8339475076605) 4
(14.460090024722373,784.9774261423944) 9
(579.0549889346837,982.7326698719529) 4
(556.0084155891944,128.00263438945603) 9
(669.3948540523925,542.5791012890688) 1
(593.7757023799811,443.10119648084043) 3
(717.0357470758753,333.1661336744496) 9
(456.4603055036581,294.7156069270277) 2
(67.2792843968848,499.49587355532157) 4
(766.0517270397488,530.2028429629787) 7
(43.40721633790756,18.501433785083176) 4
(147.5607320021699,585.6139174872962) 1
(111.99130334874563,610.4115509220868) 1
(826.3814209216803,296.6110876449105) 7
(800.86372911371,321.7520496189199) 2
(177.50704789252592,403.88825280466114) 3
(98.34314440637215,69.52109190298061) 5
(591.5996947915758,695.9599153607842) 6
(609.9076717092222,966.1484575804128) 8
(178.16347551229285,953.2356304459146) 9
(437.42442892728764,327.26423122198776) 9
(811.8094548472,303.3628150414988) 2
(269.83014465524013,134.16211137297495) 2
(687.736091197811,184.20769365167956) 10
(802.0050639957365,36.18178939628447) 8
(748.0369988659662,723.9298514052464) 6
(576.9717641489906,672.9147837938805) 1
(581.0167871891451,365.43461416279) 10
(763.9706777272781,108.03085103512356) 10
(862.5281699547087,681.3396981077778) 5
(697.0358607016303,381.6879596922601) 8
(203.13484388474313,884.8850530715004) 6
(414.2194233974008,3.189875979086265) 3
(69.87365507687504,245.57068605938593) 8
(998.9708500957511,376.83103421658893) 1
(922.95714133507,605.2052000428117) 1
(896.121008427424,399.923720515617) 1
(398.4141664277422,930.463418014817) 10
(997.3990430153086,673.8620020524958) 5
(936.1495328059283,763.9492170294673) 10
(146.10081879537273,260.2691014279148) 6
(70.11336733216078,121.30275474380814) 10
(119.03663188911196,989.0215328193622) 5
(458.75354001234246,520.8601551020965) 9
(192.11130943373723,551.6710152245242) 3
(926.9650785871373,270.63405655922) 2
(896.3085007536247,516.2618728777259) 8
(439.9045064130861,9.10002087922679) 2
(872.8196021914497,648.6748243929471) 2
(263.4187104312601,771.5563826071312) 9
(405.26972865069723,434.01480227808275) 8
(720.9231846190619,161.50922819577096) 9
(320.56598301229957,396.40452768057867) 7
(815.7077910635353,55.612579249422424) 5
(143.82009392457007,169.65826510202064) 9
(9.222176295597627,256.5353453830692) 7
(905.2495175962421,34.45990416809275) 4
(673.4507649780761,851.1866157591697) 4
(733.8410212606543,677.4613508212184) 10
(786.5065004348284,416.7675485259986) 10
(276.1736307741074,725.9737876332211) 3
(933.5153535606013,282.5252382877912) 8
(566.378423766701,905.7384600406833) 3
(403.571436024577,577.2665738334849) 10
(881.5346636666343,779.3153940407876) 6
(387.95912158656785,117.1816566135937) 2
(841.6446131318891,854.7457002657882) 7
(680.7162755707823,800.6230788041557) 6
(854.9106860276377,627.3485453005637) 3
(157.07575166019305,217.8292506549997) 7
(322.11260442486645,372.7657474283621) 10
(83.51405799251465,834.2673151728827) 6
(205.94311659659604,214.97631723959387) 6
(15.17258805096866,337.91209015200974) 5
(929.3682546373301,525.8648819471524) 8
(790.0106349966695,380.8143985598116) 10
(840.2485068002172,190.62296015905966) 2
(528.7767529229886,206.0491201838467) 9
(680.6360189103425,862.5493321470593) 1
(287.7323265993883,890.6768258037066) 9
(140.28708673641722,804.8767790258757) 9
(583.165634751866,482.11956815563826) 8
(118.88067645201549,112.08327388384699) 8
(848.343220416831,762.0850320460848) 3
(53.43138917540302,779.927570526927) 7
(73.35551029519338,327.84862135883196) 7
(208.9918889455854,540.9750111865806) 10
(149.03282154660292,536.7358263449086) 4
(78.41222843560391,856.0067872605243) 10
(745.3179553344218,743.1051726687384) 8
(205.35657882892255,163.1809624154218) 5
(901.3357332057286,161.81982400990168) 9
(537.5825469787069,214.61740915849737) 1
(77.85375475312561,559.9444714466345) 8
(6.8683432636762465,3.123326672806903) 7
(511.76627344952453,221.22704538439297) 8
(303.3869786298281,606.0933027929142) 5
(331.0439265754951,759.4821765403304) 9
(653.9066466847961,738.2442511060727) 7
(962.0228927406026,88.66942731041961) 3
(515.6142351157039,981.830177979547) 7
(539.3346050167389,197.81945362171348) 7
(339.2824795111955,426.7782855578306) 3
(375.41574013672874,797.6818133052471) 4
(456.9090449271427,948.2442548062913) 3
(42.73703395759221,716.9938467446642) 1
(413.4165475060166,528.2848282931263) 7
(14.964092833888332,938.8690275216118) 5
(816.5523691836187,530.8821923905588) 8
(25.944381235128766,647.5252137844021) 1
(109.91258528526382,141.14335538597356) 9
(415.24329141077743,286.8026779981333) 3
(874.5528336722028,116.71987316869748) 7
(41.98921777088571,910.3038132478451) 9
(591.0675809309735,959.5245133150167) 9
(105.40973195163694,916.2015932598953) 9
(573.0558451776893,50.687442239597644) 10
(796.0811947532105,960.3880921365933) 9
(694.3338342052425,521.7045763358554) 3
(145.92995943987907,627.3170487302834) 8
(590.0371469939766,35.01215850114758) 7
(318.131307531153,140.3997237777641) 2
(482.1737151874267,496.0002018166032) 2
(781.0354046918605,25.889735097993416) 2
(155.578034458969,95.1351600767405) 3
(696.371981768205,57.14234419301811) 2
(932.5415504408036,577.8789604422841) 7
(276.5198225714608,564.8208339402219) 5
(266.3681442234952,608.8602880173063) 2
(801.4784836952098,54.19795692888019) 10
(174.61164035856913,231.07002803316857) 3
(788.5781072829141,867.369825537827) 7
(474.581283290459,290.94181868544524) 6
(64.29482682690745,194.68037638800882) 4
(42.14045738314831,84.0634020852281) 4
(180.55005295230953,62.299600306884194) 3
(36.89899594566648,118.46145072655057) 1
(418.3818204198427,896.8681964028467) 4
(425.6198847555869,832.0478881889964) 2
(660.208545596815,509.863657592449) 8
(927.2644968321866,756.2071150876893) 10
(838.7593633914331,144.2384706875748) 8
(624.5712314455105,358.2936769884399) 8
(136.31260328700745,395.90214723146545) 6
(635.4573935552992,520.7456330400464) 5
(312.0282505441926,71.2907450052569) 2
(974.5717432136411,269.7972844573966) 6
(307.4952900908371,218.05220616434585) 3
(438.29864210906567,177.62350211184264) 4
(123.75475731275188,375.718663395332) 4
(730.3888851139087,396.4221946038672) 8
(865.2763418116733,874.8652331988338) 6
(636.4518658082601,521.687601261268) 7
(757.4974702584757,848.9490128908557) 10
(606.6955055550262,524.8319286437927) 5
(494.96594298227745,162.77840646628928) 9
(253.01613950953262,894.7320606013807) 2
(542.132872535985,540.777335803934) 10
(719.151306907221,328.8758457690024) 6
(28.00947977717172,994.1122350938131) 3
(469.67951566343436,259.0125456353741) 7
(664.0068171170151,850.8119368854267) 9
(548.853356271206,87.93657641548613) 5
(682.3438991399103,702.6440718042692) 10
(503.7167424203013,49.85877179520304) 3
(710.2432430904923,507.9232504936001) 8
(73.7678115800794,513.6957446875645) 6
(605.4213021461394,467.11861279008207) 9
(728.6316218740623,802.3919134887033) 5
(489.22962283577886,22.482420675313364) 6
(783.9101840254561,438.7629163755008) 7
(689.6079903859289,956.6924634909303) 1
(896.0909119328857,447.51133591710226) 1
(830.3137491308888,60.03526526376335) 4
(920.9054838490571,716.5853635071894) 8
(127.81365394908283,995.3662438443417) 4
(449.6932222546243,268.13492956893947) 9
(580.1149857206627,457.88716558223916) 3
(689.5768809342894,18.14687193350273) 3
(627.015722406471,783.1002820387866) 2
(194.31459073353275,554.2035902120687) 1
(657.6155770209252,636.199931077507) 1
(247.8705886796072,795.8420835649024) 9
(394.3557330846612,938.6510115655683) 7
(242.47666089295217,775.9256067925157) 7
(217.6365787112513,553.9232801614454) 10
(111.97545708619184,148.04887041962877) 9
(830.1432818847112,60.591512605283725) 4
(675.0949347301574,41.93014813132412) 2
(53.669726068701905,212.15783670790665) 9
(598.0444270577481,472.37657608686345) 4
(691.5207491975126,268.5831258198095) 8
(808.3062314571976,167.90974914835) 6
