1000 1000
10
(0,0)
23 80
450
(464.719116226189,317.6298661422988) 9
(555.5677173065004,83.38481492675199) 10
(69.4861543253652,416.7126139669958) 7
(802.1185604582674,585.4650118858142) 7
(640.3398931191209,477.9345917054175) 5
(962.7689286621925,401.8777825137144) 9
(492.8409812696215,755.4534823504039) 7
(213.48815156421242,170.56824029767947) 9
(755.4892022170818,627.0528070047459) 10
(809.2226917416519,975.8795061551334) 10
(366.3608449374772,697.6404124440353) 7
(821.4261550675182,272.34571774782125) 3
(496.1909174296728,148.82337593365602) 1
(720.4285836741213,391.426487466533) 3
(255.47293881589894,578.7501546439037) 8
(190.4465266610984,233.3248525804501) 4
(155.1369192429386,562.8849575580236) 4
(126.38877306634788,137.23606844098057) 10
(785.2099855498806,170.53682888929134) 1
(516.5486805294138,745.6482247030534) 1
(175.29549210074137,925.937667093579) 3
(683.4542013878237,979.0258573296004) 7
(15.488379623113225,214.8856380383336) 3
(531.789472062172,884.3749545102797) 2
(147.40963129194097,933.5549006978393) 1
(553.4692349635949,174.43323050031302) 6
(530.6317683839999,30.131826268335548) 2
(387.533061980099,508.56140811142626) 7
(78.2255788056867,822.0401547747172) 10
(933.6195719557941,538.6399902305708) 6
(223.13043485037966,985.5132183857597) 6
(573.8282973889518,183.3570030651771) 10
(560.3119259872384,443.6046923232213) 1
(885.9431565656074,335.4111677832196) 10
(825.6293431407281,928.9761836208702) 3
(656.9632808659901,654.3347531118642) 7
(333.36140582072926,813.3055398290687) 4
(164.03442681022884,400.7247069626119) 10
(759.9205278361261,522.7255273723505) 2
(706.5023795810075,792.8311328459217) 10
(206.28848178342062,750.8287377000382) 2
(593.5904173111179,225.20377693456206) 9
(106.97163316724001,87.82420096713639) 7
(778.0674267338445,892.6512652439482) 8
(748.680562534163,811.9309010060377) 1
(215.82123183956904,68.4817029217395) 10
(756.469153572819,187.64937015380133) 5
(509.02948032285747,94.70660994099711) 5
(728.3901422593232,419.91912000108147) 10
(15.666693287020973,396.31652932925863) 2
(323.67834952823995,181.9352667375642) 2
(642.9174986967017,753.929677637443) 2
(959.7227556342269,357.18731248344915) 1
(260.7407667176169,921.1843946172836) 1
(834.7830203907383,428.67583529609453) 2
(507.26832379415197,911.0214805201733) 1
(167.16660679212336,212.76859022615236) 9
(113.25045360307251,11.451696005803758) 9
(421.0179231105794,325.3374759269422) 8
(845.1975384079648,397.4326675633376) 2
(163.43252239157724,358.00514960770323) 5
(534.0204461221331,968.9191604289492) 2
(72.01335514465434,487.2443800503178) 4
(442.54452302387426,888.6648342684623) 8
(728.3790243018235,579.9991293935489) 2
(651.9089180387335,777.6473762603771) 5
(898.397344993852,454.0378226803079) 4
(410.7703043167717,740.4813330382686) 10
(521.3706684728933,565.5935773541872) 6
(115.86511071315353,184.16694209909056) 10
(634.168482773694,901.71812772578) 5
(468.3624102088593,864.6342911107776) 3
(535.548197457862,349.2950918899964) 7
(987.3923675536081,322.8837908877781) 8
(362.64133613867244,898.540956305381) 4
(653.7612411005779,755.6799042420438) 2
(32.19390111358478,892.3826077804418) 3
(423.5630133550532,402.2092359207284) 7
(748.7032065698812,948.3560906465532) 4
(460.5265423692049,691.5443601900233) 6
(943.1439053622463,110.25977860203807) 7
(817.4076949227299,501.1884258247621) 5
(530.4593621274469,470.02899244221163) 1
(387.3266233946332,450.0260986326645) 10
(347.20653925385903,711.1560228586264) 6
(732.7850608755663,506.156158796532) 8
(865.0391551509014,805.8280253560766) 6
(489.82527198804837,247.94512393642654) 2
(29.215280714458448,767.7747633005935) 7
(635.4548218779527,434.21425184193896) 5
(967.2150455470572,690.8631413083663) 5
(872.8729183144949,390.0892023693411) 4
(888.4995481217841,159.79648701017945) 5
(650.4326364219856,153.446869183517) 9
(247.17610527489109,524.9590792020148) 2
(820.5545679488299,939.9364500615823) 7
(888.841494338821,682.5822049658341) 10
(233.89482901484837,356.36479732827297) 5
(947.7807531438192,459.6763583164587) 4
(157.70335141303948,255.94291413817416) 8
(799.0019506797978,733.9114957690135) 3
(755.307254928267,665.1536914827485) 5
(552.8569150656489,104.27454518814017) 10
(142.81164186128493,104.55525299958856) 3
(629.5703055386837,844.945942608605) 4
(426.7807318376233,242.62229357395125) 3
(598.892332543731,529.9254116879332) 3
(824.6461465231474,289.0556327297999) 9
(104.17885208465738,805.6663645162216) 6
(589.8667575026523,236.6177532299092) 7
(47.716996957929524,617.3331812738818) 1
(153.7364339041183,888.2748770240521) 9
(41.281770827018896,928.6986669130218) 4
(549.8083673230143,662.7294979568818) 9
(497.03885067071207,538.1093906029886) 4
(817.4286740143056,724.8620697334856) 3
(639.738983139766,996.4412887673968) 4
(503.9531764441818,39.58386338215269) 10
(139.37189608406862,420.687115193626) 9
(31.41462858425359,265.37221302018844) 9
(552.1550300329931,558.9380808083627) 5
(256.7735494734035,742.1039678678975) 3
(34.75242211545626,252.3466369372922) 3
(115.47514052849495,64.84743754649524) 2
(490.6227941544812,657.1163980154333) 5
(383.85887281140396,618.7545924185206) 5
(972.4244526874767,72.40669358408891) 2
(801.292058608377,565.7970695167534) 1
(505.0015547120411,14.649951257026173) 8
(291.4127294992924,334.94831750803735) 3
(885.7452138261847,685.7428499263656) 9
(627.4500195489144,441.90035482136904) 7
(71.75318534552477,858.2882974613119) 3
(677.0257367625943,330.63419047920803) 6
(673.3871831286435,387.28520271698727) 8
(449.9235503907434,667.1860352734433) 9
(259.9344119136936,609.7068600077256) 7
(316.56222520561795,24.837031654785903) 6
(596.5441203769481,388.97378278584904) 2
(973.7042005068979,177.80962945603284) 8
(19.744519351978298,584.6770655969943) 1
(841.5301434407775,454.9801370808071) 3
(89.87366228408811,596.5707228998991) 7
(215.97962490518972,991.5843509267784) 7
(64.37643374504142,384.657319990233) 1
(795.0860568008571,433.7263201480269) 10
(69.46091202938753,430.94563146886367) 8
(937.0156135031791,521.5732722663793) 3
(905.0850366236511,166.53446527031667) 6
(942.7126480098631,878.5084764634883) 5
(754.6935117433816,302.4376983771708) 6
(138.0824402041424,958.4678928317868) 2
(177.6972652794283,733.798479253965) 4
(459.6995220806818,784.0671517196125) 2
(73.11032105631166,575.318745044596) 2
(809.5957688439295,508.02138447394884) 10
(933.7819747991782,627.7941350820524) 2
(150.00430411440647,499.51424457061665) 2
(21.449451929708154,637.1171877058699) 3
(220.57980844502646,907.066159384626) 5
(310.9644169105093,642.4097995460203) 3
(270.99808973598994,250.97187035784728) 6
(234.83374972874194,342.55725630825515) 4
(294.0163696260746,699.0426511017953) 4
(919.1772777145284,939.3581541730716) 7
(657.777776788652,716.5473367498029) 2
(431.13897004513467,606.9005154652892) 3
(752.5431295767786,868.5084895232905) 1
(299.62461869566414,660.9180628884131) 10
(955.5564182518548,724.9797551261908) 9
(193.4906979904134,785.5956323148171) 7
(244.37135766418072,264.76048837757116) 9
(354.83642368192824,538.0262875343939) 7
(125.03145964815377,476.2299446958036) 3
(781.5092637612922,249.5673638965089) 4
(485.3098142778394,97.37885318995143) 6
(872.8174974730579,385.7615012983396) 6
(595.2321029655209,261.8088775065034) 6
(539.6247427949528,144.66430584046964) 9
(701.8174162724019,118.60405440944433) 7
(123.03673412895722,767.6044810425404) 5
(224.58566421072047,709.4917866702446) 3
(385.60767236499225,956.1789242635375) 6
(6.504739485273525,222.19214799475284) 8
(447.92478081366005,745.5618338082155) 6
(202.97897372532435,297.0019155510545) 5
(392.7036175202928,43.846017216339625) 6
(405.089708069425,943.0859965309028) 9
(969.0884207118398,171.86000432202343) 2
(274.35621418580234,512.8939162230989) 2
(148.91053147043877,830.549607939649) 2
(911.5621314372376,399.9956334313299) 6
(932.7533409048336,620.2577364135201) 3
(54.92450578356045,928.6491164036687) 1
(347.0070192472454,578.0827331926205) 2
(784.972904619872,310.87421656962266) 9
(584.9315808948619,941.2862007265642) 1
(627.2799533720544,905.3283561484695) 4
(48.281262583555474,421.3926601366199) 9
(447.20154781028276,852.5385888899064) 6
(773.9611505723421,868.9132999970864) 8
(447.9530690506377,875.6453058999836) 5
(436.2800857762131,151.27015096443364) 4
(18.83297783655835,758.8680350649315) 1
(463.0391342948841,173.76837022348323) 8
(941.5753398735739,508.1811410572672) 1
(78.58813186154956,966.7489399891675) 2
(408.10035200754567,757.2968389545902) 9
(551.2273780067765,664.5399612286212) 5
(274.00994832874414,62.85156466561715) 9
(657.2832053749797,13.804179867240919) 1
(69.17887044727978,36.04815111746784) 7
(370.83400344895244,462.83371830287257) 9
(140.93806194622226,107.45317212349038) 1
(206.1278627708103,677.9096754329856) 6
(172.52636685427802,692.494762461081) 4
(711.5555114868175,994.7652197786665) 1
(632.1424811579056,855.2266647261815) 1
(254.28341244357057,654.8131537430123) 4
(196.5355622011954,86.1460296085923) 9
(64.50839898884419,703.3628747110026) 7
(216.3577115025389,410.1093296438838) 8
(972.0251106696415,976.6969505878769) 10
(843.7072055928659,559.4364648189214) 6
(842.1930673720613,242.80589056061942) 7
(584.8909982913378,360.0060774719283) 6
(104.95390383062674,240.07554942088439) 10
(182.51106835944586,889.5631336735545) 5
(129.4333950056038,33.50140109265376) 6
(141.05972966079273,802.2814841969648) 3
(834.9915487932957,448.01367512270576) 9
(969.2382597261978,342.0361608805856) 1
(588.2807104031219,474.03719715440985) 6
(87.09018392377754,479.2351825972635) 7
(791.6356867784397,719.9051778610042) 8
(813.5148201983229,567.0951038606238) 4
(134.89059791500102,146.10892898509763) 10
(950.0428304678146,22.989589655299625) 9
(907.8823964187017,450.7716907370432) 7
(157.31429932940998,121.76753690898478) 8
(718.532978063306,718.6287434145066) 7
(805.1351530670269,514.9084348664001) 6
(858.8765903772877,731.3380958577048) 8
(733.5860801067204,719.5027181693915) 3
(364.9310973733546,120.27134259579097) 8
(426.4441700774162,418.50450533007665) 7
(745.0990016784378,850.4971060653658) 7
(855.1445031930915,585.1547545842675) 4
(203.27622259547306,728.6208238851908) 5
(770.5310220935539,370.0770458252063) 2
(240.19736082809305,100.25541563902406) 10
(711.0366713892624,217.1991702194812) 5
(556.381346398152,43.0217514181751) 10
(109.10664377217304,274.3848383192562) 2
(266.95214646090847,328.9028059854496) 2
(765.0627910560839,25.313575385321528) 2
(598.0614445417704,375.81824533177564) 6
(600.4786667494208,245.28591468697846) 4
(963.5765731514542,767.0662025928513) 3
(565.8448887235711,479.17663347373104) 3
(915.987439236935,416.6917478189661) 1
(83.66498513778265,764.8682886491212) 4
(128.3512926656063,33.08703176530425) 7
(104.29935768628052,277.26144501029137) 2
(541.7751664104624,354.7876529002799) 1
(238.753508191508,660.8221224634357) 3
(87.51899639940541,333.8874659633343) 2
(155.93976148941212,718.1327735905438) 6
(962.8286683362791,6.7133949965830775) 10
(821.9866219432445,105.02468803348918) 5
(564.1380205357239,241.23446917608825) 4
(13.347305321254609,690.8907072720615) 5
(765.9752852390957,644.9966738259203) 10
(742.018066464724,525.8699393317503) 3
(106.56941242532092,675.1053960024419) 5
(194.91774169849475,900.1983983106744) 1
(793.2785769485657,244.5110588369316) 7
(579.7010489035774,497.9968180514308) 7
(236.70273179812062,801.7140880075879) 8
(475.6278324995612,825.4984358886654) 7
(746.638303371602,472.4314699038724) 8
(3.298226781358937,742.6609434664327) 7
(558.846778468391,51.410004573679615) 3
(561.9503397954095,540.6547182029542) 8
(926.2419229402151,96.33434096832616) 9
(105.48924067114862,277.9072091204374) 9
(251.62910125108706,934.9151187563249) 4
(364.6831301523821,481.7115215964545) 8
(564.5348337964365,680.9361125286384) 9
(285.38174344650014,157.679701010629) 6
(57.21337325175657,534.2220885114054) 3
(857.028275034274,139.69780390748875) 4
(263.4435298442535,708.442704205249) 3
(435.9850749403904,767.4208282865068) 1
(501.0505717931485,810.4085008049939) 6
(622.078181955663,652.8398852801452) 5
(224.43323953125127,178.3404469956682) 3
(572.4658165237607,403.78450158271505) 7
(186.45185299258392,231.39436231983734) 8
(45.45855682142519,515.3701021200403) 1
(465.28710956746977,823.1956740155049) 5
(862.0774549800823,541.5969350861697) 6
(726.7234168925694,771.7399900207981) 10
(310.99979008457666,500.9748764241685) 4
(826.1720312809176,794.5372429736171) 2
(72.87283991400606,361.38913669510544) 5
(703.3685433345208,690.5987100934536) 8
(973.8134833292955,699.063267794856) 9
(395.5178664314094,719.7679109176291) 1
(246.5748011615554,9.651138235926782) 6
(312.55471216026785,463.6564316887124) 3
(617.677480374508,958.8003442802118) 3
(487.53288867057,774.4002382781086) 7
(621.0032852976677,685.4437676736889) 10
(290.06621660719736,557.8620619408744) 7
(141.80291992509243,127.27442020551794) 4
(662.108136603135,455.6041652787012) 9
(999.1818429135795,737.0243666395313) 6
(165.3607550980939,613.9377058783481) 3
(560.7977904687544,618.7871906403981) 8
(771.7081394094347,15.637308576229248) 5
(687.6098496622621,951.824699315404) 4
(704.3593065900712,8.838639737379083) 5
(42.99285059464331,669.8784700810185) 2
(288.26069746592776,66.98916465088467) 5
(728.6258677657403,102.6475903435633) 5
(467.17377650609984,638.8163183156407) 8
(767.2217189286214,540.550164741078) 1
(655.561563100657,406.6990824195883) 5
(958.891158188914,423.1339766915876) 10
(615.4974217216294,194.2452683859399) 5
(61.675719116507935,136.91170756594528) 3
(843.5416704717325,347.56176835408604) 6
(561.6231605923364,767.2918420314635) 2
(8.252689632250455,492.02611249944914) 1
(89.22489318474902,448.523568403265) 10
(720.1463277423858,992.2658380457226) 6
(782.4645839793121,837.2720270676859) 9
(121.67296926604476,124.34778189483508) 1
(246.21661909847202,432.0331684314812) 7
(250.1147871315652,321.6991640589676) 7
(575.9541382202184,41.073746347639826) 10
(247.7784881804923,228.65278387644906) 8
(127.60873255864924,566.1468217871753) 4
(21.587598524768215,304.26145794463486) 5
(0.13919410556795242,26.331945728773952) 2
(52.80409798085528,521.2488622909688) 3
(168.36409433855758,19.296481732550497) 2
(925.2978968534353,806.707134460056) 8
(892.3346817178922,649.514069929038) 6
(601.9143305902346,898.191089557185) 10
(377.95379903086314,965.8889350565325) 6
(595.5768167685814,37.15621615734788) 7
(39.83093358973277,209.8651793754699) 1
(76.95400742522074,577.7791804477315) 6
(482.3500948734062,434.60126828879066) 2
(520.1683082834277,945.8965711059936) 5
(54.05395506967137,696.1290727931421) 2
(867.0776644658926,879.8434482968352) 6
(312.0670522025993,689.2506389184101) 1
(73.20374205393132,958.2582633878167) 3
(74.1928798158793,105.95331404061403) 1
(832.6170215173655,32.778229338900175) 2
(917.9400142265831,481.93829908201815) 6
(184.1451255976765,840.0811538701863) 6
(946.3853762232303,952.0231147417128) 10
(195.43250362818898,643.4516962361323) 3
(818.4526791690416,755.5436588460366) 8
(276.4776094185002,421.4349649038487) 1
(56.83084723584286,813.287814442408) 8
(130.75052502037377,926.5370029865996) 7
(347.0117827793678,878.2393043342196) 2
(673.5409580345263,809.2536967151357) 9
(752.0821883126126,284.5744402658943) 4
(217.79663477609267,272.22037652935063) 8
(69.277306854445,215.40798871503043) 6
(184.49078083918914,941.7815284120368) 8
(765.561758699129,110.59532500916703) 10
(781.3077778356512,509.5604754194275) 10
(330.74979902233434,98.58443087688818) 7
(369.3778560066354,262.8617422955691) 8
(640.2722501685021,557.9991067801196) 1
(338.1021911941513,81.46582998767182) 6
(615.9238481132384,638.6981279163019) 10
(717.7113291496025,459.930662223898) 9
(639.4210594299158,486.072593475343) 2
(90.99608479846421,795.6205009187983) 4
(541.1299354895772,793.5315152103165) 3
(301.31325464765604,737.3500361848257) 8
(428.5398572104065,780.2587457545108) 1
(124.62656685978169,453.4212050023406) 4
(845.4408581798551,192.8434207658799) 6
(282.6635866658578,120.76651176370102) 4
(66.78105625909325,184.6440147005908) 7
(521.7373113032901,102.00306839631624) 2
(172.87099422534902,606.2389598171766) 5
(600.8575029915995,897.7330307528363) 5
(74.99158132471318,550.7078501176521) 2
(651.7001242538117,860.7090603744291) 6
(587.6893282605188,201.36543201713087) 5
(894.2601534549223,608.8926232169174) 3
(924.4610971466595,146.4031066026188) 9
(280.63118391173793,407.8061673563764) 3
(644.8727363758638,586.9599426856861) 9
(18.649127343554618,110.32739784414736) 9
(541.5057005254291,870.8512550776753) 2
(160.35987000755136,587.0734370913467) 5
(552.0940571608395,487.34224259662295) 10
(688.954980487378,45.17060733225242) 2
(244.12278341605898,534.8113290031212) 6
(672.7147272698526,360.92263244931644) 7
(267.0358978821381,346.4564553450854) 5
(925.4252545896924,428.33831433605496) 6
(178.83411559402697,422.42059383891785) 7
(452.01053386170634,340.75910228134774) 2
(276.22499979449225,799.7885934810472) 1
(962.3734256620952,205.5410568485879) 4
(238.13313453142936,0.6318114744928716) 3
(925.0303831184783,896.1291926164246) 1
(92.06560874288705,626.0166279644018) 2
(233.83217195674823,582.2891564110637) 4
(231.72861613090146,419.25752574562847) 1
(38.715285575960266,310.61971276776546) 3
(977.827609994755,526.5494048654479) 6
(333.1289203515031,785.3898278236356) 1
(738.0651942140572,199.77289916036256) 9
(888.045183099734,804.050712254181) 8
(355.52136444260475,782.1810064283197) 8
(88.67402018318704,316.08552273033877) 6
(756.7393230324515,717.7621688843207) 8
(222.868394517168,300.46681429646816) 5
(709.3872975127383,304.6123650224166) 8
(885.5664257690071,586.6450650269961) 2
(888.8699808873544,508.0200629146393) 6
(425.24667376299476,464.91928381779957) 8
(16.739055191437924,145.0478158476797) 3
(359.8637208629714,448.7482897520595) 4
(721.0826798751111,950.3891762629714) 2
(867.4698095170196,497.247151418298) 5
(905.6201608463228,311.0699273333517) 9
(365.1239386401881,532.5920262158611) 2
(986.8197321680647,865.7065293600909) 4
(969.3662036875686,691.4689083640413) 1
(407.8271623427966,587.9234967333191) 4
(823.2120991115964,858.814074290056) 8
(847.1497389126752,144.1407464798129) 1
(95.247222829693,711.163418751118) 9
(805.7914365140402,426.42702855572844) 3
(769.7586573148338,691.259292613028) 2
(940.3517744217321,188.59430279319355) 5
