1000 1000
10
(0,0)
23 80
450
(3.6813914233716494,790.9494780952257) 2
(301.73972513456494,207.8673260423596) 7
(723.1139992139289,369.4165309553229) 2
(601.1847794684452,838.234391763177) 3
(414.28349466285664,446.72101981866376) 3
(50.502997470814435,284.27019909632935) 1
(305.3287027871441,748.932557840026) 7
(686.6910821095879,715.3398143472283) 3
(968.7520655664275,592.6576510206658) 1
(751.8834864354262,503.8519737564453) 7
(350.0394150126719,934.184936893296) 9
(330.7221015961823,629.8317026354075) 6
(13.11562379916975,244.88264712957596) 9
(880.4970941434153,6.510357377154885) 2
(367.7195487900168,333.66145814768976) 9
(138.45827547710743,832.4171596015193) 6
(785.2082069973661,13.153012034237022) 3
(443.60327537191125,789.4223432295162) 7
(478.7698855513295,130.4689882134079) 2
(27.359735223675628,612.731793702801) 6
(923.5263255409174,534.2288424915783) 3
(417.4943417297319,394.2263992716596) 9
(293.23528364723796,545.4863053327999) 10
(529.6133925674134,229.81432161038285) 5
(890.7665741760719,625.0336969985594) 2
(358.9619333532643,474.20123385255107) 4
(245.06381014615707,735.0021083297379) 9
(640.0338756383022,921.0067850279078) 3
(128.99925668528846,673.178212560551) 1
(668.8275277572496,960.1470851394525) 5
(850.683350341494,146.12684402824584) 10
(807.3434326287339,650.1301835226749) 1
(106.3326011705935,196.87060428346248) 10
(64.36830659709014,236.99264966204325) 8
(949.2903754721254,552.9189561140564) 7
(238.41288967858176,474.2261273010384) 3
(501.986604765152,84.45194230843845) 7
(910.8536273715301,778.5616512135192) 3
(399.6747500160003,104.60104049213392) 2
(307.95764128890045,133.492338735684) 8
(555.2545697708013,925.2023078185765) 2
(2.870721244664587,839.24802328549) 4
(503.2406424322935,112.89359485191974) 8
(915.4959497017802,484.92426253265995) 6
(832.3946963998392,592.5806108969032) 10
(660.6556704219964,871.0857251106951) 3
(253.73964583393115,656.308608151452) 6
(978.4229874014425,182.0582656774914) 8
(981.7858709217543,979.5267348183312) 3
(351.67397887678055,605.6571228629033) 10
(610.4385874230453,809.9934946241295) 6
(940.6062279758627,883.2601085844371) 10
(436.19760816410155,44.656514650226576) 6
(423.39882625749567,196.8107899311068) 6
(958.795090616365,97.35749626676548) 1
(430.18710412522046,135.00069265556834) 4
(511.50014805078683,801.4311076503932) 3
(471.80157980711937,416.31252607170757) 5
(105.21329836242276,409.2918392288695) 4
(245.0242340920651,225.36269523249132) 7
(638.0448285869479,238.2261091321699) 8
(330.3921434056305,730.8595082399595) 5
(50.78435990351815,419.47043571754074) 1
(931.8028570650729,694.2406600839734) 4
(660.5881283038638,722.2436044870948) 2
(222.14363854221318,624.0236935240431) 3
(700.9390535496484,273.4451505841876) 2
(44.85798676192854,870.6314041304597) 3
(449.2976299882939,878.7921393449714) 8
(614.1826007990588,998.8951982398108) 2
(597.4308914264362,673.4593198743729) 6
(895.3988863169583,416.16441421441664) 2
(212.12470094398793,976.609423888981) 2
(850.4483529894515,157.47920718190167) 3
(85.06087570910337,615.9622182859246) 6
(607.8279220692872,146.94417717344456) 3
(884.7467461282195,113.11111532880858) 1
(856.2682997452928,183.7975736527303) 9
(166.86310327823162,585.7488582359192) 9
(583.7742440434414,898.7831914047284) 10
(456.15446856663124,282.95895803507096) 3
(472.16245309861785,511.516594305485) 4
(0.6420032115190821,655.9159359190678) 4
(717.9899422684537,259.843644604141) 5
(926.2561852302508,121.10505691374928) 9
(858.0029407168719,899.3046304650059) 7
(410.541407365815,546.2641836567277) 5
(777.5659977133097,67.55350911131531) 1
(858.9618847111412,267.2897692972385) 1
(968.0036431564047,236.05457804587482) 5
(683.1848446098003,831.8796869428456) 1
(813.7949787259064,470.75801013026177) 3
(944.8286913302495,745.3432115638766) 7
(957.1446677832955,681.6312942513084) 9
(191.74849028819452,592.22643993028) 9
(663.6202700484016,449.5542825418226) 8
(766.6611297327235,343.8630394757105) 1
(323.6049997827618,728.1032509189456) 1
(655.5594501386557,921.9963589983265) 8
(651.3516192357482,805.3613336108594) 7
(248.72081532837453,860.7033990523178) 1
(549.3917943166703,849.7806998399974) 5
(645.6653848714885,315.6681896628918) 10
(253.68906451513584,177.01398994480434) 3
(736.9881549201273,120.62495799874817) 1
(255.75512820003954,357.93701594148973) 5
(271.67272683804345,540.368485336843) 7
(380.7281514937707,491.59543542729665) 6
(791.9276111488335,618.4198897537443) 10
(232.598951125243,918.5100244693758) 9
(393.87584660034435,24.94874023125826) 3
(227.46310150182626,706.5309462757425) 5
(559.9959475304137,946.1848647549521) 9
(525.1586457379606,269.8484048864972) 3
(302.46016037057075,755.6565816243059) 9
(688.5157641878985,157.8799491975942) 8
(442.5127156311174,726.4868980614826) 4
(535.9350069713607,433.9043725679721) 10
(436.4901494192858,865.8467455761374) 5
(722.1130302313139,264.2904118139654) 5
(360.81010524026556,295.021039854403) 10
(292.0469537361745,868.8594384371887) 9
(848.2819264043474,145.42402062247305) 6
(7.1907522959069325,600.6533723915252) 3
(668.4821367615066,533.8338247886164) 10
(956.6644461666367,986.0480658533476) 3
(745.0649136167663,131.78971865823164) 3
(441.09253277907277,269.9095311260169) 4
(96.03734004152375,205.46549712431639) 4
(194.0486132114019,903.9826638588271) 4
(553.8955336599823,829.7368551070668) 2
(225.89675156482437,645.1158936910031) 5
(351.9092091422066,860.4814170353944) 1
(736.7917393115432,850.7086043804009) 2
(65.72570773727871,317.2886720211648) 7
(392.80305988381303,705.9179635398887) 3
(720.9149889324108,982.9912714418092) 1
(144.4288922104664,903.8005354951425) 2
(128.3964488395637,750.9276672962873) 2
(889.0505117702268,961.3059440215626) 7
(372.9002681924782,332.7030819557334) 1
(924.0583481979419,191.68477071464162) 2
(817.1925097799417,812.3099926133917) 7
(844.5496771397084,558.1568732364266) 1
(669.3542986890931,935.1989988459353) 8
(742.5198795075361,95.28202205783943) 6
(130.21301074031078,20.887986644376966) 10
(972.7711432053555,592.4710917534165) 3
(943.1734753904504,80.01910275486424) 4
(557.4408842004827,219.43034962957185) 9
(163.2557667114405,744.0174787123655) 9
(238.73013017426248,933.8392352911383) 3
(17.238683514996687,433.67997700191705) 1
(593.7475981229234,465.12670295340496) 10
(139.77027839724232,996.129556856558) 9
(640.4284887263815,541.9909790660078) 7
(854.5892189245301,838.2136489142068) 6
(482.7296670691449,46.0206758794669) 10
(600.9903206956657,17.216473303369618) 6
(126.47330436529514,751.1730475871015) 4
(437.1553240290964,40.81734400331705) 8
(423.921267723095,592.5339339484229) 1
(699.8875987139702,199.96461815815536) 8
(733.4484387316002,414.2165999164239) 7
(840.6796515893038,889.011089586826) 10
(960.951462698777,292.73904512212) 5
(121.18644026456904,269.98814856829944) 9
(667.8039874002125,177.73851392686257) 1
(174.22455882666443,723.5838322116564) 3
(76.4053539676519,52.78321536434449) 2
(228.0698600736979,621.7071886695795) 8
(580.0363899978407,721.4595211464209) 2
(694.5321066507632,460.4273486213517) 8
(848.0367259757496,574.793403374993) 5
(914.6675146889088,0.23192474348598946) 8
(885.3102961473788,387.5625417664288) 9
(970.9273333334986,260.71308091233834) 7
(283.764975879601,315.7400626317156) 2
(446.88145366952546,509.7693193087972) 4
(958.3172531289629,633.0445639057591) 2
(136.35401703013883,905.5893763259502) 1
(145.67060072104366,367.8008236858217) 3
(917.9460772570808,997.4142431107964) 9
(607.9523699664588,237.2209773792233) 7
(653.2867179186015,303.44191334048674) 8
(149.93056045915898,409.3914842603592) 5
(247.32642266824632,954.4211686264558) 4
(197.56768536823787,124.06793648123148) 6
(372.0949416908124,15.917086777485935) 7
(948.1810013776368,207.86119940411228) 4
(549.5208175473865,570.8124769670939) 7
(751.1979241446118,508.3088171781808) 2
(956.1465469695106,288.5185050808732) 5
(668.8770096057087,299.7092398019541) 6
(828.5494087759723,73.2283167356792) 1
(681.5766059590061,12.007933586065999) 7
(685.7393374461587,307.28403652831236) 4
(403.66139724240094,594.8056667848739) 8
(158.0767144125367,694.6806561985661) 4
(785.2769097689113,403.2639411215663) 7
(352.28954259120303,33.27660567626023) 1
(333.41058797413757,897.737247245517) 2
(906.349252750254,938.3965318352427) 8
(764.5244852983552,688.1567527522174) 8
(116.78766646530292,761.6301954933083) 1
(308.6646206097873,388.40234868032775) 2
(956.6198286752955,395.94171167500616) 2
(939.4587069457507,559.8009260095229) 10
(558.869358852128,585.5962718446857) 4
(377.0579948642341,891.3105719976278) 9
(803.3124449681416,654.2337152266721) 1
(694.9535265168005,146.1759047905532) 2
(605.3747045563332,592.2594421656611) 6
(797.3128386935382,832.0702156428932) 9
(933.5829190475657,537.7757213926785) 9
(34.177730456679825,296.8829602976111) 2
(241.415979909827,244.8420425282909) 2
(32.50747912746155,337.20420081233505) 10
(814.6429059167248,907.9305737278363) 5
(781.0274395271268,580.5942003485048) 6
(950.0061752676609,264.6634912720809) 10
(133.3898623782299,18.370962738939568) 10
(156.19131980042644,925.6521090923992) 9
(830.0142897707043,30.149275919958196) 7
(838.4406700843808,659.1792049956441) 2
(666.7976260072746,162.16181340683988) 10
(640.6222225712796,811.8408726268165) 3
(393.23030112212643,374.56184421039274) 1
(437.85744001907,611.9332447218716) 3
(23.357049697087405,357.84045067648253) 7
(117.88686793789394,864.4575440264632) 6
(723.5365624601989,357.002726939597) 6
(852.1833232182595,2.1411637406206774) 10
(980.0986315941158,472.8564471437391) 1
(564.7010821652727,337.6027015466082) 10
(664.7275707723105,399.28534999598367) 2
(488.7178147303668,681.0190132651661) 2
(930.5421023422065,364.0648499666572) 6
(822.0701797158828,565.6470811518366) 4
(506.94451906908336,683.0333752148119) 1
(502.4898911804312,365.3825163688793) 8
(866.8575349067208,376.4825879484103) 7
(498.73607206838034,45.83135245627068) 3
(166.39299010729712,102.25090087591614) 2
(893.2221610732714,89.2715045494491) 1
(938.8213175055184,976.2749152812072) 3
(468.20734460440593,222.10249920226443) 6
(844.3427604703413,643.6589369171705) 7
(345.39575584793334,867.0297587363157) 1
(801.9747583200839,776.4095841491995) 1
(97.83904351194195,564.7920874476282) 8
(21.04375151629101,598.1759073685861) 7
(808.8342137730968,554.2640241922539) 2
(68.16138844364139,807.0961914252648) 3
(399.30027245072773,646.1727023948393) 1
(943.3947037461262,46.899977863700705) 10
(809.4466528479745,145.5066728780655) 8
(372.37710618858745,887.9957230468254) 2
(415.9457496221635,111.06993298999967) 4
(775.7469728189478,912.7173922295881) 5
(131.78228083641963,68.19248545410895) 1
(406.31379791969357,790.742425728453) 3
(960.7206177519682,376.8352143089917) 3
(138.78749453120142,490.83497958425215) 6
(4.177752930103806,161.774114449592) 5
(313.79974286486856,886.7202242394035) 9
(82.64962555333032,72.11860126437475) 2
(833.157570802638,761.5710204083676) 6
(197.60292250407164,243.52748399054246) 1
(365.8058879834181,236.0662782067998) 4
(379.2878529895107,612.875768153072) 1
(357.17532145350896,96.97963482746464) 6
(239.67416911334294,136.6196000180504) 8
(998.2310817385822,321.43055015055165) 10
(206.42551153038102,461.8090782589052) 9
(660.5639067251998,151.74723622779996) 5
(824.6985112821643,732.9202980732415) 5
(45.07860209280279,231.30414682951715) 8
(798.7698988612508,66.48312092042153) 1
(3.383124241411073,778.6064407842169) 1
(303.8051300164659,283.09268096739646) 6
(668.2117485449702,113.06186524937833) 3
(388.70545673943246,744.7470167017436) 2
(84.16482785380342,29.891208500439802) 7
(433.52040002835577,282.54363688172924) 1
(697.3917849082367,300.68492644402113) 8
(760.7698146196984,468.77011585229866) 7
(474.06310714591604,248.5887887016901) 9
(63.250654212158366,735.9043959120495) 4
(176.9652738924401,857.373604239232) 2
(668.6889929635419,511.6589624183463) 1
(605.7049679425054,966.5048935355933) 3
(375.54063081664646,541.173973092129) 10
(662.5010481349952,111.9273307579729) 1
(475.9549083211956,720.7062213336163) 3
(484.94491329486345,451.9302255886707) 9
(71.52244461035583,579.6829347851967) 3
(940.0514810451357,803.4666880004295) 9
(752.444063243321,31.172827146765837) 2
(691.7143204176057,977.4417087644817) 5
(736.2268172909864,720.4283744709438) 2
(201.45660984874402,848.0324524561181) 1
(717.6876763462836,906.0746264093631) 7
(91.88092600317954,800.1210914854141) 6
(347.22760627582437,716.8053945357217) 7
(781.946979181972,904.4747941412534) 7
(840.7400803001528,736.3098091360802) 4
(356.35800836593677,828.8730455301522) 2
(817.4284748188638,22.06867951795577) 6
(249.9175877936226,307.5422295694179) 5
(345.44212378529136,503.3745064412565) 5
(617.2876425654224,862.7366853671437) 2
(831.3438239412179,457.37339646354445) 1
(651.4093450969295,397.5725717033822) 9
(649.2989141036035,472.8200522618754) 7
(392.0227788085446,719.4838604992881) 3
(148.07029074826283,105.08264886700135) 10
(95.66183206871071,794.494262914262) 1
(445.37862664944794,350.04182266894566) 5
(329.90245284919996,612.3443754714036) 4
(397.753898470885,961.9566699200489) 8
(129.80241579126684,598.4201467942746) 4
(262.0996135065089,42.2456224725154) 7
(198.66771867150769,222.1895894831333) 4
(779.333941190971,151.30314093255092) 9
(888.405270534633,353.33418657232363) 6
(690.8400192693401,527.6509784677373) 9
(798.8143865308872,477.9695672371158) 4
(907.4303415360637,428.8137953407926) 4
(680.1810483369712,314.0772269399481) 8
(248.9650957882471,166.95670355298486) 1
(53.79811320318595,375.3746533484732) 6
(230.7097231616102,932.0380526405607) 1
(193.1822874329242,590.638846559256) 2
(563.6976671715039,903.4126225428843) 2
(942.9329838295448,248.80444411138546) 3
(954.9189194689081,858.5696160754046) 7
(720.6839500118791,654.6504077297417) 3
(886.0346636589968,13.965701154847189) 10
(352.9415172495385,57.92462700022405) 1
(628.7123601321748,761.1137694270566) 4
(603.3727424664536,993.2596518788573) 3
(624.359334380249,542.5957726242359) 7
(381.3152010148636,464.2435115738296) 6
(863.7325681022005,356.8008708965058) 10
(661.420439114462,866.5520775690356) 3
(439.1411849488376,239.22328411175886) 2
(483.7093649342408,528.6115948520826) 6
(743.4423375195342,273.1755103927128) 6
(369.32737144606807,164.0712185873251) 4
(363.6430489313311,861.5806237943654) 5
(957.9625840116387,457.80201260815267) 9
(299.5127996026443,141.63129161294975) 2
(600.9847714313004,825.2245586326746) 4
(9.614801649270532,892.309109011787) 1
(813.8110609467783,703.5198305507536) 9
(427.6546514720363,738.5173953552646) 3
(18.518393479913797,530.394977567689) 9
(759.8782466861493,19.67350898433984) 1
(296.2461560711116,466.93687663852467) 2
(560.6234140674977,133.75334380959225) 6
(58.908601255178716,163.2604142948878) 5
(334.5634544328131,495.89391059407404) 7
(336.19191475626644,581.2451547358745) 10
(252.73810349446757,169.93180581484813) 7
(391.1154700148216,239.09451938654956) 4
(457.3568526191949,495.0821483322778) 4
(600.5990220847461,996.2197080384781) 8
(727.31997171048,171.94471779150967) 8
(9.986328231208264,138.3034110649518) 4
(619.5613126081084,611.8472976670748) 6
(428.04068099305925,785.7996513961714) 5
(182.9918154114545,272.8973680119564) 3
(625.570653998144,216.72686463955583) 8
(329.62478512804785,464.5050329422361) 8
(101.33059215765383,617.9354740172979) 3
(694.4551764273607,686.7548572966823) 6
(898.3901608605789,96.09452352804215) 1
(789.1701777542986,628.839882914216) 3
(433.8921177445759,541.2275279439447) 2
(973.9238621037863,246.04294816112636) 1
(542.4638549526163,872.7515827062157) 7
(845.8302226617477,455.22040943690325) 7
(932.0266956986865,919.389605763451) 6
(618.4119718669457,214.11355072841388) 1
(19.93257503032819,173.64064544196077) 10
(892.4459952014014,947.5806539009557) 6
(31.00721951220331,938.1460415352683) 1
(534.3667180469987,85.56876865349162) 5
(285.9139310516292,462.1541099530214) 10
(959.4156632292996,476.30859266147996) 4
(292.12629390332864,961.3234891736381) 9
(780.4988825061187,392.1585138796638) 2
(994.3691295918373,366.8544660928208) 2
(68.83012379641829,225.06102900116164) 9
(970.6710178293813,206.3095641661603) 2
(714.2848768842318,179.15877422707294) 5
(557.7849868962248,943.6884470889332) 2
(338.93792950576875,884.3876659182348) 4
(886.3655906767018,106.39957463219207) 9
(814.8571612405625,522.2208982890835) 1
(380.0363682139858,94.10068125717186) 2
(965.295848056732,616.7031947476332) 5
(948.1760626842936,994.1020678187341) 4
(635.7983192614083,270.0247657572904) 2
(396.44463687029895,428.2758209451638) 6
(340.19489974586594,922.1176275609589) 1
(794.8004409574233,556.1205503372887) 3
(435.7606350326371,115.76670906694042) 9
(819.3845417710044,76.53393591065982) 4
(421.55962312508046,691.2387123553596) 6
(89.14318749217098,563.3110829329662) 1
(399.3705769132254,334.85340925698716) 7
(475.3951130735778,41.07486914442937) 8
(63.857618971722594,199.57026020122947) 6
(392.8714620352993,161.59867538935558) 8
(714.3412132035849,402.040435126415) 3
(858.3005892188196,927.4610599754385) 9
(315.5911295184533,129.9609437446154) 9
(248.65863628566353,236.81907979174733) 7
(777.9220383451742,79.09694845452731) 9
(47.705982791345306,28.80604318351654) 1
(44.39198458523774,240.27393261919528) 6
(72.02202307372141,454.9158138625178) 3
(206.70334040058756,95.85292211640773) 4
(889.723763296008,583.845803487382) 4
(886.9734654669595,184.58298682539186) 7
(950.0062221458397,947.9159157261123) 7
(811.3640356735045,78.53389852754378) 3
(802.3999033096758,987.9480995453772) 9
(540.1881176477929,922.0831477682065) 2
(638.1433856373452,290.9358861290794) 7
(918.7732514583784,584.4441906142996) 6
(543.0787416103394,650.3384647374041) 9
(8.290928458286494,201.0755296606388) 9
(288.448093556368,502.0316126814195) 3
(570.4944447241122,841.8150806072757) 4
(119.08145560055684,369.8613718625815) 6
(3.4886133170617395,834.7552346445508) 2
(621.9454856260188,997.7164743687716) 1
(13.204053072720434,147.76475241820754) 10
(429.2666142687539,282.40131423828893) 6
(435.7384791138976,947.8265972537932) 4
(858.5236495116942,272.5727912345596) 1
(235.691510156663,228.46058358070132) 7
(556.2701938569354,643.805891681349) 6
(619.0139568985489,878.0551298974046) 8
(474.89040974518736,625.4591332047662) 9
(922.505325769229,257.20058759642575) 1
(27.304562017074097,107.35842511942695) 8
