1000 1000
10
(0,0)
23 80
450
(620.3355233179761,629.3224447540535) 2
(872.6941003921578,229.55930183204708) 10
(354.06117099053324,684.7567550113116) 7
(554.867663331525,515.8516458216899) 9
(263.84509859359815,925.1455470759939) 5
(606.9617979795424,527.7311422914164) 9
(856.4190197422367,84.32809387526741) 7
(700.9557104043196,244.92697383976957) 1
(647.5151273202584,402.64044726896753) 3
(609.6343131297277,725.7486371311998) 8
(997.0566566887052,208.7089839142533) 4
(583.1650153832919,615.3145246862732) 5
(687.8967246935183,621.3678403556739) 6
(636.7126194430859,745.4388770713495) 1
(394.34047939638293,833.1933072005405) 2
(737.1129386286589,368.45711877305376) 4
(189.32406750246687,839.3268858883326) 9
(213.10742676088722,531.3931177256043) 9
(56.687616984300135,886.0845257900866) 7
(977.465781966138,628.6275395549483) 4
(807.1055392035846,495.0774820703375) 5
(716.5888985364691,250.17809278965507) 9
(73.51674901804472,52.58866836313114) 3
(601.3674228366294,785.4090197485166) 1
(980.1622136109207,623.8043227995429) 9
(148.79993631576139,260.04625450822635) 8
(392.62130350660095,634.8067631233109) 10
(305.4632468180186,283.53544084172574) 7
(231.98040840287138,57.91203560675229) 7
(952.0554744787394,849.4955914270085) 8
(216.1564485594707,199.66048129075753) 5
(292.51946862378077,408.96608220237516) 7
(473.7209077760005,73.17801274479363) 10
(252.5213098961854,475.4929752484065) 4
(339.71806939492177,712.0211995048456) 4
(533.0705795208747,795.4878283601569) 4
(858.8795229551374,737.3797166204572) 7
(516.9807913682731,0.3800699869812574) 2
(240.10590639342877,40.48371988330246) 10
(821.828691677241,718.6733480719463) 4
(96.23005654197492,246.37856959681002) 3
(34.17792514112639,421.8273685649716) 7
(472.6634035388797,46.35661475112174) 8
(325.7122381725102,266.99668325707324) 4
(14.858598296592307,793.3377189512527) 5
(499.5700101660292,42.20032777263405) 9
(12.90074370007277,596.8218611690576) 3
(471.8704098568084,605.4993386885934) 9
(829.3745904254741,432.1302451337088) 7
(453.4113788980684,439.6522987171588) 4
(232.4013522649625,180.3090453062266) 5
(485.2022306723959,685.5415591413085) 7
(417.3612642543978,993.5947859652812) 2
(833.8539823566238,176.39190953119189) 10
(277.9989654056182,402.57811553377445) 10
(707.7151301751225,261.6456173670637) 5
(856.9318363268612,734.5546569391527) 1
(667.0403772801324,86.47693209568841) 2
(254.6831039926658,720.2715285142151) 8
(373.40979796962205,481.1806945077649) 5
(139.66384760050022,683.8670706193907) 8
(587.0012242143271,255.21280021684788) 4
(525.3688906327051,460.79888841521455) 3
(83.91418851421561,219.60841563118606) 10
(98.34281434880509,875.9062774033239) 6
(520.2441303673204,681.0996618294342) 4
(776.781567760107,357.52227733879084) 2
(446.49036300883324,502.01846530311167) 6
(937.9872784091604,637.2367139015827) 1
(652.1887023781788,277.223222451044) 10
(630.4959946125085,494.37402414696663) 6
(590.4746402785752,915.2337425456025) 8
(381.1394654578526,414.72852346062206) 10
(806.672479555904,412.73414463456646) 1
(387.48653519034036,302.6870912317605) 1
(106.41386475886871,296.14909006319544) 5
(296.9966933044573,535.9883489336825) 2
(536.975613247889,737.8575884712211) 10
(975.0958593524798,160.76896579366286) 1
(839.7598642791158,384.55753318023767) 3
(336.8531869367797,639.66902626283) 5
(230.3343904388102,999.7451792794891) 5
(870.2318776090176,550.4017720801102) 6
(613.4210546482643,235.21093859419096) 7
(953.0800311627822,596.4173860788977) 4
(332.66428713461494,282.4409523958211) 2
(593.3199231568844,95.57782110873292) 2
(910.6028613389283,198.32882201288328) 9
(928.2399765899223,241.51419709786526) 7
(124.176554092706,971.5255307757291) 7
(918.872250274102,835.7085064532613) 1
(690.3201576813966,370.74724520618395) 7
(161.56553983932042,986.3416468692226) 6
(744.1711533185862,967.4175054048059) 4
(605.7766825504636,609.6637285717331) 2
(148.12078919496173,689.1610792232285) 10
(641.4173435362399,900.6789862289783) 5
(569.1803100804711,678.8171037534098) 9
(517.0095438148721,245.94693329975505) 7
(280.85340755855657,621.0126108338297) 1
(433.9293187897889,922.9196931964036) 7
(941.0537856552241,319.53403649203347) 10
(872.5329829400024,149.72596314458985) 1
(248.840069467002,914.1825705496423) 5
(628.6377439282938,557.0325978212715) 7
(39.773026311956116,545.6721046377796) 6
(955.8469540357411,136.03953064578667) 9
(61.38627681845754,379.753635328085) 9
(68.66878588891545,837.8536031096512) 8
(588.8782679055638,821.8640094275587) 9
(556.717708888805,234.30007646998652) 8
(533.3501290710161,800.4279912123749) 7
(608.3205984046817,741.2813285526348) 7
(286.8384389607994,896.4065876029831) 4
(274.12678535297977,458.994850786952) 9
(703.0228412003403,110.98918059253637) 6
(547.9313721566359,976.8912220879071) 5
(569.8120997942738,401.88557055230234) 7
(585.811475439336,627.6998523226025) 10
(712.6931968699494,507.55545938905465) 4
(711.5797506560665,807.1437006787687) 9
(371.6888653761118,761.0301119389967) 1
(950.2704248088551,778.9034530668741) 6
(372.8477610433525,757.2619139174527) 1
(344.9380889976491,285.17563435158877) 3
(281.40950748734485,594.19576731257) 1
(122.59685495735818,77.12471353238593) 4
(176.9841175443455,209.5617205190873) 10
(194.42334523304382,355.8749289845069) 3
(805.0845700674771,56.4319972803069) 7
(793.3564997614732,194.83391017421857) 10
(959.6327591051485,806.8949865881164) 9
(189.09593488426134,852.983270491204) 9
(180.5462049564006,77.88445693707891) 2
(253.07871067380415,912.7258321055451) 9
(296.81574473858865,447.93946439026746) 2
(217.43999755862254,70.87953171450012) 5
(789.6443239071469,329.99135588108317) 3
(41.98143715372316,35.018246553605415) 4
(237.36631308562173,544.4058212487142) 5
(809.3020406243965,654.4141273926698) 6
(1.348054680551991,797.1650858314808) 1
(990.5461727924536,213.0476406998364) 2
(52.66115940581528,478.4249065423969) 2
(566.0221852414161,346.1249532152518) 3
(22.48296131757799,4.506193328753794) 6
(24.431971618173787,159.83512037103165) 10
(639.4039271023181,805.7094477387043) 6
(120.75634994780415,157.75298727035448) 2
(948.1300895897483,214.38177689713368) 7
(47.5947734803599,853.4244409655561) 8
(635.1564878119013,403.46214980436224) 10
(962.1129232939047,629.6385934102547) 3
(593.1241632663427,901.3847164787941) 5
(388.02759957995926,292.4045507118367) 2
(92.21777175530421,820.2151344874118) 5
(178.46946085378224,310.0577152401488) 3
(726.7797453604115,220.1521363758815) 1
(984.6739029782069,820.7078173934584) 2
(615.8029858915638,465.70961048124826) 5
(196.65984525184476,60.3241297224264) 6
(19.90737742551063,137.90064307651417) 5
(538.3254309846247,654.0313302496195) 5
(92.59103318344796,358.4916558661201) 5
(1.020755355843117,541.8854375121407) 5
(934.7528525553781,653.4195113665351) 8
(582.8331251250679,779.3456430880733) 3
(443.3370096019209,789.4775865894485) 6
(824.571090872762,252.36479298660618) 10
(497.92719321839763,781.5654838664725) 8
(860.6783098394322,790.8759734144932) 9
(349.2311865108305,299.60127282897867) 9
(615.1698167806536,192.21236738664848) 10
(70.51057220103341,715.9110748980245) 9
(387.0568058888799,124.51106985793147) 4
(891.3028621310315,372.7410785622625) 5
(2.55848156579519,703.8229688791128) 4
(896.3196750987078,236.9721141323915) 6
(19.181208312036624,80.205699396509) 9
(830.6970095261153,337.38007720291074) 4
(618.9218856500258,861.6757056343386) 2
(300.3260522293036,904.7865867884702) 6
(575.2820270136715,384.7954755843115) 1
(399.3956108246478,169.20742457569938) 8
(270.91203567441227,396.1388894388771) 2
(806.1808402492675,816.6035928477364) 4
(581.2073216277822,455.8039203441073) 4
(118.24208092462717,388.47269684949146) 4
(76.49718663888349,324.9459642185171) 9
(607.6782569276575,442.02176025288486) 8
(899.4551279668494,322.01044257642155) 10
(81.03828859960439,351.85321454806905) 8
(111.27287469728009,838.3019411771515) 1
(982.1543556142294,365.5879779135216) 5
(367.7117296009834,930.4881417911826) 4
(255.70723362505598,247.536079729741) 9
(715.5755492079874,85.6127001695458) 7
(63.59672088104584,574.9705905117938) 3
(488.5149457586594,29.49643749942432) 8
(242.5235800692821,503.1283206029985) 1
(512.7484383996073,350.74719544720955) 6
(461.4974452611506,294.89657645593536) 10
(414.7715406003636,528.4109671339988) 7
(74.63893975472035,331.28676175082205) 9
(222.72400948493208,733.9549249642282) 10
(719.7747500267028,492.78506347419625) 2
(826.6535354225789,746.8318606705068) 2
(843.6996787539251,719.9835468948781) 10
(880.278756583499,656.9590270068842) 4
(107.33230774780478,516.483718338356) 8
(592.8526652707161,833.2877399380576) 1
(761.9586809833148,650.3501569347166) 7
(878.508396726005,280.76890830342137) 9
(467.77813234589007,512.7363232886503) 10
(872.0968843062515,131.72264124876043) 3
(76.35659325871825,940.9805467084867) 2
(993.481779616979,290.86676001090274) 2
(89.19445020404748,466.59764652438173) 8
(121.0904471039731,288.6129510658968) 3
(1.8073799312845473,636.084656345548) 3
(263.9942216474912,69.88354280203923) 7
(449.6634158496061,268.3494849917518) 7
(406.5352391778633,785.9639939047482) 10
(967.8118441232921,263.0522010458595) 1
(887.7875605298162,607.0500804304725) 10
(340.8207205764312,77.40405854048782) 10
(216.85535332663986,205.75433333745107) 1
(738.4429490793576,10.219977519872137) 2
(234.1637768461976,974.753988473534) 5
(342.06478732507037,222.34956172047282) 8
(789.7797160691405,789.1934021268768) 8
(896.4457137492792,460.1629250648356) 2
(908.9658211236741,251.99662033181025) 8
(903.7025619410477,762.2930258730204) 7
(843.4534082634485,124.38329356168754) 2
(534.2673739054072,379.75633787559724) 8
(442.23156931131626,500.8394423060418) 5
(402.2735445808916,815.0272459492369) 5
(561.7834495282773,79.39747517785733) 9
(372.9864424245809,99.18111237708472) 8
(410.8307627220762,120.91621802036168) 7
(867.5493948739477,649.2081627575018) 10
(387.85944760180547,65.50997618327537) 4
(528.6310701729703,224.9347907980782) 5
(663.6933361972984,419.23185370093563) 8
(587.637643852516,838.6826530535657) 1
(406.99420266610855,587.4641718456643) 1
(215.8836284878909,730.240192015197) 1
(245.37406161426202,235.9145303286072) 4
(544.5847242235853,244.7492397222196) 5
(649.9634209171845,286.0338665198717) 10
(248.3842164259642,303.8712407759219) 2
(384.81614991778366,152.76866263086353) 6
(569.614689432131,93.84494647029595) 6
(213.03658426346783,346.23872114072964) 4
(356.89379828855283,455.73505131711136) 6
(333.15269051548245,360.49205858339286) 3
(870.6765435264581,18.667393244872986) 2
(379.993665935128,355.64853518012853) 2
(957.0457863552276,609.513283516675) 2
(390.446706784538,163.50381088588972) 8
(90.3836618931353,806.1690212545374) 5
(189.57548475832496,253.9635304496647) 10
(170.87350306697624,869.1463589398339) 3
(765.7675772301567,332.8838594562128) 8
(269.9351514117222,851.8575183349318) 4
(321.8694315014388,771.7310141793943) 6
(765.9074492426241,554.5291044116804) 9
(861.9644169900283,604.8719276037642) 3
(619.7183804987741,71.18340679570645) 8
(161.33969764802282,631.99324650064) 7
(111.71207274864081,386.5122813082016) 1
(473.476248193647,91.091662719196) 2
(967.7294967773275,567.6636570903775) 6
(222.62235510487494,148.6194439951828) 8
(183.70170591955625,544.5778743475404) 7
(71.2438347920219,942.859829314325) 1
(934.7339759035876,861.9459278341335) 7
(831.6942760200471,730.518410897149) 1
(369.52335908586485,930.6567870651662) 9
(850.2404512418769,209.93033351498093) 6
(684.5335866027958,350.53078598953425) 3
(583.1290103560068,203.35949527226492) 9
(975.137312913264,257.5457579178329) 9
(671.0190631970648,328.62165617395965) 9
(33.745108579139924,41.782195220807836) 1
(810.3843972084474,214.69611650962995) 7
(353.9060834262682,604.9331221111833) 2
(471.2776319257398,874.6306546934891) 1
(34.78698969615968,631.9346147814738) 5
(483.02462050919104,607.7778132702256) 1
(259.51324667788265,575.4592166861726) 1
(114.75943529109666,761.0978937090844) 3
(184.28972924564923,556.7854946169442) 5
(896.0032261493167,949.9699109231999) 9
(135.32169798034553,155.18210797156306) 8
(693.9391947572911,955.435037699881) 4
(391.1918044284942,585.9868842972819) 8
(846.0225269970151,891.723397370513) 5
(182.0234419261657,377.2095705142069) 1
(803.0667546983932,464.60190119997634) 7
(903.1579036988043,621.8582407869403) 1
(105.42388450149576,449.37892468026484) 3
(177.53729274598328,403.5703490578727) 7
(542.4701021152364,346.2278655383617) 8
(217.938224713055,794.0507801326628) 7
(448.05110895412514,687.8576473769267) 9
(484.9473632665292,993.066984063047) 4
(79.88999362891514,818.9922018995402) 5
(161.82112550800554,71.52325190070464) 9
(203.97070265794758,619.1462079312589) 10
(856.1648788656955,692.3665160903861) 9
(121.72489096711136,225.95895620971507) 6
(220.33678971461302,210.10037934207958) 8
(252.06407460946457,939.5744414190657) 6
(684.4909022967214,531.0533283737627) 1
(520.3535945616859,308.1387687375027) 1
(983.712557358078,676.3697287894407) 9
(102.63421859215605,72.9392320357466) 5
(344.0336241885119,700.2050222283335) 1
(377.71483605962544,247.57225142398775) 2
(469.3037928256134,663.8556964169396) 1
(58.936445084613155,536.0036815345201) 7
(41.609183306349884,934.6436572071298) 5
(847.6741399052679,276.34251861844916) 9
(0.12496770131720236,513.0150751281841) 3
(793.7473185334054,87.17525790207081) 4
(316.55664012635344,244.08259310885816) 8
(175.86296100635434,99.66809592780379) 2
(238.05132223136061,435.4461830560732) 4
(794.0753322608668,692.9711146532887) 2
(698.287911352726,521.0296485656471) 8
(500.1867317461541,913.3338930451841) 2
(871.1969365052671,851.7903496162945) 3
(723.8931381837116,268.9611535974571) 10
(961.2659180240455,593.9553327750014) 3
(407.0343909050024,529.6896368920079) 7
(843.6861005251814,544.9925590496102) 5
(743.0891634606596,12.744447587560659) 3
(406.44679527592507,337.3163289721337) 7
(23.968198669766405,559.5317783716534) 1
(997.2465186985952,833.3517752543944) 5
(142.30185584877964,732.6563801787519) 5
(829.7655500390293,546.3662640769035) 4
(453.3777607052927,467.5911396298359) 9
(407.42141802389966,630.9976912432646) 7
(824.6228021088302,193.74326182031487) 2
(364.74305535778916,50.14979656212526) 4
(117.7964791605145,398.70265316149664) 2
(494.25990114119577,489.687474614528) 9
(493.82741331030644,240.8674914420551) 1
(787.8208032726758,826.7542507853315) 10
(689.1312468311264,502.5951100707656) 10
(285.993380540573,924.2707545720159) 1
(639.84590532867,571.8512927612968) 6
(698.1729927313986,742.5363838560899) 3
(199.90177461375225,68.58883044550245) 2
(397.69699445703463,857.9294538188585) 10
(143.79236475308767,678.8506451061597) 1
(47.444262159030195,751.4732834553974) 10
(144.45689819823727,606.6582578473342) 9
(541.6691884419369,108.93950929755358) 5
(344.07988640711926,557.0438856655971) 1
(622.9540093633308,207.28264453855115) 3
(753.2101231376082,171.26229744414678) 2
(222.9924645148581,163.4622613038681) 2
(765.2384931557125,753.1537925725631) 4
(460.24163861499136,993.905532746998) 10
(964.0591110241387,876.3738422139584) 4
(785.9872528183479,364.5982311903482) 9
(148.06387177418156,248.1979649230792) 2
(639.9482333086538,316.67019701867014) 6
(219.00442723234693,918.9204026296521) 2
(34.75262807155555,920.5976345277575) 4
(433.7662222640668,786.4584068544295) 6
(878.4448568647515,810.4457768270971) 10
(678.3633393018739,435.5383012739785) 8
(339.030329619473,657.1284535298871) 5
(60.29598150455495,462.9045510211405) 9
(309.3476820237563,826.4781687937017) 7
(304.628688119812,91.8703285488236) 10
(759.3206614167103,929.4989916464616) 7
(60.079520260120425,188.42695522391006) 10
(15.369374040921313,160.93562372461236) 1
(884.1731091930269,96.51084915728936) 7
(122.38043836666802,257.6663820338522) 3
(279.5674248905027,688.8258995495679) 7
(870.7793027923045,336.126643538986) 2
(696.4094191551868,125.93610557275304) 10
(411.50397088935154,554.4867335375989) 6
(739.6253912139699,499.1783366598751) 6
(431.9663312695083,450.29489190217186) 8
(657.0443408337858,253.20541374041784) 2
(599.3287631616126,368.7524477786666) 10
(331.95031618485535,377.6740597284528) 2
(137.55436864868886,849.7640793723087) 3
(598.9242392225498,318.34280992918275) 2
(554.0808334437838,802.952629726936) 10
(306.1020559826416,524.6342263086428) 1
(907.8541785690225,469.80200312004285) 1
(357.2347962302143,318.44084147407693) 1
(477.717615829124,340.03783201794937) 7
(319.2229406589574,405.344647401216) 5
(124.48629764581764,30.464831834430495) 7
(100.77704753700678,647.7984230219436) 5
(413.05345145164773,294.6756588199249) 7
(762.6302440346077,544.3111924085625) 4
(891.8350510631459,1.3835246639223309) 4
(587.8982807427509,171.18639746072174) 2
(129.5117950828454,89.05704513820312) 9
(60.34926714893074,84.67089704261977) 9
(433.85896541288906,305.90039812166856) 2
(38.147041193689944,288.2112454557302) 9
(631.6851462845251,964.0667000591609) 10
(996.3387309732611,810.0313480479348) 9
(114.87742287295544,17.90371870451701) 8
(791.9686972957121,625.1428632989405) 5
(172.88430728164127,973.8059103207174) 2
(561.7953243090382,451.33252223909835) 7
(160.1289863589266,688.9230327707172) 2
(557.6260137748837,568.2224119191214) 10
(267.10366266423216,289.15675585848857) 2
(617.8661968702326,414.78974467889265) 3
(552.5210060574108,388.96365015913693) 3
(622.9971444694363,250.96421274979787) 5
(578.2435103225336,299.4357971052458) 4
(465.78754548567235,475.8869834432858) 10
(44.23937518300847,326.27916116021083) 1
(230.16167396540678,888.6804686280103) 3
(754.4157332437176,275.2677498988345) 6
(255.94862367381143,365.8020637076188) 3
(52.423548037249915,17.778583759547107) 7
(649.9851264755197,965.9877664523016) 8
(467.0089365590152,672.6711035935294) 6
(293.0395225073111,112.85645113935783) 6
(627.6217084715827,35.953907150702015) 5
(312.47978711524496,347.89574024966754) 6
(346.89581374263645,740.7738645388442) 5
(852.1278034863424,943.7174583907486) 5
(108.7569377591342,62.1507004030174) 7
(827.9546892949656,996.3709340167035) 7
(801.1640338718474,890.9262041668723) 9
(542.2989125574505,627.3576271544883) 10
(965.9636963573424,318.39809939068687) 8
(716.8360622498938,442.16589878190337) 8
(553.4927431989212,512.2799092529832) 9
(258.7661001066323,844.4185052468493) 5
(680.1605218205474,618.886539347743) 10
(109.86947230404176,759.273568823536) 10
(966.613670544795,802.1030316718153) 4
