1000 1000
10
(0,0)
23 80
500
(875.1306707781532,732.8321471353296) 7
(485.1241374014146,904.5211282929562) 10
(599.0850444321983,639.9911221462697) 1
(960.3614284393061,309.62835677868395) 4
(692.3269820555338,141.62042004995223) 1
(964.7531560679406,727.9219110277443) 1
(124.15603916810957,152.6693372957738) 7
(919.283594105225,606.7559691162098) 4
(299.61647081116536,267.1610899088949) 7
(844.3080822767454,224.49001333494456) 2
(781.1513597774895,427.9641880846158) 3
(218.28937145644278,216.67461473424066) 10
(64.36597442879355,341.1770658780531) 7
(823.0021758486499,250.82617247405958) 2
(638.2499711183023,835.6593492349197) 8
(763.1370369553154,368.1191745757033) 2
(67.43467715675067,575.2465132417326) 3
(682.9693569534609,185.5721589640701) 7
(212.64816604166293,300.330711812807) 6
(257.52702692642583,785.3258452085876) 8
(366.98791321332925,882.3760771877895) 3
(710.9628519325407,951.7868987531025) 5
(118.52303691153043,378.75689355774614) 7
(524.6775851020161,115.05300121347972) 3
(371.6652500151423,544.7734818568716) 6
(795.9031140810986,249.58853425422612) 3
(763.9451513118796,933.9116843388286) 2
(542.0440141112465,777.9447484226152) 2
(975.2104622643444,46.35504409422908) 10
(852.5933950527268,915.1583833855459) 2
(223.12199076790483,12.540457515666903) 10
(953.5014698585969,322.7980147764765) 3
(110.33659072226199,354.7871251358706) 1
(69.9790290289829,791.3007125929772) 10
(434.2152025869883,841.1821324282802) 4
(94.55247458700156,692.1786336503185) 1
(347.5350578442945,95.2668667496207) 7
(498.9375805517151,888.5940932262073) 3
(975.760799100196,554.2455164637738) 2
(522.4988801578626,465.42340972217846) 6
(410.01353194836156,621.972339601543) 7
(731.8636988522792,960.7371091623338) 5
(169.33383585601803,186.39929505993948) 10
(593.970509044593,320.74603223442443) 2
(252.25281494279884,594.6011026302851) 9
(286.62068546045816,477.58567668124243) 8
(465.9222198013553,747.4859541442487) 6
(767.5115523886466,126.75239433716756) 6
(289.2578873368705,934.5393993162488) 6
(399.81928864348384,491.67371820074436) 3
(180.18397276106336,847.6266850588477) 8
(247.15748518092695,282.53355961564364) 7
(210.64541475761055,243.40190378229966) 4
(159.15934916511543,988.0275951766032) 8
(909.4118101480094,172.3866282432449) 7
(236.5227133567138,825.7670230526526) 7
(730.9559351254956,277.086016389265) 7
(391.39560025884725,933.7638372148352) 4
(659.1849642947685,115.6423835624476) 3
(691.8486165635383,880.9315544709126) 3
(390.1744169319378,1.4019465789180119) 1
(598.6818700975313,386.764482879153) 6
(116.81414024593239,948.4157037115693) 2
(12.679852705056781,285.6948562064262) 9
(822.1157311078148,131.51947594799051) 9
(599.7352600500813,383.2341195475558) 9
(583.8974774582365,586.3571321356275) 8
(105.57153741883329,149.85643982365505) 9
(825.2318977476442,203.06228537018222) 9
(289.9253992082008,911.0112160394549) 2
(599.0396219841141,221.75550153197787) 3
(658.4811415538081,203.05725368226524) 4
(464.74425134556884,831.6957991206888) 5
(214.56345643318087,529.7729213811406) 4
(282.47087175106776,471.70432713116384) 3
(819.0955299381274,800.0572075569567) 1
(966.7546550336708,463.25739509984965) 8
(963.2948397532564,829.2718998462957) 3
(605.6033367830883,820.2559020113862) 2
(551.7816874366213,414.46752838445343) 4
(816.9752106301497,184.42038429914552) 9
(89.59329018175288,263.4922326192326) 2
(136.52898738201424,863.2697710621113) 4
(61.39611144468083,759.4337465699404) 4
(624.4747442196632,172.3324130191194) 3
(831.255284328549,805.0619113606531) 5
(886.1438298520048,972.6011139152811) 9
(609.3449372415323,34.729071406667366) 10
(166.15991399321584,253.504792590295) 6
(763.371998020979,330.1145638632692) 2
(87.95319233179222,56.554310130155436) 9
(253.72281599540335,348.08026832761254) 6
(127.11316676385864,700.0373186549491) 4
(920.0307105216114,219.904160527013) 7
(281.46647557028473,592.0421643962685) 8
(720.5073874357372,873.5250004298516) 9
(711.8355476903674,701.868725302247) 1
(680.1128138534486,252.6653434475211) 6
(319.43741710174857,580.4488392711364) 8
(910.8601868706374,517.7783575400799) 2
(177.85484456343391,725.7250235053186) 3
(653.5373716871107,72.52579536558468) 3
(688.8207951863681,446.5852674540102) 3
(638.5013149440214,467.59892319407015) 2
(823.8162818524307,189.64545158838786) 6
(493.9098059869458,843.472418599351) 1
(999.444565277077,111.87629554345591) 4
(230.28181261690094,999.7554389758599) 9
(98.736697475453,178.86339849601484) 9
(929.660177836086,494.5987075326207) 6
(968.339469303688,596.8416099797711) 1
(455.54471704485644,869.6703170905237) 1
(900.2733415292522,504.70194498859047) 6
(285.4607223539506,985.5285607727873) 5
(383.68926322081165,176.4393742177771) 6
(680.1620029474847,87.92866605395133) 3
(767.250165465762,4.344396864870648) 7
(983.3837718796439,377.5896223576651) 4
(662.9022041081101,766.6455391437571) 4
(946.0926163803169,448.7888503495308) 3
(33.255196016897195,234.05195827274085) 5
(802.6916974150558,13.231193044036749) 7
(32.564890654029234,678.0638377686528) 10
(799.6711545550323,829.5371581901692) 4
(221.01314487141843,430.70008190986465) 9
(292.56402132126124,137.1371359488157) 6
(389.2199860985195,418.4067630695421) 4
(82.62698710922689,541.8238870433315) 2
(814.6630344024478,212.8139855389658) 6
(702.3946364209025,907.1762546559536) 9
(134.31448220659547,286.62309155052765) 2
(502.59420797426236,34.713080596427304) 9
(728.7558616868575,26.507050520948706) 8
(810.97369329895,215.05513176038693) 2
(168.56155259880822,664.7227893368446) 3
(319.41693242730196,631.0499621010631) 4
(511.9917439073254,546.2822399147993) 4
(689.8183688651014,195.62312214479383) 2
(761.4179465066911,757.3884050359209) 2
(499.4589628888263,9.687560561181364) 4
(50.75692610568472,764.4681436476077) 3
(101.13641947431462,486.72124390903724) 6
(559.3475167080338,109.17101039807586) 2
(439.6232179241173,980.5504290043361) 5
(815.1027266655269,860.5593485593233) 2
(683.8083348866984,225.67926556938545) 5
(589.1916285073868,916.9836176456618) 3
(534.0911020751286,437.84529751251) 4
(748.0104581001348,201.07355030518892) 6
(713.1334352879933,614.5540237465058) 6
(97.26055253147592,373.8244131192161) 6
(397.1172850094157,271.54886782789475) 1
(296.5149756870933,258.386726716343) 3
(586.6625472326593,976.4361251889823) 5
(331.8906286351947,494.45054341457563) 3
(88.1153857198672,400.0555268388215) 3
(857.1291980117596,564.8900309554253) 6
(67.20967394633249,840.6164876019683) 4
(683.678878734856,347.8409784850873) 10
(665.9710903338995,835.6731569055339) 8
(49.128298939046246,239.41693839740697) 3
(851.9735672896788,701.6916628180309) 5
(488.8277549190513,113.30067992207793) 9
(361.58924004410954,803.2842262644857) 9
(479.26292537082014,928.5231521933009) 4
(669.2434414489358,207.85909852645713) 2
(846.1666484933554,538.1706333192585) 1
(502.31485373208506,585.5703430227088) 4
(432.9116648350366,92.17029932460885) 6
(329.55364479972695,21.959817041920402) 6
(462.8810093088973,590.958259948584) 6
(423.68127465808436,432.100770135047) 5
(203.87121414621623,181.3317870227591) 5
(128.9748410300976,434.6069526721276) 10
(44.16751820148501,954.7145546148978) 5
(235.99340184214935,822.7810499869976) 5
(868.7029737996659,47.392470507520265) 6
(135.2830115221243,646.990466474533) 10
(862.6731497809049,376.4890642518731) 4
(221.50236570976801,524.9666422480672) 3
(886.0107134251413,441.9217782067765) 3
(972.4738988782436,919.8084473764939) 9
(620.222168453155,146.78677338926914) 6
(318.7957759283564,674.8073334201279) 8
(419.9667625915622,874.3259553243078) 10
(877.6699723130737,125.19150335081363) 8
(65.48884603399252,542.6465442229251) 8
(681.5432744095356,176.0058500111731) 1
(633.2335400413197,663.3523624078802) 1
(629.1766012798707,869.7718478301607) 7
(251.08999409640464,492.563243680949) 6
(481.9170406500315,297.6430822779657) 7
(851.5174464787389,157.53597093396888) 7
(666.4189976862696,595.861818999751) 3
(941.9581846391876,836.0872379560157) 8
(398.80610983298925,173.6731464668013) 2
(448.38674029286483,735.6277788915902) 9
(784.4434276715458,538.290153009112) 9
(870.6065349135558,199.83930067406698) 10
(864.0720093191227,931.5026432236275) 2
(976.0368953548094,520.6683470667241) 7
(664.5762462384005,524.312252021744) 3
(633.983281494533,307.78265096347803) 7
(860.8667288911017,720.7185856006704) 4
(696.1503624432441,319.277158040148) 5
(756.7414634182576,455.14538332252965) 8
(15.020185557772404,466.70524366021596) 4
(280.45283831990287,844.5465814967095) 6
(408.8306691240169,836.9840194569426) 10
(303.052430486737,399.484982707925) 8
(12.518187991946593,568.5379491324192) 2
(423.4278912154379,420.40828657536343) 8
(230.58023188999778,593.6048225533923) 4
(422.61443985012323,373.8128774339985) 4
(241.11062570035313,825.8709862816872) 6
(745.8550687446631,648.5478616859555) 2
(605.7192517126194,14.331465772623787) 4
(852.8527532350352,228.99678965059323) 10
(536.359104797496,336.82905197400436) 5
(956.2359241934653,746.9906968334151) 3
(319.4676669478731,658.611587092996) 2
(61.55037097869997,250.12234605546536) 9
(722.8708195610579,459.18439669240007) 5
(609.2864414983019,167.19450767960598) 2
(882.4620760762311,150.6831366591098) 1
(744.9627381195073,870.9337607312447) 7
(289.09513472570393,724.1814038705427) 1
(144.51476234984074,639.1498744633675) 8
(562.7388509147675,72.14090921582661) 2
(37.50178948074079,607.3053799068883) 10
(150.42814927788007,911.4732408601667) 6
(701.8437924055017,87.19098475687703) 1
(169.60104513575902,406.6928192836802) 7
(652.6896064206674,720.2487537608436) 3
(589.6815379679966,952.2283765374717) 1
(273.14947093334183,242.61022135175958) 2
(259.21182567091137,89.81102543800812) 10
(147.70603131081805,709.181579580673) 10
(385.8283228777226,638.8194870728382) 6
(555.3284278372573,80.78943159554042) 4
(246.20561669022655,364.2882527125787) 3
(563.5593922026559,468.80046291208697) 6
(922.8550530328141,82.56636137646434) 10
(611.826116212988,387.32356268859604) 7
(282.21419257711375,541.5503864421034) 2
(924.9252129973951,416.5004478067498) 5
(556.2815653485466,858.2553516698101) 5
(538.7029818846175,954.7349146309344) 8
(750.6257919145598,472.96804975233243) 6
(942.3674334451476,711.6811701974947) 4
(911.1561647559104,226.7132942805964) 9
(340.05360803193815,169.439364151334) 5
(195.34025307581604,104.73576577968602) 3
(853.2174531275084,635.5931002519653) 5
(210.83776696234048,681.9354231671551) 8
(182.4370526942606,263.90039819194357) 7
(959.8865381502864,626.2923513695121) 6
(815.3903801312481,791.87751395461) 3
(767.1159632881661,456.76392443839717) 8
(164.6287537386023,717.8968845746934) 5
(618.7522855991994,590.8459152058794) 6
(123.86260690827177,374.9017047597307) 10
(646.0294377560466,270.7713126467287) 3
(842.6120256884029,728.0514360089248) 5
(549.5584526241961,359.0247469757155) 3
(585.9368410155253,756.4556106113763) 2
(155.42279083106015,299.6323565619955) 10
(868.7761606626505,269.57793414265785) 2
(269.3281831204342,949.9512349412112) 2
(805.7861897981996,786.9903845312737) 10
(300.1276105847633,447.70766830909827) 7
(136.97236244579304,504.33342241343627) 8
(343.33277509036753,161.55280031019225) 6
(243.1594723495837,905.8061018855338) 5
(644.9816392543138,760.1148681983972) 7
(937.0359075717186,447.97438667307256) 3
(714.9888963063581,430.488042251356) 9
(161.54455423060344,308.63207066895427) 5
(704.2081978859156,830.7861092887966) 5
(632.8274933043747,261.98991593089806) 9
(315.7069841478313,194.324097640319) 1
(413.2516618242521,293.86950434462176) 6
(994.337597345386,75.66189912630195) 4
(646.8817940975285,295.76400552134805) 6
(241.34420227716524,425.2979350833055) 4
(267.33094191106545,218.7267961568058) 6
(66.94754883197595,724.6709716917168) 7
(574.5432002853531,665.9403429877245) 7
(519.2429709707353,561.4069251460332) 6
(802.7609705403178,881.2194061240021) 4
(75.52319873356905,711.8490716363985) 3
(966.4608337101726,623.8050810846001) 3
(370.62792534598975,102.03823663414136) 2
(126.21203911244916,246.8962406152849) 1
(557.1246952763263,996.4281891028276) 2
(257.6736301841479,385.84312340285373) 7
(775.0840500748515,839.5495366285362) 5
(893.007027062235,559.8696713112024) 1
(315.06316915381683,301.18360420567967) 3
(253.74790368725064,423.5068666513089) 10
(585.2633636802799,363.4277389508438) 4
(931.1422068476907,944.9756870100592) 9
(135.4393651462723,205.48101661837015) 5
(554.9643296035883,136.8884114794592) 7
(979.7680736608713,295.46646432163027) 7
(657.0702257672575,603.7480010454022) 5
(36.830582651227964,54.19780613014069) 7
(521.0374090694988,498.82803956910305) 6
(694.9490563747478,78.96626895952086) 7
(432.98034364678585,290.21134748514635) 4
(38.402773786425094,800.5307957360488) 9
(727.6922538276843,587.0733980022007) 10
(239.26302575756563,941.8871246611941) 4
(439.3295721036359,687.6219385274127) 1
(931.2945662942444,717.9943138431964) 5
(963.7217409468626,890.1020532024103) 2
(745.9251116815836,990.0410931317944) 8
(873.4056766347238,451.61396242988604) 7
(28.841352650490816,199.75255197105557) 9
(532.6548712314478,902.6003773137364) 2
(645.8613371944812,960.061894029793) 1
(907.8393772674098,877.3061615795805) 9
(792.0303844876086,342.1932124703928) 1
(105.5958096674301,460.37171265265806) 4
(654.4071171133439,572.0353087326646) 3
(307.0747068130969,921.2379337182105) 2
(430.88763156935227,274.48030104230037) 4
(229.94927112575635,940.4452381180383) 3
(735.2726904164527,320.63182662609125) 5
(938.3052511890147,607.0781720027861) 4
(162.07414218111194,7.444396473173964) 8
(111.23001724087177,330.51706347580324) 10
(281.5160919119918,771.7602988053047) 10
(391.6004061326921,987.7419587660257) 6
(955.0445758686354,553.3519653858647) 9
(413.08311113290307,785.8317925055969) 10
(415.9971827889106,347.978449509494) 2
(910.6165495912618,198.42248412560647) 6
(839.0573340677556,682.4985561214842) 10
(901.0851139954408,798.2533402856703) 3
(181.814326122116,880.7545921889383) 6
(795.848832418628,539.242662998962) 8
(959.8025088359772,46.907318869675805) 9
(636.267908314397,482.3109443221708) 6
(51.570780208983756,507.00006141248923) 7
(403.1160842657079,763.7060510307318) 6
(3.5543510294019365,984.5137358271219) 8
(649.4528153335784,663.6481736373164) 9
(208.0850458600044,586.7914437864125) 5
(19.38709389796278,404.3179744836742) 3
(545.6272958582658,978.5725583848405) 9
(832.8141417132545,414.1279422036637) 7
(40.8623161121171,34.95623942564463) 3
(56.178684296241954,658.1416886319827) 5
(987.2280683785407,830.798896929348) 4
(202.51232134512708,612.8177146323615) 7
(418.867241219631,626.7370055591381) 3
(741.71503218608,821.654575373028) 8
(470.0873818898239,475.2456920311894) 2
(725.6969812885411,131.20942591120843) 4
(749.6173516036059,228.45652748957912) 4
(874.6421670500853,175.79390430260622) 8
(658.1811253590223,801.6593407053961) 5
(113.4049283362194,379.88732537315616) 10
(209.6804153229188,550.8739830189601) 6
(349.4634779924135,206.4830206351036) 7
(326.33652763709085,929.1278926638032) 1
(918.9970423542054,149.5712648827978) 7
(109.64832337844454,236.53133198110388) 10
(472.3921752279536,791.40178853395) 8
(481.68802048083694,912.9958804511846) 6
(498.1682197179743,549.4025937583076) 6
(530.3724999823892,330.42331023845617) 2
(346.7004030495355,858.943136786128) 8
(917.7231847219056,196.40436065873834) 8
(173.17239549813434,25.952938501664136) 4
(939.0354699958455,396.2444115480708) 4
(371.97234114586655,35.21646336691586) 1
(706.8801033810215,441.7943288444287) 10
(535.2585140798894,790.4241932789078) 1
(768.8327054009186,138.582179277869) 6
(625.4064342499595,412.6244950989258) 4
(409.01343166360004,88.5307396403986) 7
(428.35950385797395,632.2102539703166) 10
(319.21681278920965,819.3797471670334) 2
(866.3655947301263,365.1349526912987) 7
(439.3829589973717,795.8910297578002) 6
(113.11995909193406,90.01467534204977) 9
(270.06195081818964,647.6261797795835) 10
(652.066876517641,556.4904193040397) 10
(370.4214177415208,306.03115375283807) 1
(353.5023301370981,236.71730161478877) 1
(797.5760778257653,835.5035649628899) 7
(40.711595990846284,753.4887097206895) 4
(347.8772460331172,591.6980097995119) 2
(130.8862675861523,821.0919762978299) 3
(368.1546946506936,823.5057734509959) 4
(691.9969778771564,425.69555621344057) 8
(368.1490652806462,821.8338656119263) 3
(278.20129659135904,920.1050847466496) 6
(468.55350286050856,919.4354742986601) 7
(55.44660642526078,44.764649808401) 5
(848.4923778752047,410.6960950691421) 5
(655.1620755327673,730.9538325969603) 3
(918.4345017187777,297.00571618823267) 4
(319.25441636255994,670.1219499550695) 5
(118.07955944562542,728.5196905016174) 5
(272.1219036948917,742.3862909743171) 7
(39.20631042396061,471.6080223518733) 9
(513.2990301181941,572.8078937429183) 8
(840.9152919989971,376.98988561167766) 7
(227.80969884500746,479.20667996169084) 9
(557.3368919987035,377.46908493928674) 9
(642.5222958438534,950.925921465643) 4
(532.1082501802464,679.7017006647383) 9
(535.7211912023959,915.3594731285779) 4
(820.0374676629183,137.16495121145712) 7
(665.3801323091623,597.3994276809393) 6
(683.733235885149,649.7952764085491) 9
(399.11473265245866,493.85210505196363) 7
(241.90655324351928,949.6229529342936) 9
(505.7568137298304,424.50002564106484) 8
(532.8124863519819,978.1802539977489) 6
(202.93771305351993,764.9031677808799) 2
(158.27143325169934,772.7224228405331) 7
(778.1691901050249,34.93589057860802) 9
(628.494749202325,213.60278452353108) 3
(775.8856422499448,834.7495548431211) 6
(36.01666336686649,690.5669422968735) 10
(961.9383602773078,969.4228460633917) 3
(903.4676789218917,178.27946505620062) 2
(17.295868156885774,408.981221744397) 6
(741.4235174861249,265.35739270202663) 10
(793.060611207838,177.92913684947342) 6
(864.4292268364353,982.1621725438984) 2
(19.847467862649793,276.8963522434492) 6
(898.9725539944362,495.823281236957) 10
(492.1263411114629,70.07966124008624) 5
(269.20590599415027,338.1188692175184) 1
(899.025444217122,487.3707087642252) 9
(217.04455174025205,287.62297479572885) 3
(6.279055501459352,247.13103594158204) 3
(567.7000626226269,594.2511023764291) 3
(220.86619056212155,512.0720058633998) 9
(452.68970410598916,759.9487916258562) 3
(455.0816390091057,139.5967240887216) 6
(503.48002039483873,867.3339533753084) 6
(218.7889428868528,419.4641832903047) 3
(550.00658601789,766.3730177193476) 10
(994.5850094158963,742.9371394826113) 2
(901.1099360744935,320.6818343925503) 5
(618.5774297051032,241.54045168089567) 10
(319.47489749932436,108.28685374478941) 1
(43.539038049987376,700.1885054697505) 7
(276.66363491757227,232.0569363491478) 7
(637.7422470361956,697.7148125254449) 8
(198.72622274337616,165.10478947071195) 5
(560.1133908194909,621.9101088597795) 6
(501.3209172451052,556.3717510760018) 5
(523.7396893003241,846.7126898489886) 2
(634.852965534375,167.04714494417428) 8
(672.4368910972748,123.8036318614505) 8
(409.3550573487982,385.7513909023387) 5
(321.3219304454039,940.9086465903731) 4
(920.9146603563024,653.5828682317787) 1
(763.7612259320616,572.401767656558) 2
(477.6493623980892,231.11500427581166) 4
(109.589258399022,148.49030114150054) 1
(586.4728387007067,933.8233236095466) 6
(403.10075087299225,322.70134486866874) 10
(223.661747914086,514.6920694937827) 2
(62.94520472854415,86.559515908887) 3
(952.8128814410541,904.7005361574196) 1
(867.0426530698643,197.34483973998485) 3
(811.7842783615533,110.48006121829212) 9
(824.5911123832844,7.179648938152372) 6
(180.40119814676493,97.14421481591361) 2
(197.56060555469844,765.2430604466905) 10
(580.8630414723096,54.02833058007761) 4
(842.6177420412531,599.2238191602104) 8
(303.06881399993557,861.963012746293) 8
(325.19672824656544,373.61051703852434) 5
(550.01008486518,777.0394903992511) 7
(848.8660383059351,243.44398496720376) 7
(544.4937899725315,267.5890183423261) 2
(682.0555454725022,161.60087420444825) 2
(435.50878218104907,441.5756884994725) 6
(407.79383249363264,99.61392953843662) 7
(713.9451182588626,321.04764245144133) 5
(512.0121627173476,205.0947193805568) 7
(477.43498183548184,909.7130922482614) 7
(65.34872759374943,254.51676133660882) 7
(702.6772207557652,982.2993188000764) 10
(716.1532727241903,387.96196957927265) 2
(422.68721940937525,670.4879737753049) 4
(289.8031662706001,555.2192900299516) 8
(490.51834022204565,636.7207526563852) 4
(440.1708493250499,454.8608168170054) 5
(656.5398432972604,139.36226206956582) 9
(532.2336087898113,122.0065290086777) 5
