1000 1000
10
(0,0)
23 80
500
(745.5642287997365,839.0417692785485) 4
(728.1495084418342,330.0024152757816) 6
(76.06637086567957,767.8712014942972) 9
(272.2864939871422,875.3306272388251) 6
(832.0152322755027,273.9539290649605) 6
(472.2481573012418,69.45383011379758) 1
(358.8168194940341,77.09812152295214) 9
(239.63088238206865,359.4624674683423) 6
(130.40525385179424,892.042844308419) 9
(135.1240192578257,53.19900392778676) 1
(523.6003748827244,680.6906896181309) 8
(585.0909506128008,456.95526496185437) 4
(898.2772682183446,299.4948807510315) 1
(925.6040493758103,48.384882920335045) 9
(557.6700160547724,258.78329778709383) 9
(442.18033731225694,513.6636693063206) 8
(254.93379977434415,162.79945612041723) 5
(34.136459632764016,718.289055195048) 9
(96.57376324357148,697.9171775155796) 3
(215.5794121444745,435.02505551589354) 10
(666.6752528249035,711.5465640498187) 9
(809.7534448414413,903.4843876512944) 8
(689.4162101385532,900.2316585842917) 1
(401.996981015653,524.4427107862721) 9
(378.03857906243945,181.0374114493587) 4
(923.7320107933107,806.0068323419401) 7
(106.41918081676627,225.88152949085995) 1
(205.22154732508346,375.4911401039758) 3
(362.8768840737131,158.19752447635338) 1
(520.5224721444439,996.7266497471587) 3
(734.4706930465975,149.7490151111348) 9
(241.984538668912,534.1947600967629) 9
(766.9500254587509,844.3637477852579) 8
(448.66352791349897,942.0898058949371) 6
(172.1702726278259,103.08961649586756) 1
(558.940778020353,326.7951051957464) 8
(620.2963670835089,440.14281477193884) 8
(583.8184554258587,76.41988148024303) 10
(265.75474493841733,690.2960345381457) 10
(506.96974022429976,148.40379847718845) 1
(900.6363214149859,419.5575607078159) 8
(976.068601643159,784.5137211322221) 7
(198.92274252813658,638.5189588809377) 4
(182.73195825091116,234.76238130147863) 9
(632.3269781751361,265.6940629842258) 9
(458.50688184137414,180.4830968582799) 2
(993.6199696242111,609.9040308701739) 4
(303.65804879697134,664.6604100667481) 1
(856.2957007753693,623.3784044440812) 4
(731.3260661312007,60.34874483387043) 9
(800.0854088784101,671.0623962336726) 5
(683.4978760342817,216.80440310079263) 7
(392.3588676155022,614.8508019751133) 7
(594.2978471686077,435.9555507113151) 4
(638.3703078004479,570.5304672937093) 8
(359.3040735670001,375.5751777561439) 5
(302.29716534768113,577.3833804871401) 10
(638.2024787518485,705.2421219686478) 1
(219.08150024996397,168.96401149084807) 5
(55.15441925209386,774.3061668304069) 6
(775.1564767739103,58.99686623047518) 3
(790.8967071126481,709.9850692582713) 9
(83.71153770404283,102.57830011987323) 3
(83.23922117504567,814.6986954332597) 6
(537.5542924355303,719.2865102220129) 6
(685.3921426619731,491.2374586767152) 3
(10.514821112195927,131.3695825490343) 9
(812.39310146809,771.1147753007444) 1
(955.7407845819127,542.7488511600778) 7
(168.56318765941737,180.3935091086135) 3
(306.0774227603067,570.2143178314589) 9
(722.98980256407,86.02564204559538) 5
(358.11187547093573,637.7417818500164) 4
(700.2725825909365,392.64621770078065) 5
(584.0549479834563,333.26744506307114) 7
(68.46851352784056,544.6421527950745) 8
(241.37509923803847,791.2750236036736) 7
(467.5060283641009,102.10708007732094) 6
(280.04084783679207,812.7224911941234) 9
(59.175965425555475,699.570008183668) 2
(964.7935172226493,983.8409015249166) 2
(701.6713624651164,419.0270931923814) 9
(541.8313132001391,807.2493631424478) 3
(538.9872866086758,520.40481656109) 9
(821.5134331825926,829.4406861433587) 10
(683.9834282570533,102.08774224229688) 5
(89.89288796214868,394.7608945905351) 5
(672.3237390303284,2.138702488193811) 2
(595.2712918880791,280.25604552038044) 6
(781.0654811118604,937.8023228488705) 10
(510.0426246763471,404.2553145432087) 8
(152.8470825614465,299.06513280431955) 10
(816.8745537307681,89.1593357693874) 3
(660.0690844788069,123.45606927243291) 6
(50.40298955907685,682.6777279509295) 10
(10.427386583764964,551.3063414651684) 1
(720.8633056424767,940.312721903691) 5
(121.3948568048101,457.09566096090623) 8
(576.2965664051383,571.7791791528838) 1
(331.43308193532386,926.7739563276958) 9
(350.0380668034043,921.2715481717017) 1
(378.94092200745257,222.00613113970834) 6
(811.1557343188978,644.2602530257236) 7
(453.7729683380679,935.327713566887) 4
(3.464149790941673,564.6254377515772) 5
(111.11425553076748,503.83866105833283) 9
(593.1583183588483,152.83450525752505) 3
(18.8590539879796,921.3587792612572) 9
(73.58009713913782,261.0329909825595) 6
(815.1119705627015,240.145270668644) 2
(133.61727097484643,976.6358907890658) 6
(679.4821543951952,138.91528528676324) 8
(58.25510999705752,126.31800175517304) 6
(178.305464623845,602.6045339570007) 8
(215.1162355096523,939.2215037258992) 3
(343.9260157970726,766.3765250684016) 1
(187.84051403041323,217.25756483769243) 9
(861.730602363384,997.4648486065636) 5
(779.9713396574983,650.4998659624847) 5
(842.3918402052004,255.1196140440739) 9
(235.66748868827415,872.708461356633) 3
(717.7728027451908,668.3996607045613) 3
(24.082218618070694,493.63354117821046) 6
(776.8018029547231,354.38812069169757) 7
(638.0423046739503,431.2254935046833) 10
(915.6378089675809,24.5348679957228) 4
(585.4338722101622,994.5043979466392) 6
(763.9592181482218,158.17439278839728) 2
(474.0018931836123,918.1740757228112) 3
(414.94021564687245,475.1808375825719) 4
(476.9101871883359,737.3274347995854) 1
(846.8612701789144,403.66726221352224) 9
(840.1002812109756,729.5345973469817) 4
(639.6177080324165,580.3119903049463) 6
(639.2779228001193,354.83822037388967) 7
(569.6607980650735,112.00848837137278) 6
(255.85894087042882,672.0445586559746) 9
(892.0312102165173,322.67601704867246) 8
(347.8611387428764,899.4188546718076) 8
(691.8410374583547,817.793408745646) 4
(706.2304093398427,916.3272249810669) 5
(909.718232085067,208.14596652072925) 10
(85.37390445603631,580.8286488417206) 6
(256.283832526468,919.8747747209) 1
(508.08697025377734,675.1082349005648) 5
(146.60772800633404,767.0961863940563) 8
(101.07817832763055,124.9669156189337) 1
(33.273597286980426,492.22043309237097) 4
(918.5228079852639,572.0011255702735) 6
(744.6486276312205,310.48856989667337) 8
(219.07697788452552,315.8151110732004) 3
(805.4725335494677,842.4503551807322) 2
(119.8461539859027,973.7783963690097) 8
(373.6590719166195,447.34892736260247) 7
(259.8538484721493,77.27724088660482) 9
(511.4715780861454,517.1507450975186) 3
(301.547934669293,36.84892676873708) 3
(875.5393006655413,303.29298693488937) 1
(206.06783478681078,855.0399984039417) 1
(383.4109564124357,166.21595675556) 4
(25.43661795583507,44.29673540335677) 3
(796.4143785838943,162.75584671311415) 1
(146.32850242977148,520.2907954710391) 1
(692.6136515574043,26.672632301646736) 6
(764.825526082823,270.4109114277442) 9
(263.1364252965572,214.23849984706612) 3
(314.643367052179,619.7511297476817) 7
(143.78698304762005,553.8149238315224) 7
(370.20198520594516,968.071878074067) 4
(21.640516699224733,748.8262938109643) 5
(513.5395696422398,948.6984454977021) 3
(20.091968623033864,213.91706653611752) 3
(931.2453537719911,976.3366515238627) 7
(539.5522418851583,55.47472508587281) 8
(456.3881543317857,414.57238315485944) 7
(666.0520045304564,585.1601287055867) 4
(674.4853963547505,704.2880304803901) 10
(39.476999597493624,22.869166744142966) 8
(199.61264113335253,759.388869451805) 1
(50.85222334498907,178.24516976008152) 3
(469.7127400657046,650.6283175845545) 5
(874.8438314804054,367.19509131917386) 8
(833.2425984607632,340.7319874260121) 4
(603.9422599399772,337.3075725209828) 9
(590.102982784165,81.63513291215318) 1
(257.1440708686149,892.8594766463859) 8
(257.70103819369706,343.2084790081062) 4
(438.0241081013304,208.6400210188134) 1
(941.7358276468117,197.04725063762984) 6
(783.5101162757318,423.6001705881391) 3
(194.36824705694923,948.2364625359354) 4
(829.6311870369741,661.0176731757081) 10
(885.207337797817,891.0931332311288) 1
(799.979407612886,301.2964427725805) 1
(562.3008049565373,2.782883178063855) 7
(667.5328869442977,89.79946555973595) 1
(770.0812457316318,364.97041459107714) 4
(425.7823585816909,657.6743885273946) 9
(942.954066907856,163.76118229060398) 3
(432.1843541683357,414.4657495403481) 10
(871.1078113028872,867.7308163352228) 3
(630.2586699201565,699.7281447133213) 1
(289.3124660157611,19.435200909964202) 10
(855.1749341220531,216.74591135796385) 3
(901.7550979438485,166.95125778245435) 5
(933.7086101011457,713.1827674064326) 6
(289.7766738648688,592.9430723701141) 4
(365.06683649881444,243.08529370719634) 8
(518.1909384122999,60.61813845022868) 9
(545.7958304490928,730.0420333633838) 9
(444.52751923385017,104.70662966126466) 7
(129.73603545914213,433.9161186554925) 4
(739.2201859478071,411.8925038158662) 4
(530.8577240657072,669.5688161970596) 6
(848.1478332352483,900.7441361452072) 8
(891.0876277758781,112.99784791955014) 5
(141.42763738870613,940.4407030641723) 7
(953.2689005499585,337.048300292998) 2
(737.8125761196105,615.2327961554088) 6
(581.8105779139197,143.03042026771794) 2
(711.9952572622923,999.9801990264561) 1
(62.16983562728895,433.6768667992813) 4
(499.1300513419553,128.2441531742984) 6
(167.3694121922047,596.1187303308516) 8
(928.5427690922718,314.82528458190615) 10
(936.9318362449745,488.73796400817247) 7
(391.08776320986584,209.12760899338224) 8
(848.8436434246936,7.22689896897899) 4
(184.8445857670763,945.7961934076284) 1
(1.6969682398274566,546.6189613581297) 4
(857.7980764060903,949.1408550405877) 9
(314.54687017969053,477.05935230881005) 1
(256.58528278084816,727.0825917272755) 7
(440.7584031575682,580.9673759124818) 1
(834.9567762725892,180.16574734851176) 8
(625.6639355300053,27.16384117946813) 8
(944.4282361296868,337.43644501867334) 8
(514.7682946344385,335.8879462969403) 1
(912.1817891685578,994.9546289039756) 9
(413.04911932731204,14.82155924615225) 5
(611.6946376810982,393.5249128980792) 1
(896.6374123798527,11.517070529878382) 4
(80.89668767198965,169.34837935734882) 6
(407.85257121080053,277.0367112293747) 1
(175.4062178001171,25.571058387629297) 9
(763.7580918839532,572.7135870021623) 3
(260.1089045881428,438.9737067521194) 1
(692.2360045066217,277.70863347939365) 4
(194.92294195889582,641.1651505637385) 3
(352.98172089917665,281.0424786150846) 3
(456.37657769102304,987.1559448189728) 10
(473.3201437198206,320.2504345019741) 4
(822.0239783200411,935.6724529164832) 5
(628.0866122917735,866.5265070106237) 9
(114.42141022943363,328.1801992037986) 5
(108.17171289709037,737.8737179307517) 2
(800.656981646642,924.1024160489036) 5
(871.7473341734081,209.306969778722) 9
(734.212225172356,712.8851977765519) 3
(622.1379208744098,296.39987407880494) 6
(346.83153799026536,595.396602678803) 2
(842.4726840151465,464.25604388107786) 3
(416.44770388053587,469.3786197657828) 1
(10.452877755197099,33.80999720327349) 5
(996.4082668979662,744.2108605481346) 3
(697.6067442999038,278.895756078699) 7
(633.6444102986404,508.4255899398081) 9
(990.8318519716711,582.5819727167467) 4
(951.296398384456,414.818940930317) 3
(804.780741815743,51.5889078987547) 10
(31.613548305058693,172.59978827044642) 8
(35.0639183255812,241.42400015963815) 7
(708.739208599282,505.68757720392955) 10
(430.17482088604163,44.48762803296113) 5
(649.6728224964338,283.1741869257346) 9
(592.6123483591335,507.5343249688564) 7
(734.649807641265,116.24820105699085) 4
(17.734347649022265,116.11842347042534) 10
(973.9921332680187,367.65299826899457) 8
(354.0162599741889,30.775698070396707) 4
(418.736465119809,93.78118595465345) 7
(759.4386893908686,367.49592162642375) 2
(228.8529125312262,141.9332708070201) 7
(288.7430212006217,594.964701236217) 7
(223.58638696719814,131.0214548782811) 3
(920.3694356593317,926.334570371634) 9
(490.1059699449932,291.1518252910057) 8
(523.1477413224042,206.13239616527025) 6
(136.07619491045386,451.7629495502106) 5
(611.2891546095615,9.164895810938267) 8
(623.3293702338578,52.4309252656302) 1
(103.36390757725245,734.9100155774299) 8
(272.6083653212722,395.1091116609472) 9
(636.8568713077162,672.7044942680459) 3
(669.9462526062748,668.355977277824) 4
(766.1232914122385,182.44764356335597) 1
(232.4682694552256,945.2301781755261) 5
(992.2366215955144,645.7828293264556) 1
(441.37164671198036,399.6329926823147) 1
(908.307517101497,656.3854083437724) 7
(91.77359101356997,116.28867199336968) 8
(134.02201080823062,101.93796050538018) 2
(820.6656408297251,916.7293119951356) 1
(948.8714141305301,618.531785488826) 2
(862.7244941059531,697.958222493032) 3
(605.9811591422583,350.90449179266005) 6
(555.1098539035581,517.8255933894627) 1
(89.96063454297376,403.0129047860198) 3
(597.2351229548776,327.64976925675114) 7
(421.17311858762343,867.9182287468848) 3
(927.8325297406698,82.47865474221983) 1
(391.37736191746455,901.2165424887136) 7
(438.8165303071461,220.97760536460686) 4
(614.6210685135759,645.8082252437174) 10
(512.5022707012434,963.8455650647583) 7
(548.5312427860589,185.41509585463933) 7
(24.87622219232599,949.7974893232422) 5
(148.81145520527417,589.2939303112047) 6
(258.42588487176556,960.6180269360317) 2
(937.8970336648014,143.3081386066648) 6
(668.5969289339383,384.08358115133234) 3
(169.85839153386993,977.0433806297854) 3
(300.126979962795,614.1379799610077) 7
(361.7504019791775,106.44949307350204) 1
(612.3103877360052,893.1140165867902) 10
(97.11460053523146,370.56572613988936) 9
(695.9285582816204,736.4568559411712) 1
(786.1986522864006,294.1407925606346) 3
(618.5562966019583,970.7506654856667) 2
(586.084385276582,135.49880785927593) 6
(381.6243243493211,278.6152790636077) 8
(127.88691893198201,636.7769721237004) 3
(101.11567076367633,550.3471948725729) 1
(306.1265466796671,93.0573243098427) 1
(967.6178582444893,570.9832754617373) 5
(903.1445257048945,673.1768557421743) 2
(504.05005992300033,165.63188998217638) 2
(811.4574741315272,759.3753960248764) 8
(165.92004149863814,383.6094903714722) 4
(486.0745649250713,610.9690942880142) 9
(622.5656854644685,702.9523996429427) 5
(763.8090798507351,645.7788783795417) 8
(996.4295827288039,351.12847724609964) 10
(448.06278755536545,257.4078397453063) 7
(215.2534400446482,598.2166005200075) 6
(52.23283719178839,229.55016147927776) 7
(454.9658029625091,383.6860354484721) 4
(841.6125461215129,736.9543722124191) 8
(906.3396645551965,981.9114537137049) 4
(934.1822431133277,341.8320931585833) 4
(59.78347862251421,640.3071807672382) 10
(444.91140644240346,605.8488195239216) 7
(238.9213377022752,377.7070105346292) 9
(377.020098439679,453.0385244617451) 6
(855.8629234937526,616.2937466354042) 6
(546.2599419539368,897.1750184260322) 2
(427.23951248044636,293.8333593726007) 1
(166.53743734666782,884.9815596719124) 6
(151.37757582122035,39.49283868924746) 5
(979.9092743468435,24.31772433577839) 1
(157.19217712957777,125.0843946851028) 8
(308.3178975528957,582.7616489876003) 1
(365.4353156836058,124.66700003869113) 5
(762.8860756169349,952.2713656423808) 7
(646.491781702521,118.24321963354012) 9
(318.550153418058,53.61636192543073) 10
(795.9848597096806,374.48807641683567) 7
(963.7833394190955,357.5587742860543) 4
(777.4336425149569,997.1823808875937) 3
(80.25397227975873,202.48833906357143) 10
(373.20107014425395,706.8632451725622) 7
(711.8593546291613,936.8998500962866) 9
(517.576520383722,764.8959623339022) 3
(407.19929657870244,214.3193181780717) 8
(957.7713181761382,682.5084519899486) 9
(837.6860375674765,727.4779869197704) 6
(723.019389834764,45.16108478863057) 4
(991.4705956179703,65.0312393328043) 10
(357.8510880807398,646.9188255154709) 6
(54.944617864135516,900.0588769291259) 4
(684.3457532222426,981.8281148056719) 4
(432.8457460455035,758.0336119054405) 10
(677.0871733923497,700.8551114963467) 7
(303.21630664638343,383.02632535605164) 10
(24.141838725839637,18.806453487497876) 1
(895.5474049745769,892.6012018611711) 2
(172.0928582098169,695.0268514287858) 5
(175.40187637249426,543.8995874842645) 1
(782.6892019660816,751.2041288083893) 5
(677.989431887043,809.5080439144373) 8
(813.93679166943,720.6700663445123) 6
(690.4121418193552,29.709461032716767) 9
(698.1670470864759,608.7622658778007) 6
(848.3517972961236,105.46278822426957) 9
(631.7065228479044,992.9591275522802) 2
(785.1115042218983,117.93771369074702) 9
(947.5407917850679,915.9144142867427) 6
(822.6062872963464,368.5674202786414) 5
(479.03067667664857,132.17740171985483) 1
(672.4907760647058,673.294726491472) 4
(120.71263624894758,110.26949085831251) 1
(745.6368250680736,785.1730953025987) 6
(556.3698040702484,706.4442255437554) 2
(233.47887088650188,414.9867052190175) 3
(118.7906907642613,325.928104538171) 5
(935.1309415802717,961.5679350935752) 6
(225.19162670439263,825.3102261849162) 7
(530.9795057991271,752.6787362256532) 8
(612.944471149668,42.319133780982845) 1
(931.6573592067851,977.699030646176) 1
(725.0980941625085,685.6355333775651) 6
(563.1530117262134,67.24133441712222) 3
(33.348362121434775,35.46349355245238) 1
(539.3081639449815,681.8803662080165) 3
(467.2900308904209,522.2661450265116) 7
(213.76348005532742,987.9475938205228) 9
(77.62501306469372,847.63757421091) 6
(940.0018796846081,565.5479700587406) 5
(631.6906376274974,626.3908721206542) 5
(231.6537483032206,841.4266883378692) 10
(433.1179886946599,459.7074680779005) 5
(615.9207144055808,677.0563607861609) 1
(523.354290764981,323.55727924920296) 2
(864.1788455104886,286.85205656267954) 7
(837.9552240996825,894.7178633745255) 2
(358.96322668084844,187.3267763585149) 4
(982.1651400123105,806.5322995157603) 10
(529.6044339566222,733.6471536054628) 4
(368.47153293402755,95.37851724657065) 2
(399.70346632649745,846.281566642873) 1
(606.5247584521896,86.38603218766394) 9
(304.2441696241177,236.56587701532584) 4
(902.4537892350778,38.373532141759206) 1
(682.7300492461106,994.3760753817428) 2
(711.4342398355542,242.59307693887456) 8
(657.6507204480732,807.2411880175166) 2
(574.1855057695019,298.96903678266375) 4
(33.236286484754515,170.4424263162866) 5
(931.8337995098686,555.1532371608769) 9
(739.0031457886594,509.72128938672176) 8
(984.621151486499,810.964736590299) 9
(635.9844254699673,833.4520501432906) 9
(97.94450432734791,50.055733235424114) 3
(830.1789271609972,739.864253706901) 7
(165.8589340369817,350.0532906594206) 6
(367.6253605003523,229.36003448067999) 2
(961.8478945086998,439.0374976616105) 6
(215.21961342638753,579.4513302522753) 8
(993.7394378677616,246.06348839222326) 3
(900.4211099882767,276.4320803544601) 8
(390.2821547585554,587.3928749971371) 7
(648.0522717903489,505.70972991674824) 10
(121.55786477118258,419.7561460373402) 4
(210.0192995237471,932.1882379841602) 8
(158.28022361842497,521.1160795666756) 10
(432.93441322058925,201.77567546902318) 10
(979.8584643791382,864.0192999079381) 9
(426.08476315621044,573.6608293562275) 10
(873.624078740246,170.26661637088068) 4
(807.9292103666734,357.69219099419024) 10
(967.1536885120458,148.47726664062677) 10
(516.0494349177493,862.6892949936789) 4
(560.8454501434104,63.40668274985251) 8
(487.5784526423084,74.99308804047622) 2
(978.0291417812613,345.65225361891225) 9
(398.77077720150953,892.4628236114339) 5
(724.6475494852616,294.89542594117347) 3
(99.81435356237967,71.90966692582512) 1
(973.6648905966482,915.5831492202888) 3
(379.3953964077795,583.3374214030318) 6
(945.0447109848191,372.9817955745741) 7
(732.6615382008309,961.5212159277444) 2
(343.3455339123518,446.82326940986206) 5
(122.94641004689389,973.2808762773914) 3
(836.1067857035611,595.467677090258) 4
(993.5511012390444,235.93685080236938) 5
(923.9867856574967,713.9085140204243) 2
(505.69193134619206,654.5095654441417) 2
(114.87396616979639,380.67784408861206) 1
(248.3276669538268,395.7786445065726) 5
(992.6868691709403,670.0644929659768) 8
(102.40782933492254,644.1175937044769) 5
(911.4748347420311,497.90191317529275) 5
(48.760378570372964,941.5189308360183) 8
(635.306332070473,915.2297391284101) 6
(423.80491265024676,314.5135986703372) 6
(958.1938175623461,769.0331838620527) 1
(864.7859760086975,188.59783931506834) 3
(857.152901785711,255.7710992658825) 4
(408.6628746398495,455.45623860159725) 5
(329.49753105415624,923.1780696464054) 2
(351.2760247412101,735.5055762222497) 2
(533.6167909258189,461.61081551590223) 1
(225.94011868291952,38.966777644284576) 6
(707.2501075561519,631.1637776601393) 2
(684.8795698891855,72.76664994671978) 9
(767.7983747569839,625.0258187130808) 10
(736.9115615781087,500.9837680318324) 1
(957.3050844277246,922.4248714215163) 2
(599.1342313520989,87.60792156876818) 3
