1000 1000
10
(0,0)
23 80
500
(787.8353408062605,702.8507381698405) 8
(240.3164492637002,690.6941519181607) 8
(642.7794700897244,565.9514004023974) 7
(429.8126672920185,364.7678443501855) 8
(174.16906977388956,979.5266824896837) 2
(533.7093790067447,517.650629824462) 4
(800.2920498477755,397.24341432626045) 3
(832.45371657405,719.5083381703116) 10
(784.7027191357745,599.4672314223357) 10
(888.4891424306188,77.24323898264984) 1
(169.32919633179333,850.0076400164542) 4
(698.3747322773426,764.4969232310314) 7
(701.0766213030772,786.0738697033129) 2
(366.51822861742477,546.4481951095053) 3
(186.84830916803585,233.47705532534678) 1
(37.52872047528366,761.9850149906827) 4
(912.1648476775694,380.02066023306224) 1
(136.51274593756247,876.6540600384606) 2
(895.2070293226719,614.6579077909172) 4
(378.7839269683329,795.746789831361) 9
(735.233259962825,133.36976282571712) 8
(749.7623254132612,158.0705062612261) 9
(658.9771544219943,970.3763457503835) 8
(883.6638565996095,277.1640112054254) 2
(338.25342689289903,212.48413552154767) 9
(828.0684504316056,509.8772068493389) 4
(743.4975369351118,506.61865730666) 9
(254.05785977352392,40.25125053415635) 8
(675.5869790078934,525.8977797621659) 2
(993.7525376522444,751.9119798131621) 9
(752.7472344944111,16.270556564877747) 1
(790.0749914936154,658.3626659427988) 5
(641.2192991523726,831.7633767214948) 5
(58.33046237408468,853.9514808800486) 7
(233.07105460619547,879.8506380745465) 5
(134.80721556985387,115.27649926231321) 3
(530.1796099976842,413.4586510981053) 9
(91.32551245407583,146.48051903000814) 3
(306.067389992293,240.07336611454267) 1
(277.89576894081756,538.9274530333969) 3
(262.2379667261354,972.8567215982778) 1
(247.2081884679884,321.9550036446558) 10
(488.7611687794089,741.3991555966035) 8
(263.77852882482335,333.8941331757361) 8
(595.6003366659354,217.6107761266569) 7
(307.41028893580904,849.4389433719077) 8
(552.0676910753654,909.9784310066779) 1
(432.86571882938887,251.5757290096623) 4
(958.0358188885134,711.8444501841162) 9
(64.19068574709918,625.7271624842004) 5
(266.40962885346244,382.32747395572596) 8
(738.629977418974,444.47340589315263) 9
(533.8077676648301,343.16035486127595) 6
(610.1191946572767,174.6762227633446) 7
(374.00227905338267,271.2257534538987) 7
(884.4346171305084,196.96569901581506) 9
(176.11225679255048,145.8022927911068) 6
(4.0152309647185636,213.52278869637396) 2
(566.103511727181,105.95844067615879) 6
(794.2959714533305,91.52841066265694) 3
(304.41592829832985,740.4373531257572) 5
(254.7436531198347,965.6053097138719) 7
(435.6838759898446,827.6651734500297) 8
(559.4686741331195,784.8062976938031) 8
(506.20743501019916,763.180138509991) 9
(904.4513205795616,691.81051105708) 5
(323.0043557667791,775.7607971161162) 9
(751.0529021509016,288.6555197333813) 4
(199.9203972911058,934.0017670353858) 6
(963.5680199385052,921.215729788709) 8
(727.2581900305671,162.94086271812913) 6
(876.8358089517301,928.4211696231304) 3
(749.5056756092469,893.5488051802972) 5
(88.37562799552789,883.418362244276) 9
(811.8506313923191,353.07051086555816) 2
(971.4536868900234,337.8975529225547) 1
(458.36604543621564,714.7160619162722) 4
(585.708054823324,44.14424657161653) 4
(184.41316492093085,728.1002435430148) 6
(588.0279528482473,536.2268350003249) 8
(575.2740022443801,420.0756179391369) 8
(293.5818831244721,347.00169834579674) 7
(6.855954029500344,883.7525489153177) 10
(89.24505790805148,676.4005008739562) 7
(678.5467257649766,833.7849070364441) 8
(234.54768894597288,463.9097974114121) 10
(942.3584629494709,763.0399765345763) 8
(504.12334486583677,834.7805852189531) 7
(151.06509093061183,376.8355279830615) 2
(738.7147639532368,726.7257152566325) 7
(566.8865729737248,565.0952090828392) 4
(940.9700590779361,624.9184188653231) 3
(503.4238867485771,96.67728390244157) 2
(2.9395869541561925,536.6006717701398) 6
(566.8840130895696,884.4756270471863) 7
(849.3258887552411,239.9831568388674) 4
(896.9104656341333,464.0705191698385) 8
(678.1586120223513,678.1650353535382) 1
(687.7646846030577,759.5309098445556) 2
(856.5967878048986,143.40835222443116) 10
(348.61183033177343,650.4711161795117) 5
(450.55099956555034,183.23052721911347) 2
(607.7612464167761,545.7461768385097) 1
(374.86840409684487,401.22315480848647) 9
(754.3054020920683,531.3363941628008) 2
(544.7591809068384,926.1765583410145) 1
(519.1188526532825,271.1856756725858) 3
(642.2135848100747,162.21906479542213) 6
(892.3839062352155,111.19340145241874) 2
(361.01842300591824,242.3639022642402) 10
(773.7911740647143,903.6880871026918) 7
(110.00390481468614,725.9788892757199) 4
(573.2521446122855,192.95051061576262) 5
(637.2167066139658,598.9401510970835) 9
(214.08388251383948,590.0382661236147) 10
(962.0831325769632,720.5980226706571) 2
(126.31770511957619,695.4561677963329) 5
(652.3898602161521,572.2351279703739) 8
(858.6263330539258,927.7938075766369) 8
(887.7294905120323,989.3403988248349) 2
(989.4266247845047,320.0200614683936) 1
(213.19670769805234,105.93741924092993) 4
(385.685630717076,483.76980638297994) 9
(409.72268885428355,984.9344860993832) 6
(637.3375587653178,841.8415751767062) 3
(482.06557987572165,88.96291581253001) 7
(38.39696490719546,381.2411484225523) 2
(761.3797244370054,80.22111271559807) 3
(339.94718574168104,80.25810306668136) 7
(401.6881797738092,865.2025386872158) 1
(252.83949558509488,217.5279305743465) 4
(331.38130845789135,793.2867149563449) 7
(41.73147197524485,597.2129554895469) 7
(207.96413895668087,946.4927609676719) 2
(870.5010715685706,665.1756976464029) 1
(638.8414694006573,31.44905207868065) 8
(151.83895093454248,184.16220712383569) 2
(39.959710120457956,661.8341178234072) 2
(813.8704093808392,937.4803819408929) 9
(54.41591299254611,82.93535940090946) 8
(651.8288284857254,939.6278772891746) 2
(205.44259006153908,642.0623717507077) 5
(786.1585579939571,427.98735238577035) 2
(222.55323292960438,735.0527739926351) 10
(842.884000654385,462.9191795919335) 8
(804.4697495158875,126.00505863492705) 8
(632.9124661581823,139.6368142372224) 4
(190.05966674070262,834.7250348309123) 10
(333.85700035658925,261.19331244683883) 8
(194.4285448556039,162.72318301630295) 9
(388.13691692742213,547.8292267117238) 9
(870.59420964839,977.0729019038021) 6
(307.7389714081563,34.36880714729196) 8
(694.9060365132525,464.1345199482201) 8
(158.37100643690582,267.3605633240179) 6
(532.5398469565363,671.7627584749424) 10
(36.47694602939644,222.95473210721673) 6
(975.5758313800799,383.49813610040775) 9
(243.79374341968773,660.1168555575766) 6
(973.8443708618097,2.991832812756834) 7
(759.3212996297833,399.5750754533225) 3
(569.39250598847,911.0445371867613) 2
(543.7327878259194,656.1903058534497) 4
(572.8737526045114,188.55263173823556) 5
(524.8349971762899,117.18491937446407) 3
(319.0650958581632,899.6277667572253) 6
(460.20640488109666,881.7363703499113) 2
(351.8220702219287,65.5389627398385) 6
(856.8213827025297,120.10452057364729) 4
(192.9302224215579,106.15222908817323) 3
(419.99095564706647,48.453664117374394) 4
(333.771158822998,558.4587351793252) 6
(500.9402056426295,453.9762376058337) 8
(163.93053031077577,863.7164854999486) 6
(343.9533978184628,473.883814351961) 1
(930.8875881620626,14.02701612312951) 2
(761.5836045588793,681.4453999358531) 4
(951.962684182585,239.8043953838498) 3
(2.270205401779468,303.7207334996529) 4
(583.9442925508836,57.868825041193396) 8
(596.7134130536866,998.3645916706641) 9
(214.01612184032535,169.04346095931655) 9
(265.2026625309635,591.1500326214974) 2
(579.0944864151598,193.59350634987004) 5
(967.0273739904219,179.97932155697137) 9
(968.7942430983586,169.95858708012756) 2
(531.6096337282492,307.71150731757547) 5
(481.1768112351782,547.3331705655529) 10
(283.0656042219859,477.66226153123057) 4
(767.0545608168094,115.76033081428872) 4
(808.6663381823844,284.6999794770684) 8
(700.1117370631606,936.9205182287053) 8
(928.8112718258608,95.83261784159791) 10
(318.6444014319706,700.383640841294) 9
(250.50008466948603,664.6736920878317) 4
(215.39827812648204,451.2632625877988) 10
(956.3387150610126,80.91888794447233) 3
(505.4640007236414,257.9805127746172) 1
(770.4880638570119,715.4291066911452) 1
(873.9744743089317,273.2172937037447) 6
(711.551457009054,929.9421553241076) 3
(644.5346142425791,634.0874958744982) 1
(256.2617773686374,39.11119203016145) 8
(889.5736564014301,572.625768627734) 8
(391.6033643405068,883.4632056274594) 2
(322.8897643734721,405.56475466966515) 3
(932.4327959895792,86.02217859195748) 5
(884.8368161451241,573.5723496583877) 9
(378.20817535190764,688.1909534360352) 8
(727.4949445216084,869.688791954882) 10
(931.1124847494056,752.9799728347299) 5
(658.9698366633123,981.2397198593775) 6
(554.8288675195573,194.81784483880415) 10
(243.30733747965917,482.1730907322411) 3
(488.45811913479645,549.5282010692405) 5
(327.59186675749106,598.3031087899989) 2
(216.19510467503156,832.4865316695713) 9
(148.5987626989379,261.90748967444046) 3
(532.5372478351522,23.80777003373147) 10
(690.4250589132802,133.68407503869284) 5
(875.0860335690905,260.45578646784975) 5
(600.7034671682528,330.7407903847653) 9
(350.5955273929392,807.35511836309) 1
(630.1425307764159,246.43429510521554) 4
(61.471708359655096,757.5851743838417) 5
(441.1494736941949,181.44236508787415) 10
(671.3394996590964,725.3474810732912) 6
(460.15812674244404,780.0205496657281) 7
(373.50398303661257,417.64438869674194) 7
(153.91803351872767,921.9138950564035) 7
(641.9023286117584,701.3896039425224) 2
(804.0761279312308,519.1069322357444) 1
(799.1729449277367,384.6526290589309) 9
(961.3570938618087,294.15433742050834) 10
(832.1432683528511,375.4845229835545) 6
(212.66813191060663,422.1884322235048) 2
(915.9580148167129,52.724046516245515) 5
(593.3060269294058,437.6306886726977) 6
(361.1053886595723,462.38843305534016) 5
(295.7007135610239,137.6158672805523) 6
(36.42015987875291,629.3739286350478) 3
(945.412548073252,275.9471177436791) 10
(829.5345744001253,720.2609963360843) 10
(384.5777253449573,887.4528698336792) 8
(571.9480282169391,291.33949767665865) 7
(102.98692642624852,858.1175533501054) 10
(924.5839943312656,590.6035374236911) 2
(621.2757343239763,497.0560361187788) 10
(680.0258943727284,214.92318598302495) 8
(838.0452407523637,544.7182191257667) 8
(83.46882068484062,687.7402764777268) 3
(146.25028241119531,920.0372012185398) 6
(568.5855565712357,657.0608605185898) 3
(748.0151896953712,445.9804550447678) 3
(882.3412110860321,204.2296574364918) 8
(724.552061540202,713.6719992761017) 10
(451.2737389832725,217.45191712127422) 9
(251.66663207482566,429.2446858488033) 5
(297.25801860004566,100.9522668613615) 4
(978.462351608265,160.8694669421342) 10
(82.90421040621587,195.24510587021405) 9
(349.0617512687947,264.0546229851789) 6
(724.546588668924,910.9606854055132) 3
(314.64576863388294,80.58183229295047) 10
(192.1125693779936,771.9906917872971) 9
(797.586662010935,343.5623579976642) 4
(746.688317121124,502.75944653662606) 1
(167.02851618064406,427.46435680681225) 4
(625.9284021004812,655.5917453240611) 10
(435.69254066557363,447.6547911812708) 5
(272.55407805799126,168.4675495168273) 3
(744.1375858875789,695.1539671269696) 10
(806.2924876961433,257.57984925464507) 7
(992.6974280488322,356.480758411144) 1
(646.9266110842271,668.7989859133235) 3
(881.3168696318485,166.23824651817176) 4
(746.354700757713,421.56503031268466) 7
(595.9084944993834,452.64348607974136) 2
(41.326317159969484,191.82023775958933) 4
(203.99633044861986,674.1452244941851) 4
(695.5693623449389,597.0746241669182) 3
(207.2225025185015,885.8511778531889) 3
(622.4197096132823,542.3758651220576) 8
(389.06147216978525,405.9087530134471) 3
(547.2275462428078,238.51035623381733) 5
(846.9398864621464,602.0957129751315) 6
(547.4538638816989,217.43942718146937) 9
(590.9423846451265,440.8816901755146) 10
(971.5052221899434,254.34700128491284) 2
(676.7171143944344,905.2799413754818) 6
(432.41758443673484,513.480566585289) 5
(449.77115224603057,668.8646076715552) 10
(368.52929510270405,588.0117342255428) 8
(199.3303285591078,131.1337613101774) 4
(759.5255316442212,49.65171322620287) 7
(390.0183797045232,317.60829329584993) 7
(730.5970400724224,594.3897851712522) 1
(520.5957583892481,361.3485100334808) 6
(683.3083355840389,396.7579335246332) 10
(340.7140109744795,819.2131278007897) 9
(305.8939155717845,822.7284731427077) 7
(275.4428133073105,155.33113134240372) 5
(374.39311852289103,202.71526557250797) 1
(363.79158210444183,684.6793767411749) 4
(366.5199040376386,279.62006552451913) 9
(920.7755990567714,552.4586967545267) 9
(873.1214630715709,928.8179624888414) 4
(672.8338008322938,878.9883395584626) 8
(962.5278899041409,546.1040090614719) 7
(458.9502600389569,500.8912646451028) 1
(0.9837275888241459,632.0167163991473) 9
(330.6876585586621,563.4425995841815) 3
(239.86770152229275,95.30212240749792) 9
(129.9034463555434,368.3587620661023) 9
(897.6398230244102,378.8346471879163) 1
(873.6727115113151,322.8418074665552) 2
(407.50024779301253,927.3911684543165) 5
(278.67639494997866,995.4952541138364) 8
(229.51398238407617,220.07133761635055) 7
(909.9200835900333,169.23194384332606) 10
(982.8538457181337,720.3165592847491) 2
(941.3396271897788,228.87914808270037) 9
(547.1318602382818,707.3205942840252) 2
(688.421627612112,784.3752921017535) 3
(993.5462993021024,358.3261480441747) 3
(226.43657949512252,972.6081055122238) 4
(653.430624568247,477.67576156326874) 4
(542.5038901970986,167.35313062532998) 5
(562.5974735836053,570.0146066518289) 10
(994.9339222612228,614.6192045121174) 1
(423.9410887079185,572.7277271493239) 3
(282.0642987438795,992.2840413695762) 2
(780.8011233120657,150.07121906504628) 1
(797.2217732935862,52.774833511134986) 5
(640.1099053397634,945.0279238915031) 1
(780.9220650137731,356.1872584655559) 4
(923.6999561928692,553.852435639611) 7
(761.2596617382437,555.3551463254137) 3
(585.7412699268556,214.4178296214174) 5
(898.0755978204388,902.6826568000412) 10
(276.0111949211497,154.62170966926448) 2
(368.4746337111882,209.2280936081219) 3
(823.5703643623966,762.4107813701752) 9
(516.8121233593116,127.01767960000355) 9
(324.40895651093274,588.8761535947062) 3
(507.83236497315255,896.879510322148) 6
(427.1268103323015,293.3387523542083) 2
(814.2927060059094,450.917848404351) 10
(833.6779780096864,369.1475749657171) 8
(481.65483635789485,485.6961349407749) 7
(312.97704344396993,689.5664456032671) 2
(297.77571234166,921.3767889171614) 8
(236.6677743594554,879.848146862571) 8
(317.80903074509826,235.99258174692937) 10
(854.3877083589948,643.290385970268) 5
(56.6099383637616,213.7955375527195) 1
(658.0864274991438,202.90584655031384) 10
(10.629632170043646,387.22713939309006) 5
(972.386944166185,105.11871550750274) 9
(991.2814747871391,252.8421681804638) 5
(127.08522684400181,188.46484895996363) 9
(631.2070280204912,204.19017747808144) 8
(381.1210458114437,172.46190807083838) 5
(312.76094890919603,946.677042805844) 1
(336.1104863229495,265.03415361912863) 5
(750.0371547788403,76.28810887851456) 2
(416.8144976845803,329.4108824585624) 3
(729.1699342070345,224.80819749710068) 1
(937.9360213556208,847.9489916964384) 1
(308.02593290221324,152.0152472216647) 2
(894.1883816698789,289.8982301099509) 9
(129.17581569347436,921.2208347662125) 4
(110.53545955855904,467.01111629677706) 6
(217.81283373678073,338.9170598145197) 3
(955.5338183749197,924.5637420066632) 10
(498.2265601655784,333.033560172089) 8
(665.9326326512956,458.90241798464336) 2
(522.3257699059452,636.751723163658) 9
(379.5402753114876,140.39009700239714) 10
(884.7289371679035,52.58483591746321) 7
(266.76348764015023,660.5570100567213) 4
(267.16190271029916,710.4895862698429) 8
(642.2209096260192,22.12218794872456) 1
(228.3026105719349,81.86164595728029) 9
(916.4756307723219,310.00226641644844) 3
(734.6419144286768,585.3026482212252) 8
(900.3426756634738,842.8034929674969) 1
(219.37744114104797,30.97258792754132) 6
(968.0492079403474,837.1660387928364) 10
(819.3235518330989,264.0657909959049) 1
(981.8328416877862,238.95516133874384) 2
(589.9295337343655,568.4122954241947) 7
(224.42516386922884,364.80476101950234) 8
(755.4785396745334,337.397002421164) 9
(562.0664486856382,518.7163875220103) 9
(888.5655294552641,19.79501013588747) 5
(617.6377165148317,711.9392179826057) 7
(154.13695873304445,738.969227294639) 7
(717.0835027921662,95.49923150550276) 1
(71.23586221401257,457.10172325117446) 2
(559.2333351624924,857.1143935768379) 1
(9.288611958349623,266.80357611569474) 4
(709.9239074240298,294.57404398486256) 9
(616.1158662201955,98.59379830862581) 6
(647.7908358279329,622.3545965705549) 2
(866.5981158451715,357.20799142925716) 7
(538.8159157801101,328.3655337288914) 1
(336.1682821019445,754.4889227547721) 10
(353.1786165677272,527.0523758562338) 6
(781.9464323950399,863.5934007889907) 2
(767.4791818302295,450.2111183129349) 3
(519.7742833702436,214.32208470244828) 6
(369.0174087698993,262.7538370083222) 9
(357.1794887991101,582.9572045556629) 1
(995.6979375342465,551.0602663367736) 2
(8.18863721917229,251.04862027195995) 1
(805.9496165566085,399.31372285121114) 2
(73.37948389114824,80.76261258099049) 8
(259.67699802916553,272.2679616845869) 10
(837.996271456688,351.8725340275347) 3
(910.7481663730297,38.87193576113379) 9
(243.69382633046223,355.94197678675465) 9
(623.3021948938392,339.1803654780163) 8
(445.4213618672982,693.5571825601204) 9
(642.0296045300995,756.675165378203) 7
(514.5505159028161,679.4972622989615) 4
(893.8823950353532,626.3342637635858) 2
(178.64641699939853,343.183075907857) 3
(606.8377203810484,211.9781142072761) 1
(329.19430223115506,294.3469420992201) 8
(195.81232081417065,313.5430947560859) 3
(147.27625654753106,526.8596994326502) 10
(238.70345325984798,645.501829865822) 8
(619.0502339616056,588.2086479603108) 2
(95.189186081024,899.0672802014611) 8
(466.12026516247664,982.9859465814143) 9
(242.29324607070023,733.7504300172382) 7
(534.2532580021981,110.2748050510447) 7
(270.34921887259964,946.9016697084534) 7
(540.4055903554171,193.55760680719646) 8
(92.71272902702366,515.7826341882344) 5
(667.8382196768911,867.4645758075602) 6
(953.5066818027667,7.863061077782119) 6
(242.09831892521782,898.3793897834086) 9
(565.8362292444181,401.1959697974696) 4
(214.41085441171515,479.7475667582375) 1
(95.7479861108067,342.0542335687583) 5
(946.281527707682,917.8862612278158) 5
(46.89980096467783,820.5136780643253) 7
(921.3639463219613,126.56022254149923) 6
(781.6958344061148,432.46468651610746) 2
(726.17891632889,954.1276674364345) 9
(281.23488009566057,800.3342424155595) 7
(498.4704324262279,544.3793440066689) 4
(828.3235763155075,951.9652458863022) 7
(625.444046198954,804.7427992398248) 6
(461.88774909990735,268.63122317846046) 9
(39.70058671088328,911.2622976872455) 7
(799.3291102609452,918.0511322874727) 2
(387.10642570531616,610.797148603892) 8
(580.1302415505136,735.6525119993104) 5
(419.02717450975655,715.1881377225486) 9
(569.5873324357607,506.2035892363793) 10
(104.23707511085023,777.807095925426) 3
(220.02185333606673,184.20921806058854) 1
(691.2756838091842,84.89257854928778) 10
(508.76715351335423,198.64344324341343) 6
(654.5039257083337,498.35107870951776) 5
(606.4613411229998,850.128514614049) 5
(100.03547214102693,573.204301040934) 10
(211.04724558014865,439.62299919046177) 7
(553.0697718556369,836.2456723398057) 6
(840.8966587808816,372.1293887971731) 1
(296.8723847920256,697.8080432928817) 10
(143.79871027510572,498.2198341112788) 3
(504.79531916735266,280.12232125019375) 3
(9.153336344198904,815.3027170328877) 4
(667.8380274625526,604.0864803756994) 7
(443.4396154679503,556.144076488112) 7
(755.0495505407159,872.8070631468566) 3
(449.66615147509145,933.1025740781852) 9
(455.508267299835,442.4301838809799) 5
(129.10099422942102,53.16951154980409) 1
(566.5168990343283,424.188519745333) 10
(482.1425632682252,549.5771237715801) 6
(996.0447542559738,314.7317395866378) 2
(77.50426740194416,961.4037494275457) 8
(216.4956831767879,504.2430961057498) 9
(236.0155814229744,914.3194908983814) 4
(468.0683028410988,333.5230125784111) 10
(109.02534317700207,136.9753173990712) 8
(251.9800570006353,25.075083881856308) 5
(388.2210094288436,929.0235076343041) 4
(61.73631511398925,504.06882369273876) 5
(711.4512296723891,451.70634723922643) 1
(924.5550690156991,354.23604190411817) 9
(88.22775861628385,579.4228471500418) 9
(728.8328803504298,241.99217602677157) 3
(901.0070744450998,369.2856447204907) 5
(715.5791706478685,526.8192884118988) 2
