1000 1000
10
(0,0)
23 80
500
(131.7597082254548,625.0964299877222) 7
(961.223725479236,343.7212735568719) 5
(860.9717854916609,765.5565567042946) 10
(414.7415549745825,630.1676839832268) 1
(866.108555030177,849.5984777634761) 1
(586.168872694344,158.80997484243952) 3
(609.4102390814899,223.06059088535724) 3
(196.3062474160535,625.4805266199804) 4
(537.665640783461,844.7450800313585) 1
(699.1544054933786,616.9448034208232) 9
(840.3240414578612,504.8086841052963) 4
(767.0100502529773,684.5096895733124) 3
(208.16967505878247,596.0068005638457) 1
(651.7199658171352,204.69995900829474) 6
(663.5160600162918,209.70600822218643) 1
(307.7201982981603,46.17778668706685) 9
(496.70911320412404,680.9736881288349) 9
(839.0271623738277,793.523639611367) 9
(1.4310294621572295,314.7967050404318) 1
(374.1846897871751,36.88742963518932) 10
(901.0350294121422,50.3620075216562) 4
(106.88766137682293,960.1236310127928) 4
(810.0784144561677,1.7307205520878943) 10
(478.51041671826334,622.2324506301844) 3
(155.5720020845758,542.3248321168505) 7
(291.51695804576264,9.18738538495778) 7
(872.2172464089788,600.4902822995969) 8
(599.8999833060652,309.1145532551518) 6
(682.8802868301476,553.8926564532454) 9
(671.6224094327599,170.83605531301572) 5
(30.228130179382973,764.7480965135601) 8
(835.4397079090921,898.6898218281497) 6
(483.6138548661697,626.0920766939457) 2
(946.4024875478106,165.31683428636856) 3
(145.52467690482672,356.6557526448985) 7
(831.0386493381078,970.9682697467352) 2
(235.93446632251013,224.62558458066394) 4
(504.6638011276922,103.55320245654399) 6
(375.1242475657006,584.5134147668626) 2
(135.62814061762606,580.8884975627683) 5
(849.499873175562,670.2817411613312) 9
(651.9174731127903,181.301090192875) 6
(798.3351789264209,847.9240480147638) 6
(999.5480546086496,211.7109895301257) 6
(520.4963212014338,484.8086370902883) 7
(677.1115060169553,764.9637659461314) 2
(853.6801934564633,517.4311491200982) 1
(404.4370471034925,656.2480511463704) 10
(240.51905552834452,171.29968879700752) 2
(199.00729622173608,652.5143264208305) 3
(387.27042957883526,911.5735837560194) 10
(476.4370080898798,198.0847741360754) 5
(490.6569698454069,780.8070922277792) 5
(951.174339642591,347.2599254457165) 7
(108.00371915663509,19.133606558113136) 9
(233.93507938231627,186.1791694032897) 8
(675.0968500917719,939.5206348700157) 10
(967.1606407009258,559.2165274204622) 1
(79.10829717406986,454.0877651582716) 3
(866.3643945112756,606.6548763576999) 9
(558.4451142055289,360.86141254705996) 1
(639.5890373798892,554.5314774432364) 2
(827.496635674709,307.61980125149057) 3
(555.2036602844647,283.96453978514614) 8
(46.43946840643931,191.24116621642472) 10
(111.11918018518364,489.24763024440176) 9
(824.6525796306137,127.59167864695331) 3
(921.8822012987619,52.24777061871511) 9
(562.815817204107,349.6897915182217) 10
(596.3108246048282,92.84332747736357) 2
(705.1998935775073,319.9750324408006) 6
(834.2549678666903,964.0695937971276) 9
(85.91899689111648,106.13227122259339) 7
(141.11531377979225,350.288610859642) 5
(744.2003920565276,336.7659186185993) 8
(164.4933998701704,14.362755587323361) 2
(263.08934339440384,85.48555939435131) 1
(252.8403031453307,721.9431076057508) 9
(192.48463345855671,309.6252338219483) 3
(584.7948666578538,548.5896486018555) 1
(7.6805015591809855,853.5251819074521) 5
(74.459117635159,432.8236008328854) 3
(58.6347966146904,420.1699834594753) 3
(261.43588491525685,452.76031116795303) 4
(984.7217319081464,568.6313770082872) 9
(858.121398651786,679.1823808144712) 4
(99.01441094275098,666.2071582392435) 2
(540.0883062464973,125.2269143914706) 5
(282.0422255642453,337.28050328016036) 3
(252.88131689596605,601.0171879675271) 3
(290.07354182002797,104.31216327880422) 2
(345.6538753753111,523.8330633489267) 1
(742.7632684293333,41.165876085135224) 9
(501.17464006542724,287.4463536920742) 2
(820.8887281546587,20.60477586719045) 7
(367.28905141105497,883.4383840162952) 1
(165.15159770060995,496.34335993965186) 10
(707.4905011219986,287.7062563597513) 9
(235.8991450185237,479.03415601992737) 2
(811.7267572454067,258.57774333003215) 4
(247.67849063056636,805.6160410041233) 8
(573.0376146000866,549.1752494042314) 5
(409.8489488406838,208.24845226753885) 9
(645.7393831923379,110.81199130796682) 8
(211.97523790727857,633.4751773851901) 8
(116.60290164784426,764.7464715471082) 6
(776.3912966344483,313.25661449391527) 1
(500.9472915857874,25.258342163520187) 8
(472.09196016371516,361.6466924458216) 3
(939.7715284362224,455.2407081664208) 1
(862.8448132995231,211.50485911357876) 9
(565.5207917160657,429.581136400208) 3
(96.29834333599663,95.45468649845145) 7
(323.28074416818043,77.77751273982447) 8
(423.12941054294885,432.04336272727386) 3
(539.5349616937015,274.6597541218778) 7
(581.3012611980816,670.0659361321002) 2
(368.6211696668209,241.9989863587777) 7
(741.4169605259301,175.75094701207772) 6
(531.5696048119796,282.9432572810592) 7
(446.44962382671173,13.432475662500831) 7
(494.96217406251276,453.9363673958205) 8
(491.687614342316,0.29489474447885744) 1
(670.6442315582142,946.0094641830581) 3
(973.8405367999158,508.096327156542) 7
(195.9306900954021,399.00721269472893) 4
(285.4492790396268,657.2306759531004) 8
(629.7578855420302,620.5074627968309) 8
(151.65578334517238,831.2693896243312) 2
(267.22047496859636,89.66118479803409) 2
(916.5280350241757,144.56325962519622) 6
(26.902206810230922,127.52453357527304) 3
(657.3105555610445,842.1460184731945) 4
(104.48592478862683,562.5828420517432) 9
(324.9838829780267,724.943467667773) 1
(242.76276273050024,979.0838729383822) 7
(189.02847953440914,863.6170197639808) 3
(607.5064467702107,212.75007059607574) 3
(673.0305462332852,380.19336771568703) 10
(278.7689418707162,903.6850708770788) 8
(874.9269421272132,773.5737955096155) 3
(192.90247140139238,579.4004722924205) 10
(338.3853035026374,508.9594001785025) 1
(15.16664825876668,164.21960656296085) 4
(746.7552944296443,825.4534307878998) 3
(567.4070364349514,14.727744212047034) 1
(245.80831140564118,633.0864558113483) 6
(772.4128242849742,745.9510398545101) 1
(607.2372546138294,784.5774242079455) 5
(499.06528822072084,215.49479421859618) 10
(448.1652036754008,104.89161708056704) 8
(329.7390794025835,987.2384564943909) 1
(6.576952333875341,850.7642671181676) 5
(103.64830410371361,358.3478469951803) 7
(889.3922501182608,99.76886965636189) 8
(305.6915971024063,372.8499279184899) 3
(296.32441654704013,546.598767211537) 6
(223.20099027018946,545.7722840545661) 7
(461.2802667131919,258.990914547058) 8
(929.2182431332789,775.644158553971) 6
(440.24999762600083,326.34019701430293) 7
(252.26246159140976,140.05161238643782) 7
(533.8095984106019,195.9538599783097) 9
(270.19232576327846,598.6183623569041) 1
(775.2939281313226,222.81735240996147) 3
(428.5366134761903,885.4304547529237) 1
(229.80037553791942,792.340753654669) 10
(274.1016824699447,157.01305682757427) 1
(736.7302297477871,833.0637574424866) 2
(95.72756981208185,813.6392726778146) 3
(193.02811163027545,753.2444408190285) 9
(147.46053779284475,44.94855255025354) 2
(153.9295633467299,39.248125174618956) 9
(728.4632176982683,504.37949068522295) 5
(863.4625496799952,278.8398589392294) 2
(860.3722350613073,352.79962310267575) 10
(369.02213057065967,446.35560163993216) 5
(19.946779743025168,760.8403805881795) 2
(584.4893487663493,63.66041376462217) 5
(907.6359746947622,151.0681896631515) 7
(726.1379786997785,819.2113619360013) 3
(920.6048150803535,71.13602135615615) 9
(897.2765615617524,162.22270237393622) 8
(582.1828660065538,824.4551096761104) 8
(948.7435529201836,717.1228906187998) 7
(549.9309296651153,370.26305300080463) 1
(920.9495872729865,503.49484109918876) 8
(424.4076254405671,497.6698772138822) 2
(423.30564879804797,353.92365515564796) 9
(721.3319319741636,339.93079762576383) 1
(229.42779243274492,763.873704271761) 10
(992.3074047714266,467.98222559872573) 5
(600.3449256403467,455.4773349938956) 3
(829.526590675648,688.2625963765672) 1
(722.9059902595599,975.1261304602206) 7
(640.1248703037702,473.12636070002543) 3
(902.1207963784987,698.1618038009501) 8
(967.116172972487,236.1029267797242) 8
(478.8719069996008,623.6802311047545) 1
(681.3152692933039,336.687713429857) 4
(990.800628703413,531.4945715288242) 9
(924.3622966230855,565.2356141369445) 4
(179.00178341067607,426.8345240381901) 8
(306.62305598925667,486.456539302815) 10
(385.1330631693004,205.69225389477418) 9
(908.7513674415476,700.0325445642272) 4
(498.3301746133254,608.8395094077183) 9
(30.77746934460246,591.5135706516097) 5
(231.6352089436614,192.139602805645) 5
(441.8014250410005,333.17052351365464) 3
(824.3228523868112,318.3478253685918) 1
(996.3943766326394,274.49041335120404) 3
(940.5927125707101,607.6227794457767) 9
(308.8007860106707,170.36141461392074) 8
(270.1281869381652,131.0140154992262) 4
(769.8530143695409,753.5173475841503) 7
(767.3667576040292,175.32407938442174) 4
(442.95708289637105,975.1069659127344) 3
(395.9447709403625,785.9952065489715) 1
(484.9809482038986,353.93781424770697) 6
(419.35469827441227,701.5861467549726) 5
(646.0038676046853,463.73518724697794) 1
(683.7217488866665,692.9325191061574) 1
(281.3739463430758,395.7769974924995) 3
(239.53771975893133,292.26782252553295) 8
(85.48480184487894,847.0218995384031) 4
(876.9399690752776,504.4905688030661) 8
(404.75921900894605,200.82034314947649) 10
(928.5550656842127,209.1707987910323) 9
(708.4830674672202,11.68913328170218) 8
(590.0176383153896,970.9683304802722) 9
(267.28997512792716,893.7148286793747) 8
(800.0545035701936,676.2843018992977) 6
(786.9946468551113,59.528045452374116) 8
(938.3629045963039,32.291939417441576) 9
(695.9447086303591,588.5841216497885) 2
(417.0226803221212,539.3163530780132) 4
(755.4660000915666,525.6757491446408) 9
(825.8152118927395,645.213513362411) 9
(581.6920983976235,540.9825877686978) 8
(787.3939469341334,275.73128884840037) 3
(487.0271814987509,740.9684462679937) 3
(321.55389161293556,602.4247936005696) 3
(33.73332432211684,5.39035147338196) 1
(332.18680179906534,427.3959236879368) 10
(259.3793594190925,343.5634747558014) 5
(383.3500486453178,75.3657119059996) 3
(451.24973289190183,317.7434789249648) 2
(296.98091323171747,525.9686280373697) 7
(592.4801980572308,177.9418589849604) 4
(639.7240943813713,611.1615661933552) 1
(117.98961824896448,131.9115882582248) 2
(596.6565081113481,252.52189656361745) 4
(871.8660762881291,548.9796839744612) 9
(349.8590940167375,730.8608849077912) 1
(168.39097838139682,200.08453145389194) 3
(621.8550992235924,976.8996902820286) 4
(866.8076476538232,72.88113361404581) 3
(776.3476803633795,385.1517036713854) 5
(681.6106722040403,112.06930483496247) 10
(709.7974743010835,65.83352493309181) 5
(518.3503934777084,672.0534364026871) 7
(559.0563277474897,886.739234684409) 6
(427.3619894490694,404.84111159862357) 9
(260.87868092034404,938.5126335867272) 1
(269.2104629001787,467.6095359259648) 4
(118.68633969045884,559.297682246427) 8
(525.2235228446724,844.6181728733159) 5
(491.5956196973349,634.2014969880987) 4
(987.9029872409332,180.0160515356919) 10
(84.54083212184416,910.2775839887298) 3
(944.7584927412965,901.4038154738889) 5
(62.59871826249264,790.8719774194778) 4
(751.3532401707291,457.29760386652265) 5
(450.6259181135385,641.8654810382806) 3
(840.625691176381,818.2478863423903) 7
(170.0187937596843,627.0178418637801) 8
(432.3444279219826,104.2970457954423) 4
(841.143352351135,285.27404661729395) 5
(831.1567679329893,215.86169669493094) 4
(898.4038513644512,465.7074624907768) 10
(992.3813129753635,270.2735275497723) 1
(432.18910211485394,989.7081917529152) 2
(994.9662970746687,547.1487811539624) 2
(95.52144157672471,198.1219720328762) 7
(626.0431633880637,24.175660843064996) 3
(34.493799138774264,773.0128153353252) 2
(567.074037299562,439.5513715100554) 8
(287.5794949136251,744.2129586684526) 6
(255.66646306108777,320.267765453487) 10
(50.78734022637421,862.6962992185914) 3
(302.0314923146935,742.9411506208422) 9
(825.3031463436006,258.4882073920394) 3
(95.51857694318777,415.66432843961144) 7
(175.10179648473044,834.6803514217943) 6
(291.3142603274047,508.43576239642886) 2
(258.068612582947,444.35523286512677) 6
(305.5395898956287,990.8238084277782) 9
(608.0700552291704,96.62850565421421) 9
(473.92646554780924,572.2408784897183) 10
(563.5862361222271,229.91764745106224) 7
(156.67564254064038,68.07430118263358) 9
(538.0925258419896,17.17117009538116) 3
(354.1554483333256,460.6360965215356) 1
(534.9883564493603,274.9025685103814) 6
(568.1668445488675,137.8804208940676) 4
(331.9271413874865,836.7203951706795) 7
(886.4186454268829,320.7375384741679) 6
(924.188997041529,580.9483942026084) 8
(720.9435748122397,696.7289220465912) 4
(364.98338120074123,126.32424603457015) 7
(524.9682033741121,832.7896590867018) 10
(796.3720922970324,132.944514257622) 6
(131.80478078907632,750.8336741127868) 1
(153.98043630001823,238.13283491708847) 9
(698.840517809691,367.1044685585534) 10
(882.6734567549662,328.8203532800048) 9
(773.5509809954872,977.0950104637351) 6
(896.9205234663292,645.2168397255637) 10
(249.34671931742568,858.3064162285447) 4
(926.195307893839,531.273440985445) 2
(119.97999730759912,949.6134686414747) 8
(448.1432881209889,747.7293373810003) 7
(715.6265647007178,709.4112552268181) 7
(470.74309107446066,509.2724316027548) 2
(736.3928716132748,999.648810476515) 6
(358.8266741976617,589.1194184527772) 2
(427.1698821958594,224.67455151667647) 9
(829.55352376876,659.7117603049653) 4
(470.6532397125044,71.69164813380979) 8
(744.8702261366603,383.9153560634291) 10
(70.11236734361925,877.0767940677404) 2
(826.8260709664601,989.8482776650151) 2
(385.6049830597239,504.5573636564495) 3
(568.2633488897956,981.6616192887818) 5
(85.84931846613996,751.0433020439519) 9
(25.082083813564026,269.3363551821657) 3
(55.193105636623386,369.5104428856867) 7
(18.63343012955454,114.01399540559099) 4
(921.1986106746085,908.0848029532033) 3
(451.2752462996369,241.0252415135139) 6
(489.4032672926834,123.52652276718523) 7
(143.12165855192717,206.98578510143827) 9
(125.1020666381405,350.32408347473) 5
(799.362358170416,164.65938348060683) 10
(921.9314499216414,334.7189606139203) 5
(734.9516183909013,27.9194987087622) 1
(221.25196175397943,266.70269276009105) 1
(54.936454663181536,154.84987726703793) 5
(410.4167833505992,742.5082052724812) 2
(26.50408119138492,79.57040824275951) 10
(347.7110130802883,427.56097122312497) 5
(101.20674507038497,15.112101694765624) 6
(508.55946854584397,591.8483091087559) 4
(578.4915629291481,766.1231811085796) 4
(456.3604742527616,439.8240305685125) 2
(259.7262839039115,752.5534142888121) 9
(697.8656450654756,4.556165549996494) 4
(784.3352705620223,569.1568032751562) 5
(762.2113521419997,743.7919533469031) 7
(322.2494242436309,297.9547989292086) 1
(739.2365930305598,106.25824485107461) 2
(39.767588961895584,419.9271541998699) 6
(1.0827315946156935,838.8039127926213) 2
(322.88907134037424,793.0180728907302) 10
(596.5810458679507,979.3498108044431) 10
(433.9278139934074,958.4598305985589) 8
(313.1228219176728,858.1190739705247) 7
(104.50866010477988,104.51226475116404) 1
(859.4853547207422,63.534719632255985) 5
(259.172442351165,329.0349424824524) 3
(115.17621069544393,383.1721629146444) 4
(669.6389857307096,338.64878593996696) 3
(879.5821792037834,369.6561558800379) 4
(148.2640126813388,325.65435237438487) 9
(635.6546652298528,930.9960890653249) 2
(56.81915151325856,710.7490765428106) 8
(618.7533607131837,240.17544859362272) 8
(53.791806569061904,485.88815310857404) 7
(176.5066143750985,476.7920577966016) 6
(385.56308394721697,473.6641031586245) 1
(117.9336996328868,282.9482757511975) 3
(500.4562695234412,113.33671512790589) 7
(55.24858768252028,676.1663933101921) 8
(273.75960567434464,338.99497704908356) 10
(413.0437239652202,293.1980774095312) 2
(841.4159913248099,84.15680454293894) 4
(722.2034979936561,280.735512978592) 1
(289.20978270881903,335.3053621984109) 8
(692.0382387441429,893.6133233226199) 8
(985.653393959328,688.8616392235722) 9
(322.84886168124416,100.12908882203897) 7
(821.7221421273259,877.0573414607193) 5
(71.09954967759968,404.1650773957922) 8
(750.1329244977096,381.30734582161864) 5
(930.141475449236,364.61735115804225) 7
(442.59400849850806,982.9011000387328) 7
(494.2732430654332,55.58579690450372) 6
(608.8572809859337,901.5056546851952) 9
(176.26670657205813,775.4142442185764) 9
(608.2112681920006,507.9186143039769) 3
(864.1791654939093,521.6902014965669) 1
(732.0124151975007,815.239974145977) 10
(876.809726464294,422.250268820446) 1
(623.494110552033,642.6426103951965) 1
(404.3241292752177,402.3705122289021) 6
(657.0155436517398,22.04280768177247) 4
(820.9841168866984,762.5405687103848) 9
(923.8297386971399,153.6756126265597) 4
(640.782117104307,200.70852703354424) 4
(625.7796786375429,422.3498006610501) 7
(812.7770713387852,35.57832188723209) 10
(851.8444154379893,957.7101412365831) 3
(269.0413620634118,599.2400902704576) 10
(580.8895742759041,34.35842790382038) 3
(144.5858804257365,704.6529136585847) 10
(529.0633837721941,633.7341932660379) 7
(865.7114074484059,422.64107808033026) 10
(777.9897161441866,397.2628437737226) 9
(610.2983910225033,890.1758361625841) 9
(523.3642292836896,755.8349807559091) 4
(637.9138145998553,331.29564460702863) 10
(908.6497816113307,686.0541883374765) 6
(504.1091443729877,294.50282756196225) 4
(138.12110530255129,1.2131102945082128) 1
(646.9150541030449,546.8905987331573) 8
(875.4023837399603,691.7875785241819) 4
(864.2722593942624,999.4807804673667) 10
(721.7443731165772,420.22133681230457) 7
(653.6953650239261,35.137130579467545) 1
(70.57331967058511,821.972320451286) 7
(83.38144473818954,167.7374576916293) 5
(522.6346253971766,578.9982429801654) 7
(791.2329219036476,923.0715209343784) 10
(589.7561857724218,240.73119088240102) 9
(864.1851596989859,18.5990377713664) 6
(899.8050682996802,483.7778646839327) 8
(940.1342713163682,799.8144534732202) 7
(296.37590986837694,726.3617203187441) 7
(341.7163491389329,387.11792551141923) 5
(687.1009971844768,320.8334821962051) 8
(914.1566309317416,832.086685907252) 1
(125.54523377495663,139.29582385556404) 9
(387.8537843196917,866.0870001415774) 4
(294.37953887086366,942.7437561807176) 9
(594.0146207049498,227.00348477461407) 8
(355.903474819414,810.0482266645716) 1
(756.6408306849014,300.1981612526643) 3
(312.8641864843734,34.90088741569708) 8
(448.08351847172213,911.2473653651391) 2
(713.9711269547006,252.7913431041997) 5
(529.6507943328473,441.14633897603403) 10
(451.2900959976417,832.3129619858465) 8
(929.9435797499652,119.4283024995758) 4
(358.26266298840716,655.0454377656389) 6
(754.6544548155074,992.3276215394819) 3
(895.424878158519,597.4686142026479) 8
(104.64883909844691,787.8956646492064) 6
(511.9564613916622,610.5234169799604) 4
(184.45729982587278,643.3929092218482) 7
(472.0875913320119,824.2681424689263) 2
(325.64927280844125,223.64413444193465) 2
(971.5094288145501,946.4614958474906) 4
(856.626616471009,123.80818811281291) 8
(162.60192201580224,813.4512801882255) 2
(496.38394774327054,102.51065765926559) 4
(423.8914512573644,926.3992627976883) 5
(441.94705468588904,702.9684495499355) 3
(17.695638544767746,977.8561335743987) 8
(91.17119193137945,662.5296998782071) 3
(759.3241047218891,436.73189192231064) 3
(342.94767883576003,963.0425347207415) 4
(642.3693222490896,490.1992509826626) 4
(498.9586185876075,656.0247681743716) 10
(787.0787751561189,836.587682144351) 4
(23.55074696708881,981.666230227269) 9
(529.4813998575773,723.3424946331021) 8
(772.5507919213134,844.3371997611509) 3
(739.460598348739,187.3253508221059) 6
(914.6874766366643,524.6774995977264) 4
(256.79872551336456,701.6991314179986) 2
(830.3835300025253,476.89991012586785) 7
(945.7551419290813,966.885363558756) 3
(513.3861910534742,462.92590239732266) 4
(981.1172892343076,31.915301420915586) 5
(860.8806509534239,742.2762809559243) 10
(733.5178122667185,148.52139046040614) 4
(354.04255215698646,151.64411293328672) 9
(705.1264614317499,893.0644217005905) 10
(0.9801081972709014,204.5820020260648) 10
(916.651085211795,535.1327490688936) 8
(228.17930686755406,222.95882447042226) 2
(37.77323773087493,758.3322360306174) 7
(748.5897112205411,127.63576156478639) 4
(336.53813429835486,405.40760416257325) 9
(882.1096177049544,876.5582921464496) 4
(655.3775208314582,235.4785382478044) 7
(765.8627433419994,327.8435954961959) 8
(336.0832531454669,614.4624876939276) 5
(795.7174866860998,15.507321360777372) 2
