1000 1000
10
(0,0)
23 80
500
(533.2759610014501,693.1705025484193) 4
(443.5983116791785,547.9400906609352) 9
(614.3118967578266,555.7620299294706) 7
(614.983557532823,447.2734319892986) 10
(753.8496514000857,299.913337017639) 1
(851.9236363262576,60.73665286227759) 7
(817.005780526457,72.62787564251094) 5
(940.6237776467341,961.5198035233883) 4
(412.9982469143898,798.606268838749) 2
(375.92690492141213,980.7611777116772) 9
(875.0415006548909,479.8262645765413) 2
(506.42657774611365,601.2211091169439) 10
(218.56068772995985,386.6603242272758) 7
(219.48348250047334,489.13038806938414) 9
(545.2145728958707,989.0007003351983) 7
(758.6091776196141,262.3330795029787) 1
(638.9503121380516,106.77437298010861) 7
(145.70323252077844,30.61648815685569) 9
(630.5713566252842,75.48286569795803) 9
(840.8862104274054,217.79046237997167) 1
(152.80789613523947,38.63845324637427) 1
(606.4155136409265,399.6327204021421) 3
(469.712636387282,621.917952292387) 10
(918.25143484686,339.9122360923042) 4
(610.5021948073268,787.2033457995262) 6
(11.765332559914299,503.62389223020176) 6
(49.89200099087587,637.5824532729553) 7
(507.7664388385972,870.3830166941289) 6
(422.7933717764244,229.48070442156933) 7
(527.4463064100325,131.964673357572) 2
(881.3307329685078,30.750084679351364) 7
(978.4003161477686,502.72576024453286) 7
(139.05690129228952,149.1747312239222) 8
(931.4937778513702,790.1810130073964) 6
(706.3577286179593,742.7855723718042) 3
(890.8020050469809,29.985953001361864) 1
(885.6051950062368,217.37657578560132) 10
(227.07698948901657,649.252673953226) 7
(707.7608117473739,331.00308153578004) 8
(30.028425212739517,114.28867232973595) 3
(893.3130183791687,397.15973899158143) 8
(248.48439179958515,406.21752343750285) 10
(253.7151208276972,309.0778156006538) 1
(25.89017386242265,128.3531968143824) 7
(368.3249701122064,249.34603223040153) 2
(799.0486920149392,765.5729960234107) 5
(259.79266216456597,835.3799399949725) 7
(927.7051878760287,387.05683599309873) 1
(609.4664131527354,214.49649544780746) 3
(32.92318573616837,763.6031546930179) 10
(946.1720036234761,769.8795361358948) 9
(827.1659404686734,780.9864436708725) 1
(359.946001328736,40.59796526648118) 9
(997.5678987183561,105.31385482980893) 9
(275.17029144017266,239.29351697029966) 1
(336.90489184984665,0.6347752394920692) 4
(671.4915137311382,178.28302000670726) 1
(568.2063625227811,962.3565929176843) 10
(730.330966174069,540.8889997904811) 5
(211.88891098266228,427.161638490003) 2
(540.2086325175719,785.6864387520516) 9
(586.2083102962264,26.23521411198537) 7
(341.862309696633,426.379717382534) 10
(354.74642896104746,287.930467896221) 5
(417.4854091779433,365.370373303364) 5
(728.5547001013676,509.1212359919255) 4
(784.235938017472,123.10879016745314) 7
(68.66465801011468,356.43353849517536) 1
(654.3550574923914,633.7379536878112) 3
(837.3390321105611,456.18951307850784) 4
(145.67049841977786,552.4564612971802) 5
(546.3788563200004,499.05413904502495) 4
(7.152306238670358,736.2178306874162) 7
(30.995161737657373,378.7845892865588) 1
(197.50085551648644,309.62885817043497) 9
(745.3284089271979,504.3517070411867) 2
(938.3969496053847,633.4934261215444) 3
(919.5127932179316,524.4118326181208) 8
(940.5411067113922,262.17149432503385) 8
(94.24196506376725,102.12031869508675) 5
(835.1709656809834,62.929218218160884) 1
(591.385888207333,44.92316887905567) 6
(433.330125957891,730.5225698045327) 3
(865.7586850736909,365.72028416030054) 7
(629.0479811742513,128.46420201306907) 1
(919.5788825111645,516.6342610311605) 9
(932.9262394984484,145.50154787152601) 3
(538.4898495887888,791.8905381718768) 2
(959.6604532826634,467.7351159509499) 5
(234.50270304017994,697.4765950285702) 2
(86.89344368914631,802.967336811694) 10
(408.98559429682336,838.840772968609) 4
(377.2148499689096,523.2478856012008) 9
(166.95092943682477,52.24341315787851) 7
(802.501043586895,616.3965888668223) 6
(489.0737469724619,954.4612328329083) 4
(174.5929243534744,810.2344706807213) 3
(369.31531724943125,263.2481189662352) 10
(919.8665388024547,378.2707594381858) 1
(977.344871276597,90.7285241457465) 4
(146.3389722852908,929.7402230246914) 5
(958.828857506882,890.5707373969227) 5
(642.753417592155,214.62450528190124) 8
(25.26252337889123,714.8978295598447) 5
(491.3703726950786,358.86174805954107) 2
(728.0965018185716,564.9746741878553) 3
(994.1220217580012,838.1660050651856) 10
(654.3485681963978,896.2427014571234) 4
(689.1808304442555,76.36419714333931) 4
(802.4845672824774,208.5334782602508) 2
(481.4149497764773,930.6876306806325) 2
(636.5552060532772,760.2459257436336) 3
(961.3267189187789,431.5535706302627) 10
(392.61704565021205,348.71870718414124) 3
(483.60021453398207,377.16307316000376) 5
(260.1936086688794,153.57563690974686) 9
(491.68089588933884,666.7799125930201) 2
(766.3018737766291,458.5931612269549) 5
(858.5554003354928,452.9635292850894) 9
(142.29233774982174,339.239305891194) 7
(68.14571593912333,781.0561334878026) 8
(895.9122145492249,757.4598276626504) 7
(215.09577136564008,919.3958490741655) 2
(596.1445485649543,821.8044447377689) 3
(940.2875409776284,165.8021825401864) 8
(497.1146193412871,489.6739573528205) 6
(71.70369668943977,778.537552764838) 7
(769.3165308285968,206.81152196190854) 3
(589.9710553706244,871.9661522370689) 6
(405.9017763705215,973.3938787993355) 5
(969.7237506756574,462.9806586491052) 1
(675.2744125663108,878.1250445344753) 9
(43.25260549347654,424.6582045346625) 2
(472.55490689612424,563.2552891519699) 8
(344.61925370974046,819.2544856161365) 4
(482.55405779855596,574.9190914772411) 4
(367.9666918542293,491.0499776505751) 4
(304.27847345795266,693.9300038291544) 5
(481.2664673725392,341.46424745796844) 2
(553.4750467049645,19.262467301063623) 7
(247.41059910280262,466.41953517913925) 1
(317.3424128584412,346.5040164676173) 2
(610.8440082038717,162.3782277606771) 9
(384.80660579569314,984.7289054797498) 9
(301.9456224593291,275.1920867300879) 6
(218.58531615599364,446.49671588463025) 6
(15.058259427340182,335.04334675794445) 9
(231.13917574242836,158.47472514219297) 1
(522.1013985325851,863.2711540676675) 7
(691.8574598232351,103.20398556649313) 4
(113.3803222687536,488.05278480778145) 2
(834.951286328705,686.1419927522305) 2
(792.9829794313412,891.2065401878797) 5
(874.4098254095455,754.6496627000352) 7
(269.14296181802075,879.2820263539226) 1
(969.4118792974422,839.6350267551624) 7
(396.2913027202966,168.81921737428186) 8
(549.2913468802352,891.2970993330892) 6
(376.1573500538964,778.2439505460057) 5
(848.2648524233324,421.4556149915175) 7
(177.18558196105084,899.2325730202276) 7
(948.8882385076859,645.6513705252531) 6
(130.14756661500414,456.4137263990251) 6
(825.4110622844108,620.1502023744397) 2
(344.17506795345565,270.1692594258398) 4
(260.9692883530925,61.49855107707991) 6
(99.34371376570029,576.1223283692067) 3
(297.11858783441403,168.4870799414643) 4
(864.6013607491623,680.4338663203993) 10
(513.5333019015922,117.59273453492769) 10
(912.2240636147177,895.0881198904982) 3
(401.37951729584,160.38636948981423) 1
(522.1483542424637,281.18668919897704) 4
(193.9924784509408,228.21951110841698) 2
(613.9501302336605,704.9884606432647) 7
(565.9754914094168,683.9487959912793) 2
(875.2298116979624,409.56014542713723) 4
(695.8132382976352,717.9587737220899) 1
(880.9450937110387,60.738749922952586) 4
(217.58866852842274,551.9157173708763) 10
(708.8285287047626,845.9570884342098) 8
(136.38085528378073,624.7545618515774) 9
(393.5239421746306,354.0890292313059) 3
(228.58048885933746,584.8611691618751) 6
(345.7371603741055,187.6623407800647) 1
(415.011870186349,691.50178365913) 3
(425.383044504149,455.5894919830361) 6
(803.0356531037879,841.697198115418) 6
(990.6175751052964,48.07852216844077) 2
(909.2969663549576,894.2673488119152) 3
(147.92507333060834,349.056252939159) 1
(946.0575023469695,74.73386171645092) 10
(661.2705303138899,104.3379916328292) 9
(996.5314717514511,63.29596152097927) 8
(88.21838159261452,142.4347780986478) 2
(465.4279952362821,5.540952331473115) 6
(442.3270125282557,401.9412128568201) 5
(180.09233744278353,922.6424670296703) 5
(369.8385627188014,134.56744685764232) 10
(871.4013552834301,658.4201372624179) 5
(826.3452964344206,336.0134292378452) 6
(813.1294237671165,841.6854134635103) 10
(564.3144754949559,789.1043093307721) 10
(98.40040981799059,621.6160335795904) 7
(109.32909995095297,50.713635680022406) 1
(579.8962527685146,225.71632250405816) 4
(664.6726571003512,830.0702455800782) 10
(891.026781778251,789.8973169667345) 6
(426.26389116455186,840.2689093035402) 7
(721.0347770972819,598.4950546306513) 10
(449.59163718336924,900.6793777737926) 3
(148.20459013790378,54.44755010422053) 3
(73.79070781836138,439.4682925148513) 7
(760.0929981842442,497.6662345908649) 6
(972.464449213171,837.2630987910966) 3
(397.9344240949606,260.8039281630614) 6
(422.7725874374793,613.0655219976587) 7
(781.3386377355827,902.2639211155264) 9
(278.6727073311864,380.2866780168167) 4
(48.87332230429053,170.13501806467968) 3
(558.6931131186534,57.422195283039045) 5
(967.1605620508165,318.11214992574963) 4
(728.3063334727813,476.45336866264034) 7
(221.57463131117484,63.21431126757482) 9
(203.2514904212187,935.8405531182347) 7
(819.5787516465863,85.2999950623784) 9
(251.92360522097968,498.02905095875093) 10
(78.18235407246522,664.5297013718736) 10
(929.5359482616302,735.031876153046) 10
(983.093965926748,982.396743827274) 6
(229.36670752220957,896.0713088379119) 6
(926.4195483736052,50.854852468125486) 8
(972.1570101204413,173.2796371353884) 2
(50.19731213355683,136.42681700038685) 4
(938.862705530112,403.3985686740892) 2
(554.4124842169812,923.2159326966132) 3
(997.214569348208,707.8029382124527) 10
(86.10655951157031,214.23278638435463) 10
(437.76305804444746,90.15431786777029) 4
(679.9151287279019,45.215720461861174) 9
(810.995903925998,926.2988855873078) 8
(704.8546685070047,209.7174247941265) 4
(166.4519584011339,801.7576563139806) 2
(454.096058009311,921.8521000509621) 8
(600.0231511235489,624.2955067975156) 10
(140.10808031961852,253.52004447968156) 8
(492.56128644534556,195.66454322576953) 8
(493.0200374102056,618.0130322942327) 10
(418.2235094282859,521.3092136479156) 7
(115.13904738230507,567.0767225848174) 10
(389.97687257491964,810.9428277708406) 5
(193.53671047255915,170.65408917524837) 8
(585.9087244724283,904.2327205573054) 6
(870.7320722704036,505.4020120127256) 3
(511.41530737690164,863.5262320552822) 6
(158.60499475462575,947.9735435829028) 9
(578.8728662374656,317.44091452047707) 6
(909.3636662127448,648.7018657301325) 7
(567.2505802485057,64.00183150780036) 3
(803.7782141050817,215.1388908002103) 3
(45.99609370695823,405.3803624138238) 8
(29.39718949329384,222.63066893214102) 10
(793.8194472870771,901.0134188879869) 9
(296.3742684686762,884.187753349327) 10
(861.602371188399,552.6609128573814) 7
(503.089816796455,791.1316792471506) 3
(654.5577614976896,80.70739157970175) 6
(134.61290107005797,383.32407448352933) 3
(73.75985291269271,787.1898234047641) 2
(990.3162096477905,291.4201809912358) 3
(836.3994465486443,390.37571079935276) 3
(242.8624132160876,276.5924773407504) 5
(627.1563906051508,751.0893323454545) 1
(843.8866352052626,965.3660662905285) 5
(798.2710295999204,134.5134220302344) 8
(345.2651730147491,735.0475483401035) 4
(127.38170611700428,165.87649935269977) 10
(118.01645160211926,385.68756976767105) 10
(246.52312470905136,960.9048952463903) 6
(885.9362129058801,552.4872253666983) 8
(424.30415844837574,474.0011538293584) 5
(427.95457298123887,78.77689873717652) 2
(582.016599873638,422.7062310120424) 6
(546.7892131512239,242.08918025637217) 5
(211.2900766727124,368.9426796797067) 1
(472.8247934612737,857.8903803421753) 3
(651.5304987729068,496.0643134274808) 8
(769.8455559806079,141.16395837348549) 4
(774.0590139327867,775.7149949770472) 6
(370.6839456468803,689.0398799477548) 9
(659.6106220982883,753.2220469861073) 6
(394.774747268146,944.0872090329898) 6
(725.1215210971302,725.4536237819694) 8
(312.09347975644994,270.86904121032086) 10
(663.2336241920286,623.2999683332099) 6
(154.62925037163123,841.8932414358712) 2
(534.4297338410544,467.40620376714514) 10
(320.55860908056167,192.9002323928767) 10
(832.6855266557235,630.5728278151037) 7
(803.2009647946259,605.6780319827603) 10
(296.41150813765546,965.7774010859849) 7
(918.5218389773513,65.10786013054282) 8
(825.4749488231249,299.5108154062941) 7
(958.0631079085338,616.0675789220403) 7
(663.9377942967676,555.8778348035603) 8
(563.6458323424423,868.1492704837028) 10
(275.16405641550676,779.5481327854474) 5
(848.478137433966,339.0165451532042) 8
(648.1665458728281,91.19908779756281) 9
(467.9681529988281,832.9888805479895) 3
(203.46809521576625,186.77509092780187) 7
(294.40008707755925,604.5947210019857) 7
(728.7715281618863,694.6837425235894) 9
(924.9018322436823,422.6317666623779) 3
(389.68961172629633,763.2642327941489) 10
(319.8467767066101,749.7238201568712) 7
(28.112006450964234,861.1645906901829) 4
(34.673537673500235,187.7059871915595) 7
(629.1429270953035,730.3878468229171) 1
(426.13370857133594,561.3323293427399) 6
(647.2615486345283,258.3511519609029) 4
(742.2092488705744,772.3800870921691) 1
(861.5907878871559,577.2573699362789) 1
(156.62733471763912,956.5648230646339) 10
(84.02439081136792,180.1594594801589) 1
(416.18326034159156,150.1195836303164) 7
(771.2913702555388,901.7816562072067) 9
(187.93893876374923,853.5802098759785) 7
(669.0139703364121,572.9770443904933) 6
(441.0683390560941,417.180287877712) 2
(686.9085869664169,545.0870146673868) 3
(178.21114134645967,270.74832904391366) 8
(223.19995503993485,102.2751846448261) 5
(484.85164755996044,821.5035000852703) 5
(815.6705202625143,120.50651364566977) 4
(467.9498874033818,370.8573055431993) 10
(410.44705194252373,172.12694349822743) 5
(603.9949429599869,649.9711509652357) 8
(687.8894814494283,817.0177829036973) 5
(401.68231434515036,829.1532673156205) 4
(22.39296301327276,796.2511897236067) 1
(970.3425557473768,282.3081242103098) 4
(837.1902858269215,34.010547936787376) 5
(330.77692682885487,955.3561527600059) 2
(370.7511815771529,977.8567874334642) 9
(969.8624067981108,67.17464186392941) 1
(151.28391667954077,201.02367193030858) 3
(597.5029672732966,671.2806358782108) 4
(828.9792959225125,777.8972836476858) 5
(368.3109190383842,413.33733093569805) 3
(577.0870781588234,381.47688661047687) 7
(664.1848965985589,897.5878113524994) 10
(8.309366720579693,371.9810681822673) 2
(809.7013922744231,807.8647213803594) 10
(517.5593105012783,140.42450577104793) 7
(527.3450271286175,132.33026618623734) 6
(267.4949866166367,581.9032798837673) 9
(647.9914576178322,390.14056780445827) 6
(345.00433735056004,529.8843280418351) 2
(673.5508407374617,392.1287781049904) 1
(641.79168161619,191.13471958391327) 3
(974.4007112201207,279.1890831770423) 3
(31.164075654442016,478.3756504582165) 2
(82.6444883679972,652.2405195584289) 1
(791.9476947175025,582.3298320846317) 2
(976.7759583999499,662.1419765762108) 2
(234.15743224619922,192.86268498736226) 1
(907.1917884765411,536.3407654007007) 7
(580.043309891603,859.3158472909329) 3
(383.12531154831953,849.0585623645886) 3
(903.008204031014,645.250100126506) 7
(163.96565253094565,252.75623460322393) 9
(655.2868538139679,963.8138905887535) 10
(626.8155890716943,916.6760445997976) 10
(142.85814547101904,633.9582397480013) 2
(81.67597228360901,968.6365665429868) 2
(488.2174924412639,818.3169473228326) 6
(901.6698249808217,755.4291722768012) 7
(296.3185026210794,289.3722324314525) 8
(952.5874073197292,174.57682272708809) 6
(54.733368408603326,199.19282205900424) 8
(897.3556577751192,889.6136653141897) 3
(445.5686266340093,801.8650598696523) 2
(895.9306748976662,631.7396078418276) 8
(354.56112232932793,922.0130240753278) 8
(964.2814214528806,473.8006513599834) 7
(407.18019413750164,356.35294533161164) 3
(538.4860156507373,346.19771606860337) 9
(532.9383231472939,707.6565726653622) 2
(247.28140492117268,683.5821790651167) 10
(114.10152433870724,6.879424596650696) 4
(181.27912045113825,917.7315015575131) 1
(113.79450936379776,874.9760304044662) 4
(578.3691777192312,321.1073651711217) 7
(764.574480920852,517.9649994003599) 3
(669.2229146566217,104.30370091455887) 3
(251.34190673045043,900.3182811794567) 6
(340.40231939869705,480.30978031353357) 6
(475.66138413758273,712.35093125427) 8
(229.39394336679254,36.62921953882281) 4
(861.3314900677963,553.5473856893921) 10
(418.0093624882325,197.31861130949125) 7
(304.7706732407912,584.0773255623498) 7
(150.89900027282866,216.22175904300224) 4
(338.76630875803505,842.1633437115479) 4
(913.4599677898261,568.2826573221714) 1
(358.8135371429544,181.10268489812108) 2
(843.333830104408,681.9098327097471) 5
(119.59161357202086,914.1149478356333) 9
(191.90111115289042,468.1097946776186) 6
(931.855110539157,152.8950610148947) 3
(648.1422075938675,332.29892129274555) 1
(312.04716942221813,88.2166752240362) 8
(49.79105661503469,936.5115421833171) 10
(943.1091290800562,977.1352131149695) 5
(370.77499567816596,300.7311780582959) 9
(155.65843335969433,42.550215531067195) 3
(283.14541796568784,673.831243547932) 6
(704.5327085580781,749.2424844591978) 4
(466.705202571358,992.9439884817793) 3
(473.79606726265774,585.1920682582899) 2
(537.6346113779459,905.0558077660636) 9
(971.0710505825807,786.2199134303625) 10
(852.6159509838994,612.3041149252706) 1
(784.3288615038493,815.6792613445531) 8
(506.2189715607426,392.547310559607) 9
(800.7617657808938,100.6150962813931) 2
(380.7698974533612,944.6061244001326) 6
(642.8838062928818,960.1637131415532) 6
(35.54230438859829,563.364042312213) 4
(998.2303880989086,702.7080748228085) 4
(467.33401506232883,209.06904199190757) 10
(366.4596824891375,48.38150848740197) 2
(652.0541358027751,637.8144658886919) 8
(968.7820541537989,97.80702448855361) 9
(33.903519681113266,406.2792288000262) 8
(444.11158974179966,136.68238358874862) 4
(304.3298530411832,713.4513003999044) 10
(594.1742892560176,525.6866293460906) 7
(425.4956382866705,103.60330432000686) 8
(61.238156878202446,953.6306138872235) 9
(86.97951307939778,683.9387734248279) 5
(770.450185244355,341.63275693690673) 10
(97.13211454505245,462.60012467487985) 4
(658.0167723388353,67.20552333077646) 3
(4.52478573635795,631.8192147036282) 1
(97.85894476072355,163.81525615180303) 7
(967.33374960279,555.569738019415) 6
(521.8683768882796,935.362832862548) 2
(18.006425553256822,678.4654605987325) 8
(28.916183247595484,189.49122208679725) 1
(237.1928381266124,263.35373752127333) 5
(424.8987854763534,435.2054826012753) 9
(27.393496813893915,238.98376812340604) 10
(203.96103234700357,333.1758341196265) 5
(615.489389859161,940.912156042575) 4
(69.50160885895606,920.5386164240488) 10
(3.0043949131194347,142.46206637924362) 4
(683.9830208566605,925.5766834819904) 3
(191.44029243772897,18.99764159429629) 3
(525.737619344455,849.3121322806405) 10
(370.00051713556206,264.13382235461194) 8
(630.7272021368876,156.98019431977826) 6
(290.1097811342883,460.2611624951748) 3
(141.88963712142078,547.5045910063442) 6
(762.9200221462747,173.2928040283891) 5
(315.22753509118974,59.898198882770814) 4
(137.9212228276182,329.26462493739086) 2
(322.2760310549928,995.0459147340141) 1
(433.6922674229935,669.3120662675381) 1
(779.2379723934234,691.4082640365704) 9
(351.60679499130396,381.16658361436583) 4
(310.7077947299073,218.42003094779682) 3
(222.78713392953475,748.2473998937986) 5
(56.325809131448025,921.1925380317076) 1
(398.909631165913,198.62720749937534) 3
(44.86844123339628,977.8156496718789) 1
(665.282464865345,473.1106507611331) 3
(687.922853489518,876.2512768174297) 3
(495.0852801737974,20.562276897448495) 10
(700.8159410013418,328.68825624173894) 5
(338.666977527053,957.2038407951771) 1
(626.4079752162038,278.52234999861156) 10
(267.02556338061834,939.1357129602094) 2
(369.42347197938176,53.912308092760156) 10
(378.5834976279362,600.8306613627941) 5
(514.2252704697562,987.3935437334376) 6
(663.4912313282312,227.00159380274278) 4
(359.9143734958079,461.84567971700807) 3
(82.73540898594445,499.15627065104127) 7
(372.6142305856702,417.44247171838754) 4
(330.79724048496496,989.9454141939879) 4
(339.8812078042881,328.71722572501596) 3
(252.47906398005094,22.975634298815994) 4
(961.3810265455849,406.52079809264774) 5
(478.5708364430793,374.5541289954021) 6
(533.0848637537648,658.5610887918438) 7
(123.5326819254875,445.5551495633735) 7
(795.8322408135175,492.90704655617634) 8
(133.72758878069791,127.37216972264153) 9
