1000 1000
10
(0,0)
23 80
500
(973.1003588362157,357.8395271677056) 1
(898.0026549343454,212.00828655643446) 5
(102.55279997774247,939.4347983750741) 4
(30.329575407226805,729.9612824536797) 9
(639.1687345037295,933.5355983112191) 1
(357.48477840340854,304.4987328572082) 10
(473.7393582458932,432.0892382074596) 7
(893.6664003402379,167.64197806757107) 1
(647.0359717488657,450.03150169386674) 9
(633.2987964156446,967.9517547511061) 4
(941.4796782808511,33.87703675241804) 8
(523.3500045375717,670.2643309916418) 3
(214.48605354228212,979.3250650381165) 9
(848.8655238078812,535.7465530570057) 8
(275.58615098467675,619.4506271637687) 9
(912.5486554962123,670.4653059433748) 3
(711.5697306892271,95.48022108544806) 6
(960.6569616310222,716.0087094495052) 9
(496.1247606156676,327.1678226347139) 2
(224.56794755917852,429.14099006450266) 1
(45.958669673943135,501.46228171094845) 7
(260.73422596399644,967.0724551983635) 8
(813.9343420338594,562.8343684660629) 10
(477.2754326488728,578.9720241627639) 10
(974.9144097610088,5.3940228667327395) 7
(414.1257371929674,760.6555482705373) 4
(222.08383973212065,613.3356288422981) 9
(381.37567881012956,792.1136595052511) 7
(517.309183731119,528.1778932740783) 1
(964.0082047138786,928.1301133075907) 9
(671.7288701504766,572.0980486053043) 3
(881.8271839920226,860.461126164765) 3
(796.1220850983907,654.8606056209711) 6
(23.766220100181478,896.6333436757827) 8
(567.4017925549239,549.3716437699403) 5
(812.3596881063885,318.6820838340677) 9
(120.07525493677163,583.142218766874) 1
(50.35788658578932,168.90439301159043) 7
(102.22541731731616,46.59793731909034) 1
(705.3309846645253,218.1566372900724) 7
(407.76477682372047,0.5680825646616761) 4
(373.51247999815917,812.9268548334975) 3
(273.5621188032263,386.92131977342194) 2
(855.661883530626,277.4463853145215) 7
(727.9314405118789,913.3991532968154) 5
(153.6675062983326,297.48588812589935) 8
(418.92157095410056,401.39509129003324) 8
(708.9275068679436,204.36393043548074) 4
(238.77409394533078,940.4883499847183) 10
(304.9553880321335,595.1319345886953) 9
(228.02716630679387,80.80773433460153) 1
(686.2866666609732,702.7406532568882) 7
(910.9658420566689,168.4450667495039) 2
(671.4408387434306,64.43113265555989) 7
(719.3151466488634,714.5334927466434) 3
(481.9201302469218,951.582600341434) 7
(988.5950705845703,532.2945123829517) 7
(957.9084535683177,69.62565921036901) 3
(267.91714489467824,858.7897712344358) 4
(310.6085480591363,684.7450589894721) 8
(787.9024013580878,525.0849908274823) 5
(874.9010321574082,274.77959757293223) 3
(164.8507381113603,247.56281435781767) 8
(825.0579163486277,239.70112917512475) 8
(448.6960385080846,209.36974701822842) 10
(143.77841100561594,369.99320641419143) 6
(625.0195079186541,287.39761578803814) 2
(18.68974497331699,513.7429935111554) 4
(40.70315004193026,731.9584789715595) 10
(157.40594842680522,964.8626376298135) 4
(957.8821624721811,432.1004383928282) 4
(434.7897541476102,944.3355353542067) 5
(402.37336460061346,21.309132074219363) 8
(943.0785230290496,912.6215452360705) 7
(260.7137219036656,866.6811377390065) 9
(550.7418084476777,607.9711870614882) 9
(778.9358748427486,95.56974544851948) 4
(393.9992372354705,510.00341630049473) 4
(888.274700823987,167.14031572567112) 3
(865.9777624075313,387.39099195060345) 10
(737.3344359568193,916.26732781485) 10
(114.55847860737056,81.93643618281709) 1
(798.6247969143737,871.4330841317691) 5
(767.1002269546613,834.5934061152067) 8
(868.1622713092548,287.8969071454511) 4
(189.00465503428742,952.2708344554953) 5
(415.53246884026964,137.5511918099408) 3
(172.00343826349672,184.63955438790424) 9
(197.75926459155934,928.8160305129486) 6
(483.7236335785996,877.8820235529839) 2
(959.5811670784578,883.0206964404183) 10
(886.6954488852116,618.5908468564461) 9
(533.3598616490611,366.7702931367924) 1
(647.8745500338382,176.18224892007228) 2
(121.90297838718067,109.94029516089599) 8
(404.0188869244,131.6070278771908) 7
(221.65595496872237,893.0792818728057) 3
(72.24498947431212,9.184541319727346) 2
(647.9226217676535,507.4521512098217) 8
(754.2360215103447,542.0966100268558) 10
(916.6423285945231,215.97030406976535) 5
(461.5567701451987,617.1122277657281) 6
(733.9371233069952,948.0075813501588) 9
(110.66039716171284,436.2946040537641) 2
(590.8972451877871,829.3658187156735) 3
(409.12384775245226,436.7729979797902) 2
(766.8995690954246,397.7016479346636) 10
(693.329175664036,779.7441889872722) 7
(855.4949669346618,481.79005623040825) 5
(578.0785700508337,622.2071849070626) 7
(138.22691906704398,703.4106885443474) 2
(244.06379104067378,3.6124938359205494) 6
(971.6163676431037,630.596984175834) 5
(247.15666334917387,272.78196013209754) 7
(893.2973614614535,297.9077803176914) 3
(710.3159340226885,980.849622222583) 9
(919.3217828537536,655.8308354813782) 4
(405.06183568375434,166.55585068199085) 1
(395.7069091592301,717.514623874435) 9
(482.3815576366272,620.4942145553686) 8
(465.8195973599543,298.28470399293747) 5
(803.8559021315028,299.324487226368) 9
(737.0452690711403,442.6008220246914) 2
(878.5668167104409,81.06757565052047) 3
(318.34391202866107,303.6853521711467) 7
(431.6735099158967,847.5961287790798) 1
(73.63442147309551,536.5586802613294) 2
(359.6427068349859,180.06596507728224) 7
(894.7511970586049,544.4108110722756) 8
(753.577526566897,528.2597936870379) 9
(969.2895360782263,939.4974473261748) 2
(254.754211691538,16.30109117686873) 9
(828.156908541168,404.7425660698962) 6
(680.0940871288202,162.55043745652685) 2
(518.5070764052405,278.04612421904017) 4
(923.7005314053074,376.54262877961474) 4
(341.1377516303722,902.9492441278826) 3
(608.6948043054102,557.7414936673246) 7
(33.888191954720035,172.83677833489696) 8
(528.8553622953021,622.9360697749906) 7
(176.03923120515353,202.87445143980642) 3
(732.9613355004728,919.4536719369602) 10
(605.6898063006114,102.49151765660358) 2
(234.80661165097584,887.9134094535984) 5
(100.02405008923854,860.8651411283122) 1
(91.28081015639621,164.62177707007862) 4
(662.3296454844559,547.740108486408) 4
(374.6742970796836,254.47256371370054) 8
(651.4252788461583,346.5560036513555) 10
(780.7817058147843,551.6776045879886) 9
(484.16451538069936,747.9997513330868) 8
(338.60626459264574,501.92486791405713) 9
(204.0238768407503,238.36341450456376) 4
(214.37334092877424,22.38918931257805) 8
(36.8317997218568,69.97573797367984) 2
(44.420533999500634,645.5646015376432) 9
(95.2640942100791,960.5860653926646) 6
(776.0192815621328,503.96859591284993) 7
(940.0739968853717,719.2509891726291) 2
(193.1490651118025,419.0360575576043) 2
(748.0186805532359,114.01387459770184) 7
(382.4114117841505,489.39102058221215) 1
(751.9633396584245,896.5122149060553) 5
(954.3190505747675,230.32743306105797) 5
(91.8675492229578,185.64693206196958) 6
(380.14128352388076,75.87237842880768) 4
(631.1614427550871,694.4402176770193) 3
(803.4255353765132,373.22311775552095) 3
(550.2008919027116,819.5751165205135) 7
(897.881924346744,125.957158978934) 1
(609.8847111358706,278.44193017383054) 1
(28.14100409409681,616.4501278099245) 4
(945.8418764457278,728.7697349624306) 5
(933.2556544776289,433.2948128017706) 10
(666.3962004572052,437.6820554703541) 9
(375.08113990405786,497.90234124457635) 10
(614.7384554667261,973.5298467567861) 10
(807.8922567494146,726.9907850554207) 10
(118.92018792208448,224.04799422576238) 6
(127.8871651541158,471.6354008116307) 2
(627.5672846868626,392.2044661567471) 9
(977.8446063964446,451.9293991914031) 6
(336.6263786985577,570.415522712038) 7
(742.9244070103313,157.5007554949497) 8
(173.16049917880937,647.2747998044365) 5
(81.23565417639244,729.9240140123949) 4
(341.9228692247627,430.9054169538522) 4
(511.1404185702445,756.5097647267413) 4
(708.0488522657452,902.2812711437181) 5
(46.53300860037779,288.2446103599401) 8
(515.3778654300437,889.8641175905263) 6
(70.19239243987852,265.26558188558005) 10
(268.402795724096,769.6052179789972) 6
(875.7735236097757,328.7491899050461) 10
(104.1430299401751,960.637506399061) 2
(721.1876045530053,876.0004957627824) 2
(485.352214720031,654.7045748520273) 10
(897.0223505607185,186.37867451492284) 9
(78.67453786948131,83.93359509764198) 5
(686.1899870718178,790.4925922625881) 10
(860.6055704488248,147.55724681323278) 1
(161.0350367533837,373.30210344971624) 1
(46.46064019810525,523.2469984491214) 9
(54.297389933940735,664.1040066319852) 6
(1.30038185105108,528.2731764049805) 4
(303.6899517074031,992.8827053816884) 5
(13.926286780133301,628.7449539012304) 7
(960.7623646703698,672.9882113013844) 9
(703.5805290448758,145.74175416775446) 6
(881.3486358371312,563.1711376154084) 10
(860.303905550637,828.1454834275864) 4
(8.372442647387789,956.1007819692607) 10
(236.89375339512097,804.7144208796236) 2
(929.0802689889005,672.784826188582) 4
(16.73290291982965,538.9198827975839) 6
(678.062167676843,213.16956601797042) 2
(723.3002998738839,796.2034961669792) 7
(316.3732723900994,600.762249093397) 9
(67.20416970029474,534.371018503652) 5
(684.1338298059692,617.6577896983904) 4
(834.2013766070025,787.758552784936) 10
(736.2165366997019,74.61306442847626) 2
(812.1741665373113,308.41704659934334) 8
(186.13293247095385,292.0631116405987) 4
(364.8573253549223,799.0351703822963) 9
(101.14428986052981,422.35998556914757) 4
(443.19320568409046,912.7910801062543) 3
(13.320784634138771,80.38328444975096) 3
(854.4298717507533,418.3385941487037) 7
(131.22257284957584,968.0723443546844) 5
(106.79269995405704,35.03609994311141) 10
(681.1949203894716,755.7081515655755) 10
(627.5395376587985,9.54716729013616) 9
(431.7849498030729,868.5558683216658) 10
(896.6450633512701,308.2839241516184) 8
(859.9791217325251,216.97011009869405) 4
(445.5794890871976,17.53903870694462) 4
(782.1298977484441,469.4921150193069) 5
(962.9809686534059,458.4471043848469) 4
(358.0211791579766,613.7697655464628) 8
(488.91342003081326,92.19748604494072) 2
(916.8962635439308,737.1278495165111) 1
(368.9612593891568,753.607370671804) 8
(149.58050025160853,847.4359390781534) 3
(796.4271548844232,373.22560642194503) 4
(271.77240914245436,272.01773212625216) 6
(168.35983125116104,222.24388818568542) 7
(427.89865048672294,629.3836999113103) 7
(834.4269810032022,473.83378473780976) 4
(59.607400585859004,566.5522758994753) 4
(2.0522718517634875,47.90429536903118) 6
(104.0970998550047,892.7187638657118) 1
(236.98043008717696,56.587804212322126) 3
(130.57249511393542,973.743875146916) 4
(712.3983756544729,735.0132997591907) 8
(585.5458139405296,818.2979408382274) 9
(543.2087860879004,751.4090881724286) 6
(188.97799595027342,508.8479420168737) 8
(645.8157839123649,257.6188879481741) 1
(651.8829739059811,682.4136707958507) 1
(981.7718844987185,627.3483949924545) 6
(257.59056141024115,437.14640024726646) 5
(896.7424897635751,475.1904412965903) 5
(870.0257133437441,966.178549500907) 5
(950.9351115644724,222.68646749355824) 4
(449.12078876817,665.0588583618684) 9
(622.9260652700539,491.2931591162699) 1
(304.8678076940442,592.5270591800258) 2
(605.1305670316759,59.169953127415575) 6
(191.80567314621766,135.70913219040105) 9
(189.56914114093027,373.8388696750664) 5
(125.58904099925294,731.7389552527153) 9
(767.2901672271139,684.3924243121605) 8
(486.3924661805352,20.568534135450456) 2
(722.6394473574396,565.0730004866265) 3
(278.2479248699885,518.667008987917) 3
(487.2397132091509,672.727294364411) 3
(7.895419285766536,615.6467730684077) 9
(855.8359791224276,514.5641331887443) 1
(712.3805217676852,37.33667596807211) 7
(90.05960841509231,566.3203102666922) 9
(271.73606363622724,504.0440220167908) 2
(278.4420216024652,400.5320672962358) 2
(785.5387958359091,233.06050855049776) 7
(898.2896214586422,562.6329340936106) 8
(331.2293071823317,467.97970491650244) 8
(904.6249571066152,51.73408990037576) 7
(268.9260623969355,859.2210038659891) 2
(433.21602657810143,295.1603203249449) 3
(178.62612769229924,694.9640939617587) 9
(286.62420233906585,273.64590063727945) 6
(892.3395373723587,626.3849027445523) 7
(788.4005369912815,171.05097618500565) 5
(155.67538822672122,858.1729969362872) 5
(453.03876163460376,452.44637890268837) 2
(192.81828815325542,122.67084625882451) 2
(543.2818607106274,301.6827232823932) 7
(481.01078037768775,672.2902862668842) 3
(13.877737880105157,907.7637375059921) 8
(773.0658744887936,646.7311900232463) 5
(236.53969214992432,679.2132195337751) 2
(700.5701310778747,860.7716207679248) 8
(843.0877094025601,88.87972552724844) 9
(42.94948440349566,767.721197256315) 5
(377.30122320855077,185.68188006207308) 7
(224.82667216955886,212.36786883613223) 2
(68.05540693892331,272.3736189078926) 6
(519.0013151808372,218.4276604641312) 3
(210.4941533768664,975.2578842601482) 1
(947.9823560870624,734.227463979157) 3
(565.8742390448576,208.41099556660004) 10
(822.3882563793572,618.833884294328) 1
(298.9450747224426,761.731373311925) 1
(878.6647598525498,42.398930480401) 8
(328.89372570198714,249.79302176671902) 9
(298.3978142523864,75.19805955490256) 9
(737.7409759914855,927.793139516265) 5
(784.8398000835723,233.2656555453555) 6
(948.3706488757903,260.0108782869881) 1
(785.10128751182,183.85550991254928) 2
(580.184670498086,539.8786127241297) 5
(615.0057760623147,270.177364717847) 10
(837.5453949325076,918.2711486945856) 6
(685.7555660081026,945.7553387050267) 2
(453.5437951143495,991.6507618697317) 5
(647.4798909144174,440.3868896467057) 4
(69.15498348185167,962.2855909127125) 4
(480.5333220754556,482.55690830904274) 3
(1.184378970599309,779.5428949883591) 7
(651.9239939962943,523.0207588076937) 5
(496.8494983173591,240.10125572271323) 10
(474.95847467030796,500.32211574991237) 10
(401.26164057310785,858.4508350548849) 2
(399.2609959477291,562.7243341027119) 6
(112.83654264399733,180.70432972145844) 4
(280.138316339409,207.23333122227405) 6
(869.6012093457736,166.49866777311794) 5
(358.1494382800796,131.96233672864787) 8
(54.87154762120561,378.6540323240044) 7
(219.19445697306773,70.0698253392813) 4
(559.7317368381891,112.86056946564382) 10
(799.1561122072719,739.2609423802355) 6
(227.96905492501685,493.4933815926629) 9
(469.8287481941935,701.3590991042086) 10
(255.19969595077407,710.7958705382782) 9
(241.49403776894496,450.23414484478997) 3
(865.9543200355957,656.4820368116652) 3
(511.9381513415864,826.2952069518814) 7
(332.78282610583767,763.0310093401683) 7
(277.6117713868766,628.8995670169078) 10
(983.1295878245054,787.1595171266865) 8
(634.732435914098,865.3977317746819) 8
(847.2583782542662,56.73169880651585) 5
(542.9904911214211,845.8257660048798) 6
(556.0938840796739,746.9455141334117) 2
(238.75014055888866,93.24749135918032) 7
(97.73944766833009,493.67685923886364) 4
(421.3369138880185,115.06298986184838) 4
(712.1337944979089,61.46926499747318) 2
(64.7503238585172,984.9398356811864) 3
(586.0543049153786,805.2524358528523) 8
(218.2015526114851,764.8228135329496) 6
(146.81359831766548,343.485717256448) 5
(879.7176953234616,945.1453793016955) 3
(388.3999909657083,537.442457233503) 5
(437.63333070776446,709.6444434953121) 6
(244.75859561913182,509.2628764484395) 1
(404.80551031932487,855.7709222561293) 9
(48.84540385992631,569.1000239060078) 4
(446.27310533925333,106.64136592374763) 1
(129.25904445948854,8.32875136630362) 5
(755.237927863475,776.7078835874692) 2
(143.90900221589987,234.22659019414561) 1
(687.2943616914441,182.34211374801112) 1
(550.1928541694797,638.9488312051838) 10
(134.43520754717332,729.4702425948585) 4
(648.9973913687608,746.6455588553964) 2
(153.63305881090105,692.4436818259662) 1
(938.868938477371,31.829016945922106) 3
(158.38018250475793,45.228746295679635) 4
(877.5316143910239,645.6658294908385) 2
(516.5335269779619,886.4436169795591) 5
(880.5638353379496,598.0691260771067) 8
(838.6013895164649,284.3321020251579) 10
(51.747348226625746,854.1031769476612) 6
(713.1614739006877,459.0467479722351) 9
(940.4442933316312,455.4784848963258) 9
(576.8571750885027,591.937601219) 6
(263.69359585975207,69.5587345653158) 9
(489.686282531628,724.253144535364) 8
(52.36161979011877,871.9744910439301) 4
(662.2857698887765,975.6878401685935) 10
(562.3466549286535,147.32870447150782) 10
(974.6625539225984,363.2205653147629) 2
(412.21964393635733,780.0588401455277) 8
(974.108473866007,8.011214874751316) 10
(748.7875936359451,642.4550207558871) 9
(780.2994208297654,9.391723983768863) 8
(864.323842093153,844.799296064121) 5
(271.8798913899637,831.708387302428) 1
(232.5407658975117,569.9608631876953) 6
(129.36603174074236,146.04812173743275) 4
(611.7627670389905,801.9612406218165) 2
(83.16323647358415,109.98814717922501) 2
(304.0583302243699,326.7706289015172) 6
(353.39170099435523,385.91971774734304) 7
(650.3039720974652,742.9406805583495) 8
(32.2596045800857,950.2142791649909) 10
(766.6362729096255,997.7236372794185) 2
(845.8068158793088,680.8221293249129) 2
(63.67980587907485,916.0898826960853) 8
(913.8806329134837,857.9643631035364) 8
(492.5828643829513,537.2475864642034) 9
(508.71492077511937,251.02376119457614) 1
(773.5902687267255,875.3489531657842) 2
(516.922787567777,810.6321295326727) 4
(299.566263607136,550.8080012208488) 8
(584.8539306353517,776.1930341625872) 10
(832.120832969138,437.3837977228445) 10
(753.2999305152111,599.1074165297841) 1
(556.13338302394,950.9424834132889) 6
(421.1821258309547,647.443978181658) 1
(484.73029034628,575.9434242277905) 6
(706.6182244543162,665.418249041895) 4
(470.51646621014896,168.47726477865976) 1
(26.219532400292845,474.42820741250324) 7
(701.1784539076673,248.4451496096173) 7
(75.45895878325004,883.3196401208685) 6
(354.70370404931026,527.3695839140385) 9
(818.1155271523697,473.15570385990935) 7
(958.2036002290301,338.56018848280564) 1
(17.714645748101887,368.74710929855917) 1
(259.71686492522497,651.4978710121399) 6
(684.4170580808346,589.6804928919177) 4
(349.1908446040609,137.9471552890038) 4
(635.8353026553142,58.47510031962933) 3
(948.4485552153336,726.8740300728856) 7
(829.3622802099655,753.8375104320958) 7
(325.4207813308253,381.38829335911004) 1
(839.5766428825681,346.4619692552168) 9
(106.57979763137082,754.1623990682548) 9
(176.36136615727582,594.9319304713363) 1
(601.0615060233406,352.4273980226136) 4
(904.8569702641907,539.4579940770219) 4
(230.50444147655213,821.1882189675016) 10
(457.5730431690559,882.244405954563) 7
(305.7336776037088,524.6150489642447) 10
(62.86357790756958,928.2381581943124) 4
(33.08876322060195,31.958710884256945) 5
(309.98204366124736,268.7940633220542) 2
(81.41965803862472,986.0439144865071) 5
(407.15384783682106,403.3539614347381) 10
(467.7513207227535,468.93647408637685) 1
(511.33322920709344,407.9457465268623) 4
(0.847820660421994,497.60909641923826) 2
(809.4311748116461,979.8705604556557) 6
(124.44304824338548,51.32160393706986) 8
(289.1368610711287,990.0507758087599) 4
(69.09378558438273,344.6987051298842) 7
(427.1676459929211,571.400700526923) 10
(166.68535971954057,594.5466281336054) 3
(535.5249916095823,544.8599327159095) 8
(122.50552987157448,61.6834325215776) 5
(676.3841783342184,97.45366347866258) 3
(452.1979575408187,804.4598839674345) 2
(353.6853665941895,538.6293851179669) 6
(739.3373743223069,486.4553823638037) 8
(689.5898570037301,873.512198028298) 4
(401.696670591875,940.1674629254978) 6
(796.6143562117319,337.4684680381715) 7
(835.6259781750063,184.1501514185596) 7
(302.74193044375306,889.9331404812232) 7
(182.59777903797757,783.0237913418339) 8
(883.5097202508402,53.210313468239676) 8
(661.0136730148786,354.79851215010103) 7
(367.31934924694707,146.34277335029256) 2
(953.0478186399582,636.4290816516049) 2
(897.3392943923361,435.6613237474339) 9
(812.7822352968693,756.4011925531171) 7
(945.9941906946004,281.94809670630406) 7
(217.1939159247045,175.51360513341297) 2
(253.713441147008,526.7300999876513) 3
(753.3567408885189,444.31275353121725) 1
(464.68674124561346,165.42349889487562) 1
(200.58260847120835,826.278233645694) 8
(685.5102125632927,212.5948759706745) 3
(51.38371806010156,512.1958516408931) 7
(635.8474985458308,325.2275688844635) 6
(947.9055085096269,127.5636620131515) 2
(933.6981373636945,627.0639925418939) 1
(135.47536096277423,312.6935635549621) 9
(210.89967211757775,170.84570465500425) 10
(179.53523617200605,664.3276492921601) 5
(451.47898944075735,490.0834419022532) 2
(862.2994203622328,874.4474025223027) 7
(968.6828952616529,983.1350722982247) 3
(662.6351679984681,165.92449610184988) 3
(365.5277586682657,339.5975848170403) 10
(293.3657084916298,69.21370671254523) 3
(596.5822367463613,359.38857107659396) 6
