1000 1000
10
(0,0)
23 80
500
(383.5433652696305,311.0320968036844) 4
(765.435608549982,323.93938721244973) 6
(603.5470723293296,901.8623272569897) 6
(185.48755964070972,44.7178993264421) 1
(330.01816991520093,760.708646381075) 3
(677.4768308567111,396.21490206721165) 5
(811.9652767687569,983.8102350931349) 1
(671.5702494836627,448.71051151345176) 5
(405.9308321974244,144.5275422509227) 9
(71.0393082485331,259.68462331597374) 1
(463.027702820217,392.54906917632945) 10
(871.8770092072257,44.09915277478393) 10
(251.2841258491736,387.04721126031313) 1
(372.63943139875613,838.924838516671) 10
(121.76108657111972,290.5952036103314) 2
(270.84873583051194,735.5342311644341) 1
(205.7575537688695,180.40408177115307) 1
(969.2664918531029,892.418060702369) 6
(554.7009138808493,88.89329971506099) 6
(201.40231985941514,643.7079411282607) 6
(63.24652596052049,593.1013734809774) 5
(12.295641754500375,967.6240803810905) 5
(194.49797196883367,322.81093199570756) 9
(10.42176784780735,971.3196838998737) 1
(24.464966192636496,575.2458450064238) 6
(941.2747355021293,195.25178428289624) 10
(690.03972233392,923.4426659053684) 10
(949.1403163855155,845.9320926905682) 2
(334.58307146250587,363.7630244371758) 4
(960.3005616721234,600.9155801977188) 4
(826.9275328709357,814.6961653855915) 10
(33.30628597721142,245.1531115321455) 4
(910.2006983860352,664.2372342814317) 9
(689.1250085697892,482.9242402634788) 7
(472.67573172999664,333.03039273212244) 4
(702.219311043403,903.1618704467828) 9
(720.0759169105945,615.5486219124866) 4
(79.02236435522325,301.62772010819396) 4
(523.1732883306073,44.19351610743028) 8
(36.4955690442863,3.2128561910592657) 7
(127.5487971191961,416.3708412337929) 7
(461.53472422008133,737.2390527269065) 8
(311.8639981236504,135.7316106963964) 7
(264.25445731117316,148.95056742122026) 2
(118.09658665534661,311.999728257398) 3
(281.59805917615085,928.3034913887407) 2
(24.44557692921723,375.63571795614524) 3
(441.0947020225582,570.9787371412206) 4
(612.0291884731477,661.0141411634825) 1
(657.4790027997022,408.5998315174127) 4
(403.6724981341091,825.7068933881907) 8
(952.2392633447591,80.07285186146984) 8
(373.53678579678586,627.8934299056688) 10
(3.0206158939735106,527.5262618804798) 3
(326.2720945190089,601.5474147025421) 5
(109.89038722782584,717.4564766874541) 1
(146.5947213166401,244.99841124558364) 2
(875.3789614361492,681.2603001418353) 4
(233.90894601063218,351.80967634735003) 6
(334.2487288178596,861.8137687477873) 5
(592.609788262595,760.9301976554065) 5
(524.4306295435367,96.03687648998805) 9
(739.3458291095154,357.1934850838396) 3
(632.8041850675645,352.12553528887) 3
(527.9678535226376,890.9721343464906) 2
(411.5504273829093,5.4508018466180586) 6
(972.0256270535258,876.7887302172362) 7
(516.3786431383253,789.4732028293157) 3
(533.6481490844031,608.7601140793372) 10
(245.8859979906014,304.13186441182273) 5
(554.1848636600907,745.322127192467) 9
(376.9934504956539,65.96641237039059) 7
(0.5212177601429113,355.07293286089146) 7
(66.05370002176336,406.8946775950589) 4
(349.3180221943761,601.9017002263239) 1
(382.6160348484138,243.11552396168324) 9
(226.56354919704836,395.221796712522) 7
(585.1307833441371,501.23367268822716) 2
(658.6342081301111,651.7411560081307) 8
(218.33445619939508,99.40734827060682) 7
(999.8727770751161,741.4406034023408) 1
(621.187639378664,347.2631949532713) 6
(368.0704109925588,325.49022697555176) 3
(480.01919520571647,654.8370495089201) 2
(678.3978534654779,716.7834536304886) 10
(49.43205346919311,986.3872256783768) 10
(592.3033309640666,733.6145794290442) 9
(469.9487031204703,975.7162675809031) 9
(932.2121651274492,480.8198233106411) 5
(51.92600855431917,727.1022357268772) 9
(552.8406410710484,670.0345333801381) 10
(180.95780276151342,680.808331466001) 4
(639.4281323930529,374.43810963427103) 10
(754.0447965975678,984.7354333455048) 6
(975.1819039993956,601.8348647866266) 9
(203.85872462682707,612.8098642505555) 5
(524.8351421468067,973.054847442535) 6
(774.7339014410911,681.3323694402729) 2
(566.6106322271985,733.1117113671608) 4
(292.4683682446472,334.3394527853026) 9
(837.8226310979452,694.6003121269122) 8
(217.9084056716951,177.8629645455203) 9
(533.2817409753632,662.0985693380483) 6
(727.800845337305,635.9518974959004) 5
(611.8995533038094,524.2387659354048) 6
(875.3650538650271,566.9612125343442) 7
(485.3237784505502,957.5646602172745) 2
(909.0335920822654,313.39041589821215) 9
(967.769610918592,67.51021313626305) 4
(63.50509406227833,972.4871618674346) 8
(154.95056672625785,483.71319171977046) 4
(104.36782927832134,360.31598964277487) 9
(188.45718025536007,468.97460563558724) 1
(103.23691625174236,583.7103713131027) 10
(172.873104914817,474.84002345485055) 9
(86.43189102502191,362.5567993293516) 8
(563.3861385735423,914.0115575061037) 2
(955.843472935421,18.851836065730932) 8
(112.35535578612699,474.927702980243) 9
(399.55491304176485,710.8174827407585) 9
(270.85777044534456,974.8610216500781) 10
(35.228380483665724,867.0355601589844) 2
(186.66437582509886,282.69045962221196) 3
(782.3496861584154,667.3507190120108) 10
(489.90648113512293,484.55949477800885) 3
(193.49513256164107,642.5631377449131) 7
(975.3484590818694,388.0197089836785) 8
(752.4482834008634,765.1347251999753) 10
(449.97357283684005,668.8040241187286) 4
(877.7632218872839,183.8256208541279) 6
(638.6314723448584,551.6760264056147) 9
(739.0867253402197,715.1554620876384) 1
(638.0736696999928,901.8363484144071) 8
(913.5705883226436,484.08493828349043) 7
(670.6519189173358,184.6053380184176) 5
(936.6040055554702,574.1583180776167) 7
(67.04238312825628,618.4295124950767) 1
(282.28177583575973,300.75015097913683) 9
(792.0958511873132,529.4528886967424) 4
(902.4979529402669,64.74512937202648) 3
(120.19719956616571,699.7122032661914) 4
(269.06083495753217,48.01881952587295) 4
(303.12333812761636,910.7668177512592) 2
(178.62406988246892,60.37334341071898) 10
(796.3556422247402,658.8188746493807) 8
(596.3466402681498,665.3823024246202) 1
(14.297646214170623,857.7074244495249) 10
(645.2391617794647,506.28709489371425) 5
(938.7524218947129,220.80864783124832) 10
(855.3669847767237,65.93538660214693) 5
(263.7837497217582,518.1804176216743) 4
(653.0552153832524,374.1161873889759) 1
(640.382422120865,308.1508022751517) 8
(726.9514997936312,54.63991089019793) 1
(559.0080941549079,316.5905177800161) 3
(380.50333448930354,613.9861062667206) 3
(665.1126895075987,806.2885953109701) 7
(37.44220586543445,376.5125763705498) 10
(804.5689591468287,348.81579256425465) 7
(62.49668024130772,595.9306127681812) 7
(591.5108259532752,116.86654129927831) 10
(22.018302079021666,216.44418613344683) 7
(242.23439449710438,874.2317442489153) 6
(235.95978588232825,536.4098910046006) 2
(804.4799613514231,1.4328574549379303) 6
(964.4979115666385,86.43936560830734) 4
(93.87383185727083,286.3601245446451) 9
(699.3567491603083,314.77195109860145) 4
(745.5769729649177,966.8868173162674) 4
(438.0586244782771,537.4412321735778) 5
(997.6798288831925,589.0149914341347) 1
(859.727374682881,176.94410275365857) 6
(576.9640292056166,115.1492491807986) 4
(547.8221703683597,713.7506439300638) 2
(449.6931814406062,729.103523428324) 4
(340.310545329089,459.70119461233696) 2
(94.7636158967532,691.8006733729982) 6
(899.3515687102717,621.3354933886613) 9
(453.1590825750801,153.80227798576664) 2
(838.0757208609953,296.6856416681094) 7
(227.36785219382315,19.721342554104737) 3
(188.13290011151673,423.84609627671523) 3
(234.6931567578131,145.63994405931234) 2
(744.2385847638967,818.7567608878553) 8
(368.21244014795207,532.7427009728607) 2
(600.3244778833421,363.2219534055534) 10
(645.3863186485901,929.1715263063932) 4
(856.3570580694094,411.4031635218588) 7
(961.175107160049,293.50398772422506) 8
(436.5146856024335,737.0701222010377) 8
(760.2962174917327,196.29862060661029) 7
(597.247431629115,143.9754950148876) 7
(848.9738835350813,837.2341432717316) 7
(893.7828567143497,169.57023846319353) 6
(907.503840773885,659.6431953380352) 1
(347.96283926421177,119.71189059092502) 6
(94.92723152924798,90.31209055117984) 9
(357.2089043714101,827.69458123336) 3
(83.54916082333474,707.143418454103) 3
(518.6936113117401,261.53079287920957) 2
(606.0152991344108,587.3460439967134) 3
(408.7960782614297,18.46648998850253) 2
(997.5111810355392,926.6400202752114) 5
(509.5981058612002,451.00890008115414) 10
(837.4560755772483,105.81830590015184) 1
(518.435727101326,862.6016894158334) 10
(952.0296127778948,448.7489808698476) 6
(17.38073294953635,493.02211319609745) 4
(161.60377532222503,663.7156820899476) 2
(198.09281905880172,117.53343890749812) 5
(931.7097033993434,926.5306765619601) 1
(519.9707558846138,13.62943092371738) 8
(31.021510615108383,920.7286889731979) 10
(113.42991465046947,404.5263535866126) 8
(923.4490788411609,780.9666170844083) 7
(346.3181943097917,487.034901484665) 3
(167.05671206161134,655.9926887672236) 5
(894.9308576282478,940.2221781962796) 7
(233.37843157643678,738.6991573345539) 2
(747.0807435180476,100.32286116632238) 4
(669.5697410855585,657.0498552279242) 5
(557.9839685636825,145.75070621077435) 5
(75.03781428816181,902.7929443257377) 4
(215.48153385908876,507.308170391118) 7
(952.9306727642528,497.4734378079465) 1
(133.21494371362286,759.7986377441251) 8
(645.6167126695666,895.6746173343234) 1
(720.5079390936621,269.9925245395791) 9
(526.7277616032356,47.59584140082851) 9
(716.1203819342726,586.0775459240116) 4
(635.9395623264023,239.86889697971625) 10
(522.0761154011024,309.1885589544561) 5
(418.6924578376138,822.4631669236314) 2
(342.85081402491346,762.6933149726858) 7
(480.2948914274443,757.0968708142526) 4
(129.26444004311043,660.7816986289669) 1
(716.1896003029744,215.90876885100096) 5
(955.6229265176772,513.2383732006934) 1
(61.88173148779153,580.3998022564938) 10
(708.0105136300684,510.1413856180904) 1
(982.4136312589734,311.47238429542176) 5
(1.8229948464101309,812.1704977299995) 3
(178.97530828905172,189.26066022713474) 5
(469.27524302529054,268.31049519203975) 10
(755.2206257865017,330.7862135286521) 8
(131.69535106921836,851.9518993526003) 8
(19.160897305811385,910.5585505817398) 3
(992.3290658004487,851.1984005481974) 1
(338.68465796286364,523.4814141317662) 9
(397.4575985404114,314.45232933532117) 5
(561.5297135380447,102.00403946341984) 1
(993.1070137952494,281.4377389330082) 1
(128.46242114496897,175.7759875882786) 9
(873.9416843796804,198.22847042945335) 7
(598.7858578786343,67.0061122466239) 5
(519.0437025905969,857.8381159008809) 6
(422.53363467947867,619.0813030920901) 5
(146.90645520153512,950.064789263854) 4
(733.3257757965819,304.6346336410499) 9
(803.0019213114874,400.3278214757944) 1
(378.93059348163985,59.5757059555111) 2
(136.6081057544526,677.8941550803651) 2
(148.7784031827446,376.332344191815) 2
(666.0717008451453,616.416666759396) 1
(604.6786034646461,686.5980659831813) 2
(507.0236116802573,801.5109407033942) 10
(122.6296315759543,591.58336504922) 6
(319.66760337937075,212.1231373398037) 10
(844.0964018914847,480.5811345012311) 4
(975.3212839397877,889.9749594685543) 8
(369.7811263824555,440.42270535809746) 8
(575.828996227742,40.410790580575615) 10
(427.80532680323313,610.8017937981031) 10
(406.9452888968893,496.42118092638157) 10
(406.9962091425343,447.5320523105334) 6
(471.6332282297463,976.0745453552081) 5
(717.6970782707433,697.3204450940087) 8
(791.8569320735226,494.4124943327646) 9
(766.1589284629408,963.2758114145062) 10
(37.42506527765676,184.47246906997594) 7
(273.6532777353132,245.93939106039474) 3
(68.51724888216293,459.12043766165425) 9
(972.920424314851,512.1142028012565) 1
(440.50868026008163,427.90211159828584) 2
(5.014734398495757,807.4365564556789) 5
(41.156169655670816,683.6608681698087) 6
(415.6535117617214,860.6497291192044) 1
(211.40393435746296,830.3197251707418) 2
(313.29036329672186,78.68046522312599) 3
(951.1052261318497,652.1540006668772) 1
(222.61012630236854,339.8518564936442) 1
(719.0967985308217,634.2322807694885) 10
(81.01066660487,856.7768425882836) 2
(783.0310782252034,466.60305877863607) 9
(953.3553658356345,518.2404009681777) 2
(573.9150908141526,621.2543037124979) 6
(454.49759640310685,799.3213472343742) 6
(125.46134289660982,227.7263542090662) 1
(842.8605977914983,984.3919457765425) 7
(896.5288066817054,404.8839086295555) 9
(306.79554404924716,951.4851065564296) 1
(20.039483970830887,892.0397714363513) 8
(805.3602053324614,938.9468751128456) 2
(758.1219046829873,218.52733679199) 9
(131.40775877755917,436.0720313360863) 6
(671.2854256521347,657.7036562125128) 10
(487.4135461301362,69.23105691389664) 1
(169.90508971589313,592.1374051750213) 7
(521.8957512198202,500.2047014223256) 4
(526.2771696305967,176.06122920392343) 2
(923.4798632627065,998.9083292575006) 4
(186.25202582547718,303.7878789129108) 7
(820.0257461094033,749.952762953114) 4
(610.9694136358031,988.9757271638819) 4
(753.0445911922928,725.0736174131129) 2
(423.55843262168435,568.9161909360444) 1
(780.501485479053,493.99523506328234) 4
(145.1697608429704,270.15716520435427) 6
(790.187278445614,692.5467005429606) 8
(676.4115343275672,357.2252571379747) 6
(404.77444783197825,382.661967514366) 2
(967.9097071692019,690.9005230321691) 10
(886.746681435191,717.1301410926843) 5
(158.60333851046494,55.19463562048033) 8
(15.523468985645493,220.38988132791872) 3
(715.6470622668564,657.2395714069272) 2
(30.774501962094412,81.80435838739997) 2
(323.1200705153788,470.69438295848954) 8
(983.6241423929887,492.01071003302866) 2
(776.5928653849296,205.99122554251315) 1
(803.5027955229016,187.4052859444013) 5
(230.827897917237,745.8761590797274) 2
(600.9508510212204,960.7025538949865) 3
(83.71101394001312,182.55157287261915) 10
(94.61095751435033,695.9933931949457) 5
(207.78935021197054,486.4109781168888) 7
(857.43557103437,797.6035143954874) 7
(471.5309950944755,752.6406235446987) 1
(596.9001107658988,898.5229947915517) 9
(813.0856562503674,829.3407522849668) 1
(235.1932726553161,662.8247925311332) 2
(157.26165136024784,750.2978664045899) 6
(506.75120619317227,276.3358023833898) 9
(43.03806809127009,67.32107888920191) 5
(974.5329866954311,581.8527147445617) 5
(512.8384807952027,260.4598428684271) 7
(946.4551729786048,305.81594244333934) 3
(75.30713866233984,3.1797378292424128) 1
(191.2815422091353,577.4481555748533) 7
(274.3044920886437,770.9390553403725) 5
(839.4354624629977,178.53026928589122) 5
(117.99408790928345,415.1187458328773) 1
(51.561824702530124,299.05350846559173) 8
(573.8716931410095,196.46586649414454) 4
(58.241957252447406,663.1106748480205) 9
(49.73209074115148,152.5761643392215) 2
(163.30992445565872,798.0188417025836) 7
(994.8477571774681,116.39470472360458) 6
(3.2124082609251703,252.4667128354985) 3
(271.64219619487915,182.4383462142629) 1
(555.7031599849962,858.3434259181047) 8
(847.9554092089865,954.1088117326365) 5
(415.4004867997213,729.2564808344695) 5
(778.2005099349014,127.4124076440859) 3
(447.6063656175672,431.48054907046406) 1
(620.7353078711988,658.1331924687843) 7
(385.2906977558368,65.4677296666234) 5
(282.49483909409514,22.09799124832701) 6
(853.0750550595919,50.78137460299625) 3
(44.96692466841745,522.1572366536369) 7
(62.38102112681154,150.71821504830908) 8
(810.2496993200771,958.1330724708487) 7
(548.6408505296552,503.4804207702296) 2
(678.9008135978888,334.82176696752407) 3
(749.6291252653649,328.3375364106902) 5
(530.1222191673387,889.9277494660884) 2
(472.1318479928713,744.5545921715832) 7
(353.2454199732729,195.41512881929924) 2
(368.0242610924029,198.7367209594232) 4
(108.12794518264101,668.1566967589674) 8
(443.33372015171824,735.6698705083295) 9
(525.5888250241293,106.72546384330084) 5
(566.5500916854979,576.8642360231945) 9
(827.5203811949368,198.55029220390287) 10
(974.2427292394394,44.79367120011224) 8
(325.5088350671478,3.403603475001904) 6
(615.4940657179101,574.7293215455485) 9
(138.61936858112745,212.19576310539168) 8
(180.91476960795262,298.27322728851505) 1
(976.7604350390194,805.0189729853016) 5
(213.82635219168267,341.26938346622336) 3
(459.193502219673,689.8364186436627) 2
(479.40220965029425,598.0187687857227) 8
(264.2566419027436,198.8458750820581) 10
(545.8417964402123,576.1225340900537) 10
(387.50713092358524,763.1421404885643) 6
(916.9150306498509,383.92776120494767) 10
(253.15625919211325,377.66984086759237) 2
(921.5230628783703,746.4549494536128) 5
(932.1149458049649,564.5244064380721) 3
(929.3710683508841,180.73041816682377) 1
(865.8488988648091,541.5237496047429) 10
(844.8149298559401,955.3031585145025) 4
(988.5258967237019,780.566163588169) 10
(322.49497789295566,218.00793129351803) 4
(540.4425959827361,271.65517901131983) 2
(641.7129838443274,817.2863564831802) 5
(924.9494900599949,617.4497084878286) 7
(712.2034173661558,18.170824832747567) 7
(457.69668011323773,405.73013962282954) 7
(155.2952443248502,412.1612198536733) 5
(97.24046907496341,812.3326624681728) 7
(246.84055847884255,890.122106739197) 10
(721.2304622223292,59.667655287617414) 8
(743.1382827145832,66.76204632217586) 1
(89.88534472221022,130.24476875349356) 10
(180.17717366102403,501.52036469110806) 10
(493.8187366788129,295.93907477650095) 2
(859.8399712561484,458.34268476672344) 9
(158.4683966684799,850.4318668655385) 1
(658.2772430158348,251.20713856488942) 8
(662.4107081617939,353.28874950605274) 6
(312.90680342754484,177.27728877496486) 7
(906.5608321398396,352.43112908533357) 8
(557.7248679505842,762.5225936106075) 1
(261.64379816517703,964.2813470127206) 10
(407.41451718317376,965.258277322016) 9
(586.8749924231518,563.0313686143052) 4
(970.822936293326,461.09839064875104) 9
(540.4814477662485,787.0774170646063) 4
(935.2679152356048,350.7240939860333) 1
(239.7851074924464,757.1150518220899) 6
(483.11349426989347,368.21027720897126) 5
(203.33506522344302,17.171457656328325) 5
(436.766704287751,666.8190839212078) 5
(350.07373864618194,134.67930450224253) 5
(217.89378843540874,347.8831944326454) 4
(81.06490650323728,672.3161755809934) 7
(850.8796726882082,883.0983049768612) 6
(304.3951491946815,912.6123232362829) 9
(850.3635642873883,928.1898187666494) 3
(42.971085309525094,190.10781410810395) 5
(392.79690308777225,201.6228988521489) 3
(603.0077436026111,921.4698270824808) 9
(436.15280547596313,620.1594166723024) 2
(902.2182702256305,501.350797111133) 7
(428.2132975433199,702.1237269029933) 1
(29.512741047755142,4.9136395471988115) 6
(767.1182670673188,121.59529348820564) 10
(956.3702723829888,10.123885921331176) 6
(958.9795384288193,281.89896882802555) 8
(405.7916134941333,102.69589720475769) 5
(789.1701999468407,210.1563546012566) 7
(371.93604128881765,188.4901004802244) 10
(543.8306759427909,214.52836853441715) 5
(337.75516628009495,601.2270641584923) 7
(808.372671580026,638.091074684514) 4
(334.54419997541305,696.9906968549899) 6
(751.2966139432575,718.1495117203124) 7
(672.7874553644745,858.889354673025) 6
(981.3951327842831,854.4295539797411) 9
(634.5757964081542,668.1887933583859) 9
(642.9740339538871,594.9909140303124) 1
(198.7265377106694,951.4568290574081) 8
(136.86050681468888,871.8244299990334) 2
(187.94020827042567,76.68202790307821) 9
(494.3812793508533,993.6976336519796) 5
(760.3016769661034,752.1246165202656) 5
(402.1532292788972,419.9043562475608) 6
(369.3152598420688,867.2808724909409) 5
(124.63584637437941,937.8385843760194) 4
(804.3647334022671,986.8886437157619) 9
(294.8693390027124,924.3104138007983) 3
(180.86614768106156,207.64533395389128) 1
(667.4313825639344,243.77917640580804) 4
(953.6306114401734,785.4770628655739) 7
(192.99825877567866,739.6266504551064) 4
(43.62341765397348,449.0512680485618) 5
(403.9145954508235,182.58133883095462) 2
(565.4576022001512,782.2316986912731) 6
(346.3607644344341,254.21838296580157) 9
(970.4773431424022,649.4805604751284) 3
(143.98068065753444,162.34569940808007) 6
(720.2995469467576,501.98706545666096) 5
(969.9671245755045,301.3251693259963) 9
(754.1687230181631,350.7615336463045) 6
(922.9876472637012,305.2854640637805) 7
(386.9111478095543,409.8323041246595) 6
(517.9244243590109,157.5857777622306) 8
(181.65289360458692,823.9906722181994) 9
(929.7983994323941,657.4499853049257) 2
(549.7228665598717,161.73885597190997) 6
(800.2170292116041,922.2366088020354) 10
(912.4650360174224,255.96159034144938) 5
(210.4386414240066,194.22155377046823) 6
(657.0914247197256,183.35805605696532) 2
(101.06806794618916,602.6818744711154) 4
(518.9028759991288,247.45720325258614) 4
(59.75527935927916,892.8593498055498) 1
(636.3830984986041,174.37908339385956) 6
