1000 1000
10
(0,0)
23 80
500
(232.05570885015015,502.3650526826412) 3
(533.9761172280562,363.38657888349735) 5
(742.8483190124434,549.8640154598296) 3
(252.13787923937682,429.8353345592548) 6
(8.004152259784792,554.5523678032552) 2
(238.82277692046182,908.91886657731) 4
(449.8832524917301,462.18811125355006) 10
(54.08242506586769,773.5482685043983) 2
(971.5964346492284,167.6199716451099) 1
(82.37899191225051,792.638418206771) 3
(725.9372588804614,779.3760401362873) 8
(200.53889531522196,338.68350719011886) 2
(85.65288050575171,697.7504626981039) 4
(387.97751795090596,686.3669538341323) 3
(618.2841120295159,361.15909200706994) 5
(219.3649700779885,469.50680622102857) 6
(391.89065673606717,284.64416386900757) 6
(788.8307105231644,136.9165263221739) 9
(109.02994417441802,272.49830361713924) 3
(674.0197311820554,67.20128625704247) 1
(2.671517931662537,853.1684501222354) 2
(225.34432543314253,619.5076609305032) 6
(40.34536110011544,201.46204503834332) 1
(779.3805393857069,598.3203139890621) 3
(208.67232344160257,840.6026152359492) 4
(484.7456608394756,505.8064079595693) 4
(799.3770217773421,465.1799828210998) 2
(702.730891007367,296.63255642802443) 7
(267.0365497534248,390.6284192524817) 3
(483.6288931000575,153.1654034432096) 10
(446.1818257056732,883.3351694746813) 8
(457.40066504308305,748.6876265419293) 3
(366.4857050243352,285.62922107758715) 5
(869.9625337808606,521.2842567494473) 10
(265.1209056637107,70.61834051816895) 2
(564.6554317815123,937.9789990504594) 3
(900.3431480274664,825.9942878280654) 8
(389.48665141513294,808.5705751707983) 6
(51.88333386250466,509.3905229431397) 6
(764.3079138008274,134.51811176316264) 9
(683.5806483452236,577.9925173054288) 7
(690.9550685533367,28.680601928350093) 10
(916.2779997349616,323.8401255467055) 8
(90.63899533699471,620.2318057903905) 3
(626.3744070495852,703.436471932737) 7
(68.16515028568392,944.5265186936222) 2
(40.078934001196885,206.49370819339586) 8
(635.3821541833369,720.1417673786168) 3
(239.24632982901574,618.1176294964255) 9
(997.4188730265458,208.6133337235755) 8
(463.22459388854963,383.7080139440524) 7
(273.33861947331985,268.6620118291348) 9
(189.73986106349284,338.93673513239554) 2
(903.053591375397,691.4413581199931) 2
(353.37364215969103,565.9670499046938) 8
(957.2023908791599,919.0624665790335) 6
(321.8838851220259,444.74835815542923) 1
(538.4849322341765,8.849816016043398) 8
(852.696271612817,481.40859645574596) 10
(229.52064502409232,738.0806142388979) 9
(112.87203136501932,133.9878100701887) 1
(505.8665708041995,593.7719265834103) 4
(544.5209290052449,564.4809002755801) 9
(974.9672993848255,354.51932890334604) 8
(444.17527440640214,201.26195211153953) 3
(747.8367432177489,463.7540055441219) 6
(882.154508031775,527.2196453538269) 7
(897.5398447338988,330.53862715613724) 3
(406.6889220443415,4.974320678821753) 2
(49.586424861176035,88.5348407456753) 5
(461.96951992825984,902.3983079013236) 3
(394.36847874139323,259.2653505360603) 7
(519.4298823007973,788.1728903981668) 2
(90.22357158283067,917.9269594813995) 5
(631.2351399279498,133.3807818900441) 9
(154.90317797062815,373.6582828974897) 8
(756.2933085980062,380.570555105457) 7
(346.1719743265289,390.99632908549364) 1
(183.3597803185596,2.2528371786599832) 10
(645.2605942531087,311.3716156884192) 5
(641.7779580241726,533.7400193415549) 4
(668.9074224769267,739.4489175731628) 4
(41.32638976795566,870.9156985773876) 7
(994.2565714306646,604.8660572596159) 5
(437.7043984865434,901.7239497834756) 8
(859.6629425171875,262.3797925334439) 1
(316.3673959119195,865.2081176625263) 5
(818.6157058472198,704.4288099103528) 1
(618.0070265047939,11.15698534246845) 1
(954.1973120761353,969.7364055953976) 10
(809.7719739712738,908.335123742608) 4
(190.24386251902504,813.2541329782753) 3
(26.449414420436803,160.6651714922387) 6
(331.16545153927257,845.4648923851267) 6
(684.5226752849462,903.2919097430299) 9
(884.0727378323927,977.223672830962) 5
(227.62517079738353,857.7708472056605) 6
(12.19951534088537,632.0436641438682) 9
(202.7417162516303,844.5654616363329) 9
(127.42180421622574,951.4980538737182) 8
(492.851054721708,754.0066100609638) 9
(154.2749626740424,506.1187016591806) 5
(229.4533620474426,527.2504547280631) 5
(671.0216040448132,798.9428808304177) 3
(183.88515090342227,644.9528714587225) 9
(921.155466311977,990.4126052667559) 7
(946.6268371866219,331.97882234610563) 10
(288.4547311797734,666.6688895563049) 4
(16.399342059376654,751.611242180755) 4
(697.673754173132,677.7136708811591) 7
(935.9382681741769,750.234969373753) 8
(508.1663364909722,80.64082234439462) 3
(297.21341787984124,239.0795361389184) 1
(722.397138358094,472.42582821736) 4
(5.321429752848106,919.0379143696064) 10
(687.6438418639347,217.42727442138) 2
(679.591853454283,932.2820199478866) 2
(616.6589429085564,481.1254738476293) 1
(460.3156458162262,42.573843065211946) 2
(928.5798064411402,286.94329165675134) 5
(453.1406538899768,942.0273108243961) 9
(326.67872898339346,786.169547408163) 6
(467.46246032724173,216.4104863547227) 6
(976.3667103104061,184.29586893836526) 5
(69.3495812118854,704.8090201342856) 7
(414.84119217758695,874.8299350638885) 8
(197.84267060681782,649.309278712037) 7
(187.1760758405855,460.2811523775442) 2
(269.97770634675334,259.064237670481) 7
(433.7848461430548,346.4389408347992) 3
(80.6432650366551,763.0645633191363) 2
(775.2035073003694,847.4811245052388) 10
(952.6347683086885,451.88671343654477) 9
(185.59157603315978,516.4110591522868) 2
(773.2352231323306,81.43786981332013) 8
(767.3345043316311,34.20523207804293) 6
(690.7499692521573,805.9160406514569) 8
(818.8613435226857,884.3502516511613) 4
(501.17732071161413,939.7200581125569) 10
(99.50310917550209,471.419661672567) 1
(796.3853906767712,292.7605821993361) 3
(587.3205242653012,395.25948133068465) 9
(875.7954628664502,159.48613266335997) 4
(123.9976949795626,942.2871047951633) 4
(120.12189284169594,991.4864894381323) 5
(437.0833451008167,92.68776099387266) 8
(617.9501600593655,141.53474533840793) 1
(247.3755205195264,299.85068223807485) 10
(371.19133098750314,484.096925898183) 6
(185.22638197683762,802.8482322783784) 2
(744.4819127675502,751.169947501298) 9
(87.46042765331741,249.3284364368884) 9
(568.6058708201548,659.3681454830523) 5
(481.57916962560864,417.87425329102666) 4
(780.242191461536,338.4722452014008) 7
(864.2343675850378,712.9746849789584) 6
(336.5701978579984,592.5331650556737) 10
(498.51216175703973,870.5891426503437) 10
(94.42085439060777,536.5503827429142) 3
(884.5170660184363,892.4013027227701) 5
(399.71487270846137,612.4479242242364) 1
(490.15541394156725,119.91842727423429) 5
(255.28353060140273,689.537211991893) 8
(785.6280640992659,577.3013227047767) 9
(123.26438160260089,948.731487961186) 7
(119.01049327022972,576.857976795725) 4
(15.960799285985816,889.3980685228561) 1
(338.336848124526,55.72497637545182) 3
(360.4288938495066,288.66803449535286) 8
(866.3667216616269,210.27728581506233) 3
(184.86638927277198,699.5946828268419) 3
(553.1128946163736,848.719028140218) 1
(357.7204287541619,805.4503542940023) 3
(937.5828338566757,137.83844675732192) 5
(40.20685414077085,458.8852104748372) 8
(135.99172989497998,2.1236987316968214) 2
(163.32587186163838,209.24534725406562) 9
(540.6166521049033,306.0265336419091) 4
(372.27086756285075,820.8803159329674) 6
(679.5013649931169,718.9669641684611) 1
(242.62433461435984,215.0600008970256) 9
(261.65248972888753,434.6897032345842) 7
(574.206599844726,179.8995873919538) 8
(767.9361141386947,240.10564592352767) 4
(93.3631921027166,63.590247206337324) 10
(879.1106313252337,335.79877020031256) 4
(124.93418879263163,47.95324756855979) 3
(135.3660688492626,940.4832390987955) 8
(598.0879463196159,218.87761996209886) 3
(764.2975696029185,110.68257900623324) 9
(676.1748774380349,682.3038359343518) 6
(857.6371162809608,264.6857729290261) 7
(514.7069774296242,693.7101711455317) 8
(701.2472616803059,782.5664700688892) 3
(852.8781489735954,106.11238977948479) 3
(656.7884988759239,314.2478031993233) 3
(133.39722309214852,272.58286148240217) 10
(350.301308803991,436.8435682193371) 8
(124.18192022169683,516.7655044160354) 7
(188.3282666097712,700.952149839799) 9
(387.7363358844088,362.7383675920255) 9
(283.7143289939772,359.6688884977148) 2
(160.40840111247277,706.9369740972087) 5
(598.3960428849657,261.809435426275) 5
(942.500781453868,697.4424938114457) 6
(362.65517248869685,404.14498829001565) 5
(151.60022786735783,865.1138527297563) 5
(997.116455881642,358.49568391817144) 2
(982.3631358107065,975.6447892237185) 8
(682.2742484678427,586.2469813964478) 4
(302.69656809411526,891.270542522365) 9
(217.42679851598646,139.9540062507968) 4
(469.38251902344587,942.0584529164707) 5
(454.87446248488806,627.1808502759594) 4
(520.3122051175317,258.3007404398063) 7
(816.439147955163,720.4400494915059) 6
(658.0278313256063,262.56950823863565) 8
(7.2601623513196545,984.8684270996874) 6
(305.04781776581416,100.48964800704019) 10
(414.5294382739341,786.6707484995056) 10
(982.0105457270381,860.5768980456556) 7
(983.5396640594652,588.7140077321455) 8
(473.7558546371311,315.1747859521415) 8
(335.62013433007775,206.46428087126012) 1
(388.2810056345948,935.5055990744656) 1
(475.97450751407524,583.8765335552914) 3
(36.251991085982425,716.2367282935679) 4
(951.6694674495019,156.6082652055266) 4
(586.5296273249525,416.446250129116) 4
(815.3553435722936,273.99089853804736) 5
(264.0478450330469,425.15514730953953) 10
(681.3725804729902,88.57024732497621) 3
(522.007464284842,863.6682477767475) 6
(95.2045771325638,769.4368131743606) 10
(467.49614956048845,26.293834218410915) 9
(539.708067375758,534.4114047730799) 7
(865.0125995229484,328.15090537239865) 5
(585.9844208333762,493.8207848299708) 8
(303.4012195924319,215.43257672532044) 7
(708.6060186773351,133.3746632106486) 1
(275.5867646816092,91.60438667862269) 8
(55.069008381317786,980.768729210914) 8
(727.5138288324431,7.304834520602488) 7
(322.6573335254409,182.12394564631273) 2
(471.2589542485337,448.50146033207216) 2
(168.77467327985352,493.80523244922836) 7
(110.44037734348045,942.3171903006097) 4
(361.87617959457106,90.7300791773984) 7
(192.37937223202317,935.47773361012) 5
(283.32502230175095,742.1887194499288) 7
(819.6529565813668,860.0450284501256) 5
(411.26956586783956,782.0714419328058) 3
(610.9841719257761,717.2733546847033) 6
(532.08973910245,860.482207306931) 1
(29.254392112533335,371.10143977743894) 10
(229.10929113649925,218.00966972482493) 7
(409.0511196840931,704.269035441323) 4
(864.6608282686028,216.30232567166018) 3
(464.832531630712,279.0584467764734) 1
(946.09673389132,106.9121411262246) 3
(407.80641291552024,594.3363556775511) 2
(530.415034908299,982.5261366478612) 5
(392.0339566389086,763.3480189218567) 3
(555.81371685047,892.8431290734518) 6
(532.1526221775525,335.37870918918554) 8
(59.93281505515502,385.1428913178284) 6
(264.6011385891033,660.6903610037273) 5
(84.48194818796051,690.9145243866627) 6
(566.506265561068,855.8776127452784) 2
(553.2735996567758,457.91999999586085) 5
(420.30051997167675,445.364049792688) 10
(255.14306119067376,443.0506514557648) 8
(355.13862734654936,289.0195358285961) 5
(813.3511662643047,736.8703366561798) 10
(156.79296546645082,717.1371431514851) 5
(804.1052600142821,911.5658281337485) 10
(680.9107303383488,166.19832411355208) 9
(113.94203843452033,857.6543094007071) 8
(895.2668960878842,206.48859083100047) 1
(244.1260550236294,149.06386270794647) 7
(566.822052807109,449.6010451933703) 3
(582.0715476858567,132.421035342845) 7
(927.297337295603,65.76380734311593) 3
(573.3118679512014,321.6482411147885) 3
(728.6326800150707,348.7826056207396) 5
(479.098917340023,722.9109504550818) 5
(893.1338621969287,569.5838356416696) 1
(404.36207582367854,558.6901963842037) 4
(481.53064564427075,347.8971754113866) 2
(513.4679343538552,511.80738990710194) 8
(815.3471972178564,499.22502771308143) 9
(922.0715672297328,477.43661896488067) 8
(13.78767684153226,901.2777328313579) 2
(759.2706035990784,187.63284378308575) 3
(237.37561415220165,66.84634084573027) 7
(668.1122855321084,559.955147800172) 10
(334.0286098538463,241.56750176124163) 2
(747.325955275575,762.565782736639) 1
(240.09645979001738,555.4201427897698) 1
(953.9182595448667,657.1502986307929) 6
(412.91492056277025,683.027328013372) 3
(914.5259468820906,897.113990552706) 4
(812.5270954174456,924.4982616994016) 2
(202.76440001704833,946.5598746641173) 9
(677.1809935366888,526.9786030271777) 1
(194.60387863155725,134.91269383919112) 5
(866.7365240117313,121.7910823393894) 4
(542.6519985497911,9.219716432010472) 6
(436.0879411751214,328.03081190507345) 6
(998.5785222093278,124.50337782844245) 7
(40.0702597549446,195.36543621740242) 10
(234.8153668811841,366.15616908033934) 10
(942.5522739989963,97.86050911599098) 7
(455.96059733940496,388.4758117838091) 1
(467.9918922485471,416.21824889840576) 5
(935.2090579936182,753.4502722180569) 2
(684.2819316950586,92.12920564216942) 7
(11.562511869332326,741.9326338786616) 5
(39.15864052645068,14.209070573123594) 2
(919.5017242189834,560.063853414373) 2
(490.7406591238279,347.7673299748675) 6
(872.1265900743397,67.7239646963741) 6
(875.7723269506189,188.6841068053323) 5
(28.16402847360544,573.4091021174771) 1
(530.7421664361693,121.81565376857428) 4
(754.9908692965909,999.6287989622737) 3
(72.00179567496234,541.920702542618) 3
(736.8557195173629,926.0993463164849) 9
(722.8140058969603,760.3809124946395) 2
(712.9242280619546,323.4022421976065) 4
(174.0197450256955,466.92249561616273) 6
(729.213789110479,657.16816001904) 2
(495.38337313033986,701.4348656141594) 4
(860.0400793269221,35.84521969236065) 7
(795.3148694494245,123.62957144486819) 3
(561.5400684786645,708.5967604452) 6
(717.3124407134167,915.6268391288136) 6
(245.25674909628148,93.42211770248987) 10
(900.2853397378192,265.42979127388764) 3
(40.539048729286044,331.4081092219789) 10
(418.422180947834,843.9490903885975) 9
(126.79838930298803,758.7771068346112) 4
(336.20320242982046,991.1225788789006) 10
(704.4229300553151,974.8043443155113) 3
(148.94551872770677,463.7241613657708) 6
(313.71548139428086,233.7084311407851) 3
(261.8770631268207,674.5910461116782) 5
(483.82499791522935,224.74552316692277) 5
(718.988254042039,541.8450835972909) 7
(466.66850048464227,123.97826114436705) 3
(900.9872052173108,28.950340329305657) 8
(549.7638469106676,765.7138368737525) 3
(796.7715913947425,742.4192462707978) 5
(178.1679922595135,226.58721644885793) 9
(687.9283674414232,82.19673141798556) 1
(522.1040259272658,690.6860083427831) 10
(847.5809103159713,952.0242449110498) 4
(394.01974988618315,468.9907672182021) 3
(774.6188819411586,12.188916676513006) 9
(763.4190663446511,667.3849357821571) 8
(692.375959101111,280.9183219945466) 10
(382.39599092832066,275.9993137632335) 5
(589.7039156733988,660.2585947019194) 2
(935.0704242854109,47.326015966734694) 5
(435.191538717903,572.2725314315106) 5
(704.4917825789435,896.7972367260301) 7
(747.2670087402198,805.2990905453067) 3
(318.0928156777579,951.1476372691563) 5
(801.2005439014786,264.46799258206767) 2
(287.4002079508684,152.96579021322754) 1
(581.5015930491612,649.7665368989288) 1
(141.8324804911717,899.825744547451) 2
(556.986577857572,43.56139501594958) 3
(492.550221112952,584.4511068835369) 4
(353.247472302844,361.4801006233829) 9
(100.33564271952677,890.3305825854906) 3
(88.63180030383899,230.81959228024772) 9
(822.9896236158454,950.1278646970836) 2
(772.3114843043227,278.56573037172274) 6
(48.86955552351624,343.3578529859188) 4
(766.4779656036762,868.0616497776542) 4
(23.72280564481133,535.1700290661471) 2
(997.2678972813665,306.13217151996264) 5
(416.7353692112283,334.0723262580821) 6
(352.9490617970681,80.40896637200812) 8
(938.3922333875256,812.6581270314595) 5
(825.0471090490245,853.9877856818307) 7
(358.0384444145618,305.7954855907188) 4
(486.66686474086487,608.8446132950381) 4
(369.2416570775049,750.3213140690341) 1
(200.57302989479408,171.8395697468136) 3
(583.3736378449386,333.72357371120086) 5
(371.6538648851344,704.4386852876077) 10
(266.1130611961519,818.2773103789162) 4
(169.46184510793717,154.66136692030906) 9
(742.92526298142,516.2333015838337) 7
(754.5401136929756,937.6333519133595) 10
(931.2470286787317,62.894361806344776) 9
(17.999371188302305,480.1260036310623) 9
(169.07122575011024,489.6188566223795) 7
(927.8587855517395,472.2638509906948) 8
(279.8588123021629,964.1833583301732) 4
(209.15952567759578,175.18072807773498) 8
(920.3042768505754,465.69043625297445) 1
(309.52044903559084,954.4550152246509) 2
(448.8949039167578,439.7995766214585) 1
(441.5985170071395,776.4306973471867) 2
(170.46993631582308,208.22158974797512) 1
(248.66787632870157,88.3246236322398) 4
(871.1257471124396,16.511132041155953) 2
(112.16523898621323,20.391003333236625) 8
(770.6077540792086,284.3359739969561) 7
(32.6518250439437,604.7594170236425) 6
(10.97658369592802,441.8112964772526) 2
(693.5929607609435,808.1901172403792) 7
(947.8785655806399,656.3472362783533) 6
(732.2924202023806,203.38351871236105) 9
(12.259676118717255,641.5243466939535) 10
(464.41429221837484,427.29276069877653) 9
(491.7654536570065,917.6227750645186) 3
(282.36167784050434,150.02288987073652) 5
(807.5434430214339,544.8064851040168) 4
(597.7421807396134,683.2662440660437) 10
(421.8146547415199,913.6610412602237) 2
(253.8565143061714,899.724972767962) 5
(340.27867188098884,28.98888938165245) 6
(603.8791607758802,787.9891625403906) 9
(30.49724091740935,800.9307846232696) 6
(683.0815042528534,765.3858306924037) 5
(945.2096901715864,52.6807253682442) 10
(283.3069299668781,149.41823733549498) 3
(985.9102202051487,813.0485464348332) 5
(409.83212253879054,381.111691484497) 4
(289.1836408685913,936.4340774606187) 6
(502.6321463007645,705.263212027878) 2
(357.41531247285883,233.09118991447198) 6
(66.18623591628092,172.15495637585641) 5
(728.8171112312833,820.8937637404018) 3
(163.49572113305388,310.177319770108) 4
(970.1698429840376,941.0454544791507) 10
(69.04908881568205,794.84467568236) 4
(479.9342222444957,92.28380769780276) 2
(118.60569120894205,216.8410790029941) 2
(587.5926203630901,138.77005576532252) 2
(60.29252504737226,43.939186360661964) 3
(91.91002346361266,421.32968060899714) 9
(167.08480489231104,493.3540164745891) 5
(703.9025055450654,847.1742974569402) 1
(483.9137926176222,633.2423189999764) 4
(198.517836281606,354.4909574180083) 9
(747.0487808540721,722.8670172800394) 6
(386.0499355965007,938.8808954113813) 7
(625.2452020781038,763.021171367707) 2
(954.1275230642791,576.1658822271943) 2
(238.57788469548458,176.01905662309258) 4
(908.6435589931413,138.6591318594087) 4
(103.20408999914088,235.77938773795694) 1
(627.3783343193627,853.4790155093615) 3
(68.42838098149451,393.46149901739926) 4
(847.9871303766121,650.0974485369459) 7
(20.411822024285044,521.2581895731591) 7
(810.100783157914,145.55729507915305) 1
(12.319232402707602,214.18269317618154) 9
(822.0409031281039,950.3910395643996) 10
(462.812239314234,608.5988799777887) 6
(919.5996591536821,100.88585458385002) 5
(266.4582660807654,754.0070598130217) 4
(434.06634212821695,705.071555100476) 9
(461.5364741687663,690.2775771127353) 8
(706.325059571443,247.5022905952713) 4
(406.0768329426819,580.1031681825175) 1
(694.487837774446,555.8130045100877) 7
(724.1242191212892,718.8500665411508) 8
(262.2752726784712,885.7163366237155) 1
(262.02303451820063,29.358839416841143) 5
(501.0877744622718,924.4766373593975) 5
(187.4362459730483,163.7953671298007) 3
(449.36627581042853,877.2018768009809) 6
(502.915017434445,539.1243346579665) 8
(121.82258794368994,874.727891580103) 5
(10.684925938792556,591.4943827341514) 3
(557.59567583905,504.30156388980276) 4
(869.078139619716,59.56143437281525) 1
(672.2298233993974,107.43503933638144) 6
(800.8025512334768,398.27328167351783) 10
(493.5040297543568,175.69321291220407) 9
(99.91740217053069,296.947812272205) 1
(986.9006446931112,179.63451137947706) 3
(428.67901651477547,709.8732802139149) 1
(399.0397677664524,348.78278158697253) 8
(639.698103674317,798.5055409717631) 5
(617.1767320960317,966.9421099201257) 6
(675.6813233315781,766.5275747630424) 1
(98.33089946813212,92.04944644289881) 10
(360.88282926443117,563.8941045742012) 1
(924.7284683297806,955.4908718207276) 1
(47.24053901564829,642.2540732401617) 3
(575.7269642714516,925.5918577569619) 5
(904.7809097750289,136.36900646960115) 10
(756.3202402052452,496.3207487390806) 2
