1000 1000
10
(0,0)
23 80
500
(479.0252943280765,921.3047857416782) 4
(905.1802395188914,406.86558539724626) 7
(339.6930150810171,49.816161328676834) 9
(523.9379016895257,621.6774676556374) 5
(101.67287130926206,458.03077482135757) 2
(544.0766689406111,98.71760004140361) 4
(847.6636152059447,745.8144250457068) 8
(763.4984534106231,614.861953025353) 1
(830.1365473604098,62.66676785567093) 7
(769.4950568946412,149.290257343492) 10
(81.33666455155053,324.88952359902754) 8
(521.872901064711,304.56167192283255) 9
(814.9107013987635,525.5866437862077) 9
(160.70790042960027,660.0719136598022) 6
(583.3832860143311,180.03099364948383) 1
(263.070811502815,166.7652487899175) 4
(977.8773399663429,378.60588650506264) 7
(404.92918838761494,488.3052587227511) 4
(240.9831480475344,324.43709641252514) 4
(854.7861072525917,580.6590771569497) 7
(570.7884437020712,563.161858035389) 9
(507.8600293452532,91.2524193171268) 7
(430.49610655198524,883.2477861147115) 8
(193.73394287785405,14.939786819235469) 3
(261.17566964172255,929.3493331429086) 1
(506.0773996824786,631.0191835635503) 7
(378.422344264453,279.89614018369946) 10
(123.66234460741043,637.7558456029536) 9
(638.9026200370928,774.703879212192) 1
(845.9257728606781,266.24614742631957) 9
(16.308413966715896,462.8987369881299) 10
(955.6281781848908,815.5208490486849) 7
(675.4249875532444,294.2750928147414) 4
(419.0198192945077,628.1127555712953) 5
(565.7299899176174,223.11671096326847) 7
(267.5667560067294,601.3375132076466) 7
(805.7567017401603,776.3332104967906) 5
(512.6562263186162,794.4222693454547) 4
(462.60083480750046,8.38752797094877) 1
(642.8604049372359,493.1870338397591) 8
(619.6312735562828,276.3529322564547) 2
(465.7713490256745,447.99890014624265) 6
(982.055708630626,965.430914158688) 6
(399.3886633680782,833.7047614321681) 7
(905.6771661475507,653.7071011238637) 9
(699.4395483050378,157.4017653985188) 9
(85.49051382452933,975.7163415121377) 7
(692.6175369945066,448.5430483845202) 3
(815.1768800191245,800.1421195036174) 8
(189.22507039250758,599.471000000513) 4
(801.3208192967792,442.3810324984039) 3
(574.6028616898701,883.4359482060754) 3
(278.9139698734844,234.8589420370525) 9
(239.10299146215664,263.4927370328543) 2
(245.46762368831142,955.2554545228771) 2
(304.28217394814874,268.29742663816893) 2
(132.79098176858582,523.5327988296084) 8
(625.4308116007865,471.17211170537433) 4
(938.1282349605218,347.2471847948131) 1
(686.9218428363615,809.0970684299044) 1
(430.11690100680113,216.60052961903443) 3
(284.9164495801383,812.7303982018321) 2
(688.8883438815187,921.6937183857062) 2
(634.9693060078866,757.5394536849) 2
(604.7268370076407,996.6659287168925) 1
(155.11538563937876,504.29487435912813) 6
(376.61592638532994,570.9153010703852) 4
(730.4525216108394,156.59989463030655) 2
(214.99241297958994,87.74000350276667) 1
(398.608898961937,663.3644318191314) 2
(81.17940846701643,433.87045551263105) 1
(679.074311385377,249.23399280769033) 5
(678.9270592459928,757.2281579423553) 7
(586.041035571167,133.3428183298635) 8
(899.9392754558243,868.0134887297672) 10
(318.4887907012081,412.3675197891798) 2
(8.0964776836987,666.2864652751958) 9
(906.5064797558814,748.4900401788882) 2
(305.28930486911577,397.54407820287173) 3
(239.9188373411675,102.23256648489854) 9
(718.736743002866,542.3792356279957) 6
(973.9393111341725,254.65818170181674) 4
(852.0623444462184,476.28667348911824) 7
(409.15826580471594,363.7423095584313) 3
(107.71159208773484,884.0547280754444) 10
(216.9700913207986,827.7907808891574) 6
(346.5705510886552,110.75866682639068) 10
(718.2645916128351,764.1216245641477) 4
(657.1098445451142,37.04473660201402) 6
(473.7095842629173,42.96363360026179) 1
(304.46082042334456,258.054488663479) 10
(684.6352935098816,971.1511565177019) 3
(825.5523101708897,964.1667774057257) 3
(840.5822868358063,962.6343334937624) 10
(690.9885190734207,673.8946038664075) 1
(600.2366075298355,231.7866021930688) 1
(605.1446710033298,679.9940707707575) 6
(645.0678963848375,313.7790273769503) 9
(749.1535389234972,9.007191590699403) 8
(312.4602387436357,575.9053575178123) 4
(66.29606064735461,71.9807710482171) 2
(791.3836735247579,600.3621070058687) 4
(172.41236335728073,256.12619036798026) 8
(549.7609969792563,386.1371586870619) 7
(90.84993435370559,63.07072794393165) 2
(203.36934358336845,273.91512467378675) 1
(543.429776908069,528.9990579543008) 4
(61.80560551967395,42.862155680625904) 7
(296.23939386889606,882.0801765186227) 9
(60.54015492927767,201.11983910279142) 8
(902.1572288026609,898.2956190251316) 1
(672.1012362841466,905.9693835819683) 6
(964.6662726855299,339.10777505234546) 7
(402.685103117333,432.2960348149769) 6
(305.0780030884723,313.61238754330145) 5
(970.0798453384247,616.0649904559788) 8
(466.23200254108235,316.8711941934326) 10
(252.39698386670796,51.76138385640805) 4
(944.8039828521322,875.955036691367) 7
(617.1851000627671,756.4170528499538) 4
(161.87379996710817,758.5471100845231) 1
(868.0995948816249,828.7062621225924) 10
(818.2590256546404,46.53944323086967) 2
(11.4511294102978,835.4337284518568) 10
(432.508834137343,922.0179869959238) 5
(483.66512755231463,413.22511337626776) 9
(629.0866724990559,530.501145280212) 2
(324.48473352961616,732.9268611590511) 4
(198.10389727770362,842.1795323556211) 6
(580.7628551929387,273.06723256288126) 1
(558.2138833583124,739.4765469130542) 3
(102.37985013649053,526.2842185332996) 2
(882.1779060749934,177.55146507912377) 2
(820.2712904065208,274.6274668126513) 2
(796.7902970897777,371.84553449390734) 3
(737.1532425355655,867.6688704086876) 1
(293.38428141387,533.9271625741635) 8
(963.5043725103801,765.3558197664034) 6
(881.0645316629665,890.3497069215922) 6
(483.79968493798,953.9950757640725) 6
(800.447100074331,528.9847685254631) 7
(576.3432676835573,784.7345604377888) 2
(976.4516134163383,298.66885135699596) 2
(769.0233354757237,478.4470036740116) 3
(887.2687379203804,107.3423746845732) 1
(338.925663053434,301.5929380939991) 2
(856.2162854978542,917.3434156500571) 6
(178.59103794651588,986.3845959658478) 6
(131.97138043795263,813.9397386526681) 10
(707.3825978984344,214.77347215297203) 7
(4.078750672792064,533.507317481842) 1
(681.3648937022193,375.7372770522027) 7
(447.86251437814764,462.30947495737786) 5
(385.82538804239,265.9251256314777) 10
(472.0963032078898,996.6089529548447) 3
(579.7194830970706,546.720548704321) 10
(810.4541322173525,724.7045635560344) 1
(529.6565011905135,522.721414354231) 1
(109.20518864378481,760.9070179224144) 6
(379.84315145814196,2.7182442903666004) 2
(494.78185911924453,208.75418801065015) 7
(113.24460016958271,715.8126977149545) 10
(360.4454021115506,343.0089944078293) 4
(34.70743823737954,25.7702422803574) 1
(366.7255743201939,403.6833567150998) 1
(813.6654458333343,169.41089393799723) 1
(56.14242957697601,7.682088228420869) 5
(66.12204609140848,341.2087649851225) 5
(466.2184184349535,164.16595302814207) 3
(845.2724153316467,126.07079972303214) 7
(320.3901698539101,842.3229000492599) 4
(259.75230374107105,171.72575679493852) 7
(181.65350336365938,417.5706305654587) 9
(397.4788664285316,525.314887791386) 1
(420.463884551907,389.1728192639445) 8
(905.0761155389326,616.5340702887324) 10
(999.345474902263,534.666164596653) 7
(373.8247455866095,772.1301166383232) 2
(117.4460509666574,214.4710438182017) 1
(663.1238143143385,710.8969805518168) 2
(217.92482455126927,385.2219320349731) 7
(162.86136402232344,555.7723223361253) 6
(938.0482127635548,609.3049106434711) 1
(909.310230944524,381.8550481299312) 3
(624.5335740051019,866.4864955816427) 5
(191.91733938027545,484.488275737992) 2
(648.5707327716831,890.4275452869648) 5
(175.74719142793182,747.7720073665909) 3
(445.7940809136689,360.68250049423665) 10
(736.4627165066768,255.11457434909312) 8
(939.9521515960834,225.11775313742288) 6
(667.1967189033298,549.7361232747106) 7
(641.0553133534329,672.2634993050691) 8
(659.327743396826,844.1792498257397) 1
(415.44068194068785,244.32721748548337) 4
(599.3660774553153,777.266138721114) 6
(235.65720590478634,903.7483145530119) 1
(919.2930094610899,114.58835172971827) 1
(707.9632783175903,443.9301104904001) 3
(965.0407713356965,455.3504448710638) 7
(253.9193405822454,363.3520546744764) 3
(970.0154525801296,525.0778922025858) 8
(899.7160465079572,649.6345796413623) 5
(264.1145859411764,942.1340579437417) 10
(37.35437967910904,52.90561673789473) 8
(721.9546280631229,399.7566395556522) 9
(866.9845602491239,406.4028888590229) 10
(929.7402520014535,72.64237474561153) 8
(590.6851537663867,731.4219231465585) 10
(12.596652840208723,43.35088047732039) 5
(164.16343079598715,6.523327998701922) 3
(866.1532825824064,519.3176360579536) 7
(192.2309261113587,562.8045619479659) 6
(611.8749713545762,291.08357244035545) 6
(815.1024405519922,939.3928168328086) 1
(26.558183172026183,613.9118087022566) 7
(911.9232390590529,619.6924464428364) 2
(319.40773701157775,856.303219932903) 1
(566.560921014758,980.2888417606518) 9
(102.28966919214255,707.8892213325817) 9
(998.759659905511,254.21789633185665) 2
(656.8746772853212,483.40964141623147) 6
(154.28956274276618,701.2976478292107) 3
(423.26906319202186,687.5456737007918) 7
(782.1477432796635,586.5853655522641) 1
(578.1231209106423,156.3288894106256) 8
(228.64547120075795,783.0420074771711) 6
(781.3954081400655,476.5088292665476) 8
(285.36819031127646,889.0769097423877) 9
(184.15841023579938,614.3043779579748) 9
(685.976258309433,621.3885560042438) 10
(133.48912154442505,849.2812493752209) 8
(324.15880903810444,945.1366460543784) 10
(165.81642463114255,607.4248216168542) 2
(771.0199677239353,566.5530605975634) 7
(575.8518814568439,132.8147563458565) 5
(720.9842082973597,293.11252476849324) 1
(180.6582365414785,626.8478219814679) 3
(456.2911912096127,428.93274254884096) 5
(792.8875461217757,686.2221027310153) 2
(588.9630700040206,570.5240623670562) 6
(487.4569240904509,148.34788763855732) 7
(944.6318053895475,502.71433342551165) 2
(977.6484074233284,262.6933671156658) 3
(309.4074726414264,421.7536368646392) 8
(891.7374084162162,764.803060804302) 9
(98.05837544020812,678.9606946465289) 9
(127.31051402262806,76.93809991982225) 7
(504.6840354722334,796.6292087390337) 5
(749.2642386717228,149.24610306293008) 8
(403.9333790062594,934.0991972156199) 10
(318.6934720918381,903.7810682457641) 1
(373.376892829244,618.632421408444) 1
(231.87545953952394,212.9238435770532) 1
(417.104624150618,841.2982577806133) 6
(310.0869630789125,812.262807538551) 5
(674.3973900936778,355.4426107761842) 10
(258.09226314264436,162.56529971229517) 5
(771.2910230811866,277.308608206134) 6
(650.9494344229939,285.6578930324774) 9
(104.88605114080607,54.98297410054176) 5
(448.6196437766651,727.4624280721437) 8
(358.3815678239889,246.25303340262417) 4
(241.58452931170993,295.62893579934445) 2
(901.42706036172,861.4357827764144) 2
(218.13905821566914,573.7330867907383) 2
(819.3379730925391,916.600307894106) 5
(274.57204339636,130.45134837550643) 10
(397.0276513528752,256.0054792756636) 8
(279.898199824123,743.2728167993844) 5
(876.610473152922,537.5246714626808) 1
(323.5135700069596,108.66036212769059) 5
(768.6400295185017,852.3633338438075) 10
(385.0229405915169,959.5051592585635) 6
(929.589031336621,965.2820734828508) 8
(17.38258011330085,888.419388764458) 7
(587.5162561752703,407.83148225262534) 2
(165.40383360317801,955.1530127868565) 6
(770.5985794098482,933.8591564425751) 8
(357.3335517891338,618.5636497698912) 7
(90.19190895796847,597.097319295319) 1
(109.02834046180287,196.2543219113867) 6
(805.9116535720308,569.9285893544968) 9
(553.5266526584393,39.461600423858826) 1
(288.6255391491608,223.83724143156513) 5
(293.66379391713326,531.9863809952701) 10
(828.8891790241453,481.21610348984365) 6
(273.5981148436543,297.71857934349254) 4
(112.52026182370479,430.98199437262406) 10
(274.7355800246397,763.3404243257577) 2
(133.33087042768256,139.8957123290365) 8
(340.6898026538662,375.6349623316888) 3
(769.7540924127899,67.03873655421589) 6
(352.4069805103074,633.4822607273715) 8
(29.681644295958986,533.1051940995742) 5
(744.6634148077383,704.9317534528537) 9
(405.7540073990385,325.0642245030418) 5
(760.7308988263795,758.0732902986241) 2
(779.8902874061608,974.9646647944122) 8
(460.21177736588993,182.23504373493338) 7
(446.0608406330451,690.1526783654585) 10
(113.6210237611247,704.2810355486405) 5
(160.4582841652501,909.5827013114775) 1
(117.77935664956141,799.8340858547243) 7
(529.1926015677574,942.5744835764502) 7
(314.48000695033573,562.0844914453057) 7
(21.702861616438863,399.80319309584956) 3
(648.1775760459733,415.479971180697) 10
(664.2769266358072,392.5690021034697) 10
(349.3295366320501,600.4945258862118) 7
(594.4047968788411,527.9104996743654) 8
(985.0481740798476,979.4670964987971) 10
(616.8439128035102,793.0431136199585) 10
(321.4012861725042,764.7153378842962) 6
(884.6495766028748,380.9119533051262) 1
(662.0074800611569,335.7192401326741) 1
(402.70216056422106,341.1048391950754) 2
(315.0743534443109,155.83935496929124) 6
(56.6333710385738,356.8970507903417) 4
(664.7602352815868,139.6848345834747) 7
(877.9046712565024,446.72357732007475) 5
(389.2418694779013,565.9123980113621) 1
(795.2085838501698,626.8603846258649) 7
(308.0934467411736,433.2534524659943) 3
(960.6363290377408,612.8337402731065) 10
(853.4520989119138,916.0276938211542) 2
(634.9957521814389,388.6537801821641) 4
(452.22020614393057,10.225835365972657) 7
(763.3455646355371,212.2999363161081) 4
(818.4422133904426,4.161017715950233) 3
(408.40269421306806,245.41072365789086) 2
(467.7741670157293,190.59905762142236) 1
(267.2047323872895,595.4225887349334) 4
(477.18606363372794,819.0314077772504) 3
(85.63778303371517,904.9278178551563) 7
(211.68715257593817,572.0858905460858) 10
(594.4298909363895,18.10103153029874) 4
(738.470749822651,655.1063888184641) 3
(834.6785221288862,603.1491225530444) 8
(951.3319060992783,391.2017544894393) 10
(629.62471908972,171.52869095355848) 1
(989.519683974809,578.611770772209) 1
(721.6370305098152,341.53468319328937) 3
(293.66110204281136,685.7275225535311) 10
(950.903630980879,656.3694233459621) 10
(212.04987596585912,487.9986827503897) 3
(445.5341613781436,438.13184615996647) 1
(343.59905125917254,762.7235908782645) 8
(113.72508482756571,972.5161960431961) 1
(195.99896506577542,685.6649237716277) 8
(239.4151133523499,844.2676970279564) 3
(45.6627578369192,903.0091254652991) 10
(242.23352253645913,320.2270480164442) 5
(33.98847129168692,729.6462926628526) 10
(249.06528015810036,487.7089558631903) 8
(421.54330337641863,895.9982244449822) 10
(57.93179834674245,122.36820227159451) 2
(953.8562892421618,256.5334151583134) 8
(246.73311714876067,123.70855899611688) 6
(733.0057456160345,546.7436341626833) 4
(982.7890243249292,898.0305982403534) 6
(182.7708216467787,512.563730699269) 4
(117.92183024140768,55.860888500661176) 4
(2.050109759144103,934.977109481679) 7
(71.03486885335786,189.02306311590556) 7
(886.0693994583172,928.3469390550879) 5
(488.29590166229417,862.6341424321021) 7
(871.9179276232003,375.15471381112144) 4
(649.3001127937584,634.3409961457443) 4
(327.0551424598641,168.71105141870535) 7
(498.79493302095113,682.3878664017029) 9
(907.2069490140489,977.9473171187238) 3
(726.8114139106823,655.0227611706111) 2
(217.15500857080116,229.18691153023963) 8
(958.8888590245314,53.05013920724733) 9
(509.93957838385717,743.52668052716) 9
(878.9146561145594,668.4603144754067) 5
(338.7952108037432,664.2050777397358) 9
(184.66269172362772,639.7954492193802) 8
(559.6627805793421,930.6653292185397) 6
(203.97116682025873,108.04400339459063) 1
(308.2741234040073,452.222523115973) 2
(628.7825112771569,718.2488663109569) 4
(966.8664659092639,983.151784271492) 1
(549.7298498032515,932.2819654132765) 4
(351.7887318431775,70.17415389004799) 8
(334.01204339856315,658.3500039665062) 7
(867.2028181921218,200.7271920745032) 2
(805.0770801373305,401.893982987796) 4
(908.70549055422,293.29420625587653) 3
(292.3070174247557,846.3072165653098) 7
(799.5615633618542,588.6495651810346) 6
(509.3633740053007,705.9603106383818) 5
(511.2830150978316,750.7568702655064) 2
(310.6740621055286,940.0652500174042) 5
(140.6243005939719,444.44890202408084) 6
(879.830069393347,283.26854894536547) 8
(866.4831323983303,561.1316342416361) 3
(183.75050350348488,774.5351927600836) 7
(269.083895297885,892.1335804058409) 10
(731.4183073580704,795.9622683400495) 10
(174.1506495189803,840.634044570396) 3
(619.3900626912964,486.2178546533522) 3
(633.2376081582213,729.3528833112255) 10
(413.97492739612784,813.8431604837904) 9
(782.3819182289345,400.757425218769) 10
(435.2251956831622,111.12017483457548) 8
(911.3038686674258,823.0083234991577) 7
(195.7547519548558,287.1047870397685) 4
(34.33058150729384,208.16817432864408) 5
(314.84489672230444,505.13624097362674) 7
(728.7541884336578,612.1296876893186) 8
(85.6613494297903,541.6920047293893) 5
(286.27772824914774,719.0888340583991) 4
(924.5987477267364,958.6789755033561) 10
(11.604902066316814,395.7008206922242) 1
(274.0186773322445,332.7270010122743) 5
(573.6803602976295,901.7474736146603) 5
(914.9372245483146,842.9175511405532) 8
(847.3377118513141,122.90298541849576) 2
(491.9597445277051,818.6003099290072) 5
(152.23485585322516,717.0405561679902) 1
(0.05407468001650262,818.4926274725885) 8
(664.1456815990399,890.189153568881) 7
(11.767511596133872,786.0153897467686) 2
(392.91415692504825,237.95187980323595) 1
(57.30870487144879,215.696221945619) 5
(407.64368759034755,337.6373632724302) 3
(718.0040262038988,401.9376667580774) 6
(925.3314816061924,183.4695429631047) 2
(453.7065699771247,915.9004510516786) 2
(533.9602223960575,350.10125045200436) 2
(926.215373442022,948.9947787902875) 10
(755.9397747278174,21.868068625189974) 8
(142.9513513077617,461.063399758232) 2
(999.2529821587009,940.8711664242791) 4
(349.0451890279018,401.2487932047696) 6
(367.92245508657174,495.7781287961254) 7
(821.0770328764687,605.2335025684085) 1
(238.06254444474084,725.1195998667596) 6
(879.8824822290342,265.8316963889139) 8
(424.53143016267546,672.6236435711693) 10
(780.372519026352,479.96783386488886) 8
(621.7901304189068,247.84943287073747) 2
(18.42878429546935,665.0378595821228) 5
(727.494236327977,173.7111495176573) 10
(400.308691393464,509.3416779122316) 5
(586.6490339384869,725.0386615819734) 3
(391.192858178817,193.9386115513766) 1
(431.3333217944736,451.7159897673012) 10
(324.18338230823804,589.9831026792795) 3
(988.2629105808655,535.0368988538368) 6
(276.7393976120065,272.9608926664685) 1
(398.1399957305335,718.6720626413739) 8
(819.2651214736546,606.9042161029773) 9
(444.9230612002283,361.93617218141935) 7
(634.2828531087505,642.3378624936458) 1
(588.2917502334437,484.78591395977077) 5
(302.52454016821184,371.76412175540486) 3
(638.8696684414125,285.40024425879153) 7
(650.9136958413571,266.19461887534777) 1
(757.2724408463762,970.4665374433847) 10
(124.28371323316124,871.1263700506053) 10
(753.9356674031384,988.2414456421202) 1
(646.5050918115335,853.6625182246486) 2
(851.8399313880167,890.1465375621658) 7
(750.1512319645663,598.9039150131747) 6
(286.7943434163439,558.741085858832) 7
(206.05067695879552,282.83166361094345) 5
(289.3069127437294,143.79452577283368) 8
(501.2060467657449,359.46352000794514) 5
(506.42156920179,591.4248168558265) 2
(223.52168779864502,323.0036745608956) 4
(911.2823027409512,61.51822940525087) 2
(964.9887669684359,627.8776626174098) 1
(835.3246653410603,45.32405195321931) 4
(722.4905937786243,934.9424045720691) 5
(224.73827084435115,648.1839267199053) 4
(420.2500498461381,866.3315305414849) 10
(507.78059157415703,864.0528830183325) 9
(412.64141635459885,462.9494831448435) 2
(307.200685038558,692.1440602471567) 10
(171.6577642222369,338.3365202899381) 7
(421.9465240839324,327.88746153316396) 9
(346.8380792342183,169.06923795338446) 9
(597.1608230402251,276.81763927048695) 7
(328.1214612145685,295.2800998020325) 4
(761.5929140280919,496.8467329547926) 4
(861.087215030635,263.76225513964937) 3
(72.9171951262858,542.434585564774) 10
(235.1627386293037,831.7449437663419) 8
(408.50347713370974,207.69860834851394) 5
(197.73813040928033,908.6581146989292) 8
(739.4913590838175,32.21601578169131) 4
(39.291957568816535,221.67426144405232) 8
(868.8085893902286,305.79089797827754) 6
(742.4200135813471,799.8668137090065) 5
(690.5823950762352,99.23705479471701) 2
(58.441075541003414,28.06038124466703) 6
(478.8298649637569,543.949324334359) 3
