1000 1000
10
(0,0)
23 80
500
(120.96443778299847,646.4867022618012) 2
(322.03136687371403,268.1085437727182) 5
(630.215632698999,699.8834036400311) 2
(558.5879393230629,790.8915150744649) 7
(894.1734168785865,692.250853059493) 7
(316.2752431625765,437.96077865618423) 6
(443.08986455666223,768.1516004636103) 6
(785.5493004530682,351.7060501244178) 4
(667.4103586759372,237.92271192198498) 10
(274.5341104995338,909.5661372698528) 2
(379.53639081889145,879.5259041191733) 4
(493.8766071116968,652.5268458197874) 2
(269.89643569112576,97.79997860825351) 5
(325.4523829898155,213.98413057617373) 6
(53.45532080014293,19.61819924471586) 8
(964.5942497526436,388.0894613069137) 5
(744.706994260101,378.86457129949105) 7
(495.2583426719721,114.80636604592532) 7
(652.5193450582378,985.4490407584042) 1
(107.480797821366,111.56477987447144) 4
(784.0862363849203,334.11227568758096) 3
(587.4877425730393,358.42921609249555) 2
(167.56024691983075,149.11759893353226) 4
(623.084033249603,666.2221845597118) 9
(697.6464832968095,963.8945989289433) 10
(205.4709022557384,823.1920059963244) 2
(645.0680671174674,934.8982876688578) 6
(935.5225010566521,24.463683016851757) 3
(411.7521089210876,925.4613935436341) 1
(311.80861960659735,813.8054736840123) 1
(845.4595422375725,965.0302588550904) 6
(791.179670526939,98.68325566007474) 3
(839.3615217569984,819.0605339552955) 3
(637.5900396359073,626.9660659770843) 4
(707.5708283453822,405.72755230623414) 4
(507.5941242561998,514.6187813604189) 9
(622.4899723363177,150.1890416670777) 5
(285.29073758745983,59.086645034326594) 2
(951.5060221456561,386.3117149187199) 5
(984.696763009075,915.6326012503338) 7
(477.37720206283706,241.6345242179554) 1
(104.6170231838015,395.56455042235217) 5
(869.2006943875716,666.5461911409967) 7
(858.4001151256907,272.84527038125617) 9
(845.6587280890129,971.6542760313445) 2
(74.77033821140967,908.5518914320509) 4
(926.7441360297386,990.2636145534898) 3
(156.3262658327975,475.6906718578685) 6
(491.618284395521,462.78380628279245) 2
(126.17153921421709,930.8050303330663) 7
(752.6464344811947,903.5872704016786) 1
(326.45512487858883,981.7454126191587) 4
(297.09503613474794,58.71888697557115) 3
(113.28006296811589,203.57945540266564) 10
(686.066411738851,997.6902087445889) 7
(538.9517792273263,134.87300529189784) 3
(952.0715592361071,666.0252604296699) 9
(44.53959982162492,238.50972119560475) 10
(49.63505821978531,468.0525157552068) 5
(984.6750883161424,976.088007262961) 5
(843.4000970711575,597.8581605098967) 2
(833.4772014071623,950.5173768160511) 8
(680.9322633543431,845.90404568029) 8
(770.5228157374047,574.9404468613399) 8
(623.3935356283632,201.3636435837124) 3
(330.90978791093283,233.02748851018595) 8
(328.2740005733089,36.400201499613985) 2
(4.791864541545121,287.04816205907025) 1
(317.3865299958393,777.9438738956868) 6
(656.4868480345779,920.7011630134772) 1
(358.62991647810685,484.91953180168343) 4
(106.38042223961986,701.5992989061662) 10
(599.9740354846431,533.3459800151604) 5
(646.3107556659705,684.8407861813436) 10
(844.3070066402347,379.5891161844103) 2
(824.9920757259987,633.8062678270082) 8
(439.9332549716184,854.333243106126) 1
(907.233651936592,120.62044104500724) 10
(229.3148041212264,822.8676452396837) 2
(368.65157890849554,659.2943370351439) 5
(545.1180214881597,644.6992615194117) 10
(141.35017480408473,999.0035652092683) 2
(593.5159471971124,304.00353640718225) 9
(480.08343446821254,933.3511916627261) 3
(170.98910524900822,990.7524972154438) 3
(759.3347477240634,994.3288492104848) 2
(112.08416809388078,339.8179944966512) 4
(308.7169093915302,229.80770632916025) 10
(930.112521706562,973.2435723965219) 5
(703.286723219586,96.64064900943914) 5
(950.1251785249322,645.5375269662023) 10
(805.986855104577,415.34670997978674) 5
(631.2462676854362,780.9528231978825) 9
(604.775032463826,950.6762762723846) 4
(784.635032880958,862.6282704629288) 7
(736.2970534215624,241.72436172268152) 10
(130.99291398657454,133.41613527437758) 1
(973.900518252804,300.73478148417365) 3
(987.6907667723706,590.1444086101346) 2
(643.5753900435163,966.2168817480857) 8
(93.98864299697796,10.105424862135614) 7
(615.8436985530878,529.041481091603) 7
(61.600086362572526,56.196835707204905) 6
(98.57830419211955,187.35525581132308) 9
(810.4043325294506,792.0155766741087) 10
(265.5190256862567,976.118730545712) 7
(162.11479318965982,270.2326834384843) 2
(299.53308902930775,701.398733407414) 10
(911.356105050565,10.681269443616026) 3
(845.4503513673817,506.2105972795382) 8
(695.7815614603212,787.0807023677094) 10
(616.8515985104467,982.2015804592024) 2
(176.29504808616326,479.55494385012554) 7
(599.6505455205413,859.2544184673151) 5
(323.4700698217121,853.5355158378082) 2
(180.84678150335765,469.5406722525638) 6
(557.1073272292813,876.732993993723) 4
(527.869360858589,181.66177937928686) 6
(639.5139685673408,589.5484144829273) 9
(778.679881457989,994.506601786748) 5
(29.49136875286129,652.7973182751282) 4
(655.4710820528553,858.1156622527394) 8
(787.9061990284878,551.9614063555445) 6
(509.90692183986795,480.6243154853369) 7
(963.2520396105784,816.8186265088103) 8
(22.82641339852698,283.65738199820635) 9
(23.444195935697465,66.61234963678919) 5
(600.9892163079209,399.53200994168634) 3
(444.02070495533485,455.7841415179368) 4
(684.9141844251828,828.0850286468951) 5
(792.3730033824173,717.6447645555997) 1
(841.0570031840657,675.9296762270237) 1
(512.3390204486998,922.1268659602533) 4
(396.3843884685876,355.879394859294) 6
(120.40523701081662,736.2431880987494) 5
(197.67797100783758,623.6580344870027) 8
(561.4985874083108,897.9931057367476) 8
(339.9223280071173,902.4087481463367) 1
(741.6499118665735,695.5540240487674) 7
(97.41935068663243,780.8348207650484) 1
(242.94492785953094,409.77253260591806) 8
(273.81780028897987,831.6493894460954) 6
(865.222253085319,457.4078906377101) 2
(675.197624642305,132.20761361029787) 3
(472.4814284754918,514.2001294142286) 2
(90.79787446346177,9.885811121980726) 4
(5.082401728700892,188.79298802044542) 4
(814.2461775201388,311.7275313200145) 9
(72.6198230576799,418.7882304070011) 4
(585.1113431040809,152.40401221702504) 9
(219.12729497006134,450.9260284947961) 2
(602.3998799294318,738.2591928215159) 2
(233.36712728869813,931.963315154388) 2
(925.1060914251663,375.2346280675096) 4
(830.7805400306477,743.204430839405) 10
(34.314211098930954,870.3799686495685) 2
(986.322113561976,52.01906518156407) 9
(88.93173788593522,589.7872611036904) 5
(428.4826325665551,437.25550395395794) 5
(5.9933305711522555,594.639459722805) 2
(507.4380792275218,937.6151817812355) 1
(300.0865069104207,820.8203201826498) 1
(624.9220735371438,43.584411490367295) 10
(684.9785702669891,156.11615943871615) 1
(338.43682554854416,257.69208726650805) 9
(24.517515299522287,527.921313744289) 1
(372.550044489423,784.561900117147) 6
(776.2518465316625,933.5423284466419) 10
(654.5939534404985,203.6490199888008) 10
(651.464633326198,653.0980100435694) 3
(282.34023697492916,494.181493572729) 6
(330.8254506437606,619.9130903183932) 4
(77.60751363737373,789.6655350649066) 9
(143.96299098447352,329.0461330205148) 9
(923.3373933584908,895.909447553777) 10
(831.5934766588813,209.70794779539892) 5
(826.7069113253323,666.773010011205) 7
(546.6684552390835,134.08122811980593) 2
(169.3163514482381,387.0454932136698) 2
(787.7923963183256,291.6712551067798) 8
(389.22430587432245,725.1577567469211) 4
(437.43370894738774,735.344244436642) 1
(283.75472625940233,924.0718626039618) 7
(657.2820735181645,233.2986273774158) 2
(286.90603291816353,393.41637410681994) 7
(573.1984562999519,216.98228975240352) 4
(589.3254741998012,487.21033778604397) 4
(238.43424390497924,966.7675737570489) 1
(587.4275897489463,55.10617628165371) 1
(755.9113276841194,598.0098218806962) 9
(126.11139969686414,954.8465085060583) 4
(379.998103587866,201.5222679261146) 3
(912.779251046974,943.2605823251367) 4
(116.8643506931607,502.3098541221316) 5
(383.7079694573826,773.1318036250071) 7
(327.4498308906193,263.17583472861725) 6
(45.57179372404485,415.32771066653174) 2
(281.49209107628093,721.420131185605) 10
(277.2455280639904,84.02677968810002) 3
(647.1322169072228,461.80962383209965) 10
(658.4938463103351,907.6080555186777) 3
(147.03821595657163,603.6349510181477) 3
(981.8971163293027,479.60370414762053) 6
(919.8795584843838,95.47793034875774) 7
(8.638922565288421,441.7651828409913) 1
(293.8404821228201,722.2833064940054) 7
(483.3651001805412,138.13862550410383) 7
(112.32499143783659,229.84517582122345) 6
(481.0779699428476,743.8051595955136) 5
(154.31488838436104,254.41432022156064) 6
(194.6409099601012,703.5833077457554) 3
(113.67240572875004,704.701540987874) 7
(348.77038794159654,497.9679611805148) 10
(681.6379242058383,606.3740725927443) 10
(242.86520226302488,903.6175728464603) 5
(246.9406430508585,10.011128975900284) 9
(713.1634915751151,509.03323899352296) 10
(435.99798991130734,720.2942351307661) 8
(365.6706206480702,804.6659406904098) 3
(2.2407658422018972,63.30362611412688) 1
(249.86913755592988,498.39676535227517) 1
(967.540473607291,86.33907769592297) 9
(934.4026196407453,358.7050190784005) 10
(697.8437841554957,643.7921501667996) 10
(615.4497668575772,795.1207760574912) 7
(813.3373844990314,27.85884579983533) 1
(24.87494594053019,7.819522216214736) 4
(868.4966997485902,704.7456784473006) 8
(110.01196812399039,829.5220403033815) 10
(2.4472173022985766,359.32159881918034) 2
(608.2787872414682,82.55630610309561) 8
(621.5431978270257,881.5425367761545) 4
(472.15865129657664,68.99011514165166) 10
(262.3151875339913,599.8414822175304) 5
(840.0473487265212,824.8543319558156) 9
(75.99156067417479,38.37764588414616) 3
(227.00404290903398,4.041805130142628) 7
(719.9313273672576,79.0242025192166) 9
(132.6192035700694,904.9240095266904) 9
(924.9743659575498,968.8816755440099) 10
(92.05203076771306,758.0054266524992) 2
(403.62647588185786,177.50475955397482) 10
(589.722232249633,332.251922946465) 8
(373.83341119572776,506.05977912260437) 8
(646.7487487348614,996.3064861442497) 8
(140.9935000729705,243.4051084331118) 4
(32.75809472396052,864.3399898630477) 10
(203.66262375132882,762.5685052684195) 2
(546.3497716325667,503.5826155224149) 5
(89.09354238391887,290.5768464674644) 5
(539.8371348946282,714.307341364133) 1
(493.8888164489503,645.1100012048198) 8
(897.8525927535719,321.41589217532106) 1
(478.9366381084991,679.025750212456) 2
(387.8958855467167,319.88795780794055) 10
(391.2293352960704,949.4670229886455) 1
(739.482250628596,839.4677973706453) 9
(118.91292387868579,216.0874180149237) 9
(917.0067024876757,52.73149790239551) 4
(572.6678386729442,726.9973777270003) 1
(22.805124385261387,239.72581457663966) 8
(378.4633640720933,727.1291696462313) 1
(483.05204935081105,423.3066022540205) 9
(539.0838479666521,522.1726033647774) 4
(888.614914045466,631.1157480309718) 2
(459.2517265557787,342.4325853451418) 4
(470.47636343581576,364.9234734535175) 7
(435.5943254529674,824.4185273907815) 5
(279.1805484915254,361.61740464088234) 10
(792.1453449023588,816.7298304556193) 10
(403.62733557985666,635.5733845826506) 5
(117.22656430119261,262.60678848826313) 2
(346.65814444917953,979.8370456475851) 5
(560.7734165491661,423.29263428252574) 6
(727.2789548817722,443.9521602402257) 3
(306.2686999956044,450.96887145367424) 2
(564.9088978778143,511.7171679206811) 2
(504.773129770023,809.9139344621291) 2
(927.1198567836223,558.9393038000719) 2
(992.7366595440725,227.5644313063776) 8
(962.8667374103201,995.5986455651164) 7
(749.9275366196143,629.6292751432567) 10
(816.1315133600468,25.465953950094324) 4
(294.0862273557937,333.13557555882323) 3
(492.922027758416,152.83707493257427) 8
(976.7243064066388,429.0461843930208) 6
(896.9830243074011,457.0607148506025) 5
(89.64636125935654,564.9728499270233) 8
(174.4683250864768,521.2503242752946) 9
(638.8492421804651,14.834982399206776) 2
(596.4244399761666,681.1781160926994) 4
(335.76987789698256,764.7702707475718) 1
(365.85604297079544,81.71168470176693) 10
(582.8931768956522,193.78918514832077) 2
(889.3433995319652,896.5251852094814) 10
(660.0179129832457,224.17241710798262) 3
(745.6147315785114,764.1978163839431) 10
(196.1262703044889,255.60858370046003) 7
(406.8593674948984,230.29804309470504) 5
(678.2253886780243,355.54193385442113) 9
(586.184905985018,236.9073228729769) 7
(476.31222562108877,240.1406889478871) 7
(318.85201358755376,393.8991400759142) 3
(948.8363287400193,302.5485674745999) 5
(370.5160695267955,950.5316263825258) 5
(885.5221749525734,430.05559391974344) 8
(467.8513589475939,487.76468340255906) 9
(172.01803192387555,115.3201426300795) 5
(474.8100631395262,959.378912417272) 3
(941.972311848878,749.5317863416492) 6
(109.9597738848579,915.6424644872254) 2
(917.8321086159157,992.7981832776549) 5
(54.31371046838074,744.9190916781639) 5
(757.5709602722274,261.20079094842276) 3
(52.937734504906686,719.6365660273772) 10
(24.411489896811077,715.1088963051868) 7
(167.27131589011955,380.45162662947376) 10
(64.4207101892863,408.12619047801377) 9
(484.033630558959,682.601843381916) 6
(989.2935470189534,478.66444142588335) 4
(596.1228442678566,336.3821238453034) 9
(112.44180238011758,847.5054799562706) 7
(411.5648633977621,186.07427071260196) 2
(901.1744253534603,289.25493864393604) 1
(25.286140181631332,406.549187407098) 8
(545.416086249497,433.6397981586558) 3
(927.6396043569188,734.3849970685449) 10
(736.8272481652026,236.62036741981674) 10
(822.9131594600392,106.12588134717471) 6
(525.7609756381737,671.2277107360777) 4
(334.0704101468168,538.0444261035802) 4
(945.0919782479564,552.5673998952382) 9
(771.6452671914487,342.2159025043601) 10
(172.99583046758448,140.910947139514) 9
(996.2608294663705,533.6980072599534) 8
(755.0481862185386,59.14077967497278) 7
(59.75705428688516,668.182677818811) 5
(877.1011163981634,880.5709824564804) 2
(953.8284560140629,426.5647920004003) 1
(49.21524260791477,891.6921480593421) 2
(657.7534785009472,674.1818623196878) 10
(357.2459789423753,692.7504557935512) 9
(997.5519737105037,632.3430086881945) 1
(210.1026541301494,172.83039509416375) 6
(565.5896252522729,522.4251365106974) 8
(222.6805221816488,303.85891687521985) 5
(571.7659082736143,697.2961630659318) 9
(404.61128688286465,852.3658332752706) 8
(881.1264076784745,559.5734608139588) 8
(222.9704775343707,658.7584023920219) 6
(888.5782503941929,314.67963212730734) 9
(776.9539796493473,564.1057524855081) 3
(891.5313912124474,271.25409632297794) 8
(42.45713837103171,103.73454583418895) 2
(569.272047754887,6.794198549808339) 4
(821.8401575937448,397.4215828246806) 9
(518.914926968311,949.8009848900647) 1
(337.2111823439804,354.25051487466095) 3
(596.6241785310547,94.01855923760493) 9
(903.0497760403172,713.9415662838306) 10
(896.0663378651807,688.9596615771004) 1
(400.00658903917054,75.78498107064979) 7
(469.7672145594024,301.04027663105757) 6
(807.3942283539938,540.3264486085527) 2
(778.2634167086541,238.47968040106628) 6
(583.2652509937236,862.651359392111) 7
(677.2894158385387,414.03788034722555) 9
(483.9516385294521,192.36768146953054) 10
(204.43494976712662,173.30131911658253) 3
(590.8465092795043,197.19144303938506) 8
(447.70711593022514,311.65279273797455) 9
(670.7628197393713,134.19023360814754) 4
(745.4566316852587,109.9372408078586) 4
(312.15257139357135,954.2773854908274) 8
(589.9356841466517,6.851822645292938) 1
(839.1591422688938,515.4165318489798) 7
(277.24755103905864,1.7200796399885476) 9
(83.97706460257481,329.87699619194143) 6
(885.1463406478373,949.9701693755395) 4
(181.11551169128992,141.2428617482788) 9
(330.0365165113737,822.503023866643) 5
(339.17611296607265,404.6127473177442) 2
(728.5267773934559,524.3442717076622) 9
(811.0333133790851,891.9220824734326) 7
(970.9128767528562,925.0620279324366) 1
(72.9462987671331,319.0530892130159) 6
(394.42097914937193,857.6506544478334) 5
(951.6571528113973,517.1542599762862) 2
(600.9527808995845,318.59100560133015) 4
(310.6930453830229,769.680711283725) 1
(181.19611031616122,767.8513235137139) 1
(539.7439214439055,686.001619962897) 7
(478.51681597541074,961.0867184719771) 6
(202.71785832860334,65.76106049414187) 6
(920.8492698081286,204.8345101717385) 9
(333.29474773286796,170.41995631479446) 10
(5.811560510255442,375.76321238337397) 7
(870.7604309089782,557.4402385730598) 5
(712.5727396068324,290.0576883034267) 1
(148.84310155045122,764.054456748593) 10
(91.6580026668552,429.94652239123945) 7
(921.1594357289913,316.60382776982044) 1
(696.3786938952649,376.017092666514) 5
(563.3740398174203,56.617594255574886) 6
(453.57356127292223,128.8637140345118) 4
(904.1075107514557,954.8409055516746) 1
(632.453614006139,359.83857282926004) 4
(104.84381221627126,563.3298189451383) 2
(994.7245854148531,405.09652806647813) 8
(543.641938613021,376.5167678243736) 9
(200.239190591329,100.92246985776487) 2
(459.79898741926974,94.88819274414351) 1
(781.9998551166562,178.38192975546775) 6
(606.973673523703,952.9363846675852) 8
(873.1645794420899,252.31645327112673) 6
(98.82284038052592,950.7871226779322) 2
(547.9022331705579,916.7807555749397) 4
(548.9845675240842,156.75619416714758) 1
(133.60771880127132,729.1911466294472) 4
(185.7552917495018,542.9777624012471) 3
(368.48721411479124,616.7323012784294) 1
(491.6993636653743,570.8996280666173) 2
(120.68399258392115,882.8570237325143) 2
(178.5251599421055,202.81135012739736) 6
(53.473113556073315,382.5049164644577) 7
(923.473719019184,786.8585071035992) 10
(964.5274273524152,75.35372571968524) 7
(501.5374320665085,176.80250043209676) 6
(697.2606044956119,124.05052075906953) 5
(524.9502099197405,378.33412990453786) 10
(617.4820492784334,308.25983838149284) 1
(698.6297035828761,302.7661845876721) 5
(579.5530172483645,596.6525364166795) 6
(300.31754924298883,761.941637019828) 6
(560.2510420643802,839.3403967220647) 10
(34.8575761212736,781.8956838832946) 7
(85.24812213722622,6.172256202222948) 2
(209.41497141324072,244.65457769691812) 6
(375.18649146488616,417.6833580726267) 2
(268.62256938025786,688.8168874631695) 4
(695.3756880913811,266.81475193366975) 6
(57.43026043519639,949.8303143975678) 10
(469.49613897935114,974.3635319597436) 3
(858.6422402928088,822.4022612704929) 4
(75.6111754291896,506.50577368533914) 8
(331.0664363215544,612.783789086996) 4
(435.00819965895465,868.4241326301917) 6
(51.82558484907496,524.8705464377932) 1
(820.8022748804945,322.313958013256) 5
(954.1690800328652,577.6974081892723) 3
(852.9928725784808,536.9480561244088) 8
(747.9614968118552,299.3319522779032) 9
(644.3074624078138,550.2786116900616) 2
(386.29783179168044,177.95857148465822) 1
(869.6840386354535,557.1737013335598) 3
(856.8815248195065,261.1046061824447) 9
(627.9578099749608,30.914266934191193) 2
(248.02728636919568,334.54973792076413) 3
(626.1871162538387,106.50734303427834) 7
(756.6124258075774,281.8853228209527) 9
(125.43123039808401,165.17204406289588) 1
(165.72176037741139,977.5121483012141) 5
(411.10218219869756,174.28023965103378) 2
(382.0762029154012,665.3772963152892) 4
(348.3049961663103,792.0996815402945) 3
(656.7949029801277,25.345270143773078) 6
(356.7289900105437,198.74324815158252) 6
(346.41438598452555,168.3807845065255) 3
(825.0655258684147,868.0659551662719) 3
(277.6357237651715,506.91783897798103) 1
(615.3837191867156,736.0152016963409) 4
(53.190713725624896,132.37222081474133) 9
(828.5045255994416,4.9921215349213455) 2
(70.8382111251894,491.9785416749678) 7
(806.8653051381045,857.476759371464) 1
(171.62571523005175,962.7142389364307) 10
(106.77617363526093,52.61935888948233) 6
(647.040608494884,315.38660702666556) 9
(568.8040664877559,239.85933151224458) 9
(103.15282828302219,686.3189909406927) 2
(287.8378781284756,871.5344133050612) 1
(385.3420632355247,246.70935977932828) 5
(911.3298021618384,444.84991234365015) 7
(663.2804816423236,518.4644969694456) 5
(933.7031608764996,25.19323338509194) 9
(358.45246914471693,134.05046498679718) 1
(106.7469027539435,236.4533429961859) 1
(622.7499874721433,129.04690103130824) 6
(841.7482730791185,44.98449420913519) 4
(191.61846091682145,0.15456595108342963) 8
(684.3384914089095,840.7369611317379) 9
(924.5387710668574,610.2440080554131) 10
(154.34555027899887,895.2793684447771) 5
(781.1794797555275,531.4700390244316) 5
(38.269560835514916,941.5735213663954) 7
(615.5833973399756,35.28876449185614) 10
(24.48122458698865,667.9644161091727) 2
(695.9047686322089,339.69527706985815) 8
(539.6229019681982,622.6266827348242) 6
(518.9035454079711,763.5842059093368) 9
