1000 1000
10
(0,0)
23 80
550
(589.0400934292741,503.13580979116466) 9
(367.5226431390968,608.5255765453642) 1
(83.09541260413933,480.4197164885892) 10
(817.2774973512352,815.0923802688999) 3
(802.4390712869778,166.48245521841588) 8
(491.13272818670595,249.06453576976196) 4
(976.4843945027689,920.1837219574479) 9
(346.6692276382539,676.1235608524246) 9
(441.048475947698,529.4866663661048) 5
(211.8036150870507,317.437716021806) 10
(234.3725942203776,516.7096228988693) 6
(780.4602925093785,327.38542848276586) 1
(818.1529242098222,90.71881393198733) 10
(605.7455759959546,336.45672813379036) 8
(111.98973819950109,810.5413317665138) 9
(794.2345175252805,776.8288421007809) 8
(813.8773109406551,608.6815131308645) 3
(842.0235724118285,95.1872772567225) 10
(520.0313832420136,690.743620874377) 1
(181.23217381176238,895.5552042844051) 8
(483.9496957574071,371.7646466992752) 3
(177.4229403348093,7.029210017620691) 5
(868.5909947785702,981.5459850898244) 10
(841.9674390836394,443.4966174099233) 3
(749.729469626444,438.8654347037969) 2
(537.1756811324556,455.15440990807264) 6
(457.9922735296557,846.5928549988871) 3
(330.93708605037955,516.4364066974181) 7
(680.9465352215086,918.2492131656674) 3
(699.8990125058434,646.7344861341518) 1
(31.623370909047765,858.8754701104112) 10
(703.1446158719789,875.909921134614) 10
(139.87098377401998,198.84250487316012) 3
(613.4534516022602,34.97122836595368) 9
(160.7900237883373,137.09852811863243) 1
(400.9526681334837,368.7178337443746) 2
(532.941558478954,228.4058241626985) 4
(938.6357529110988,396.2524619488085) 1
(122.60061438543379,367.24138151181774) 6
(465.28553790931903,407.6286633354279) 5
(604.48642142686,311.73968342611226) 2
(694.1519093826251,837.8340957480533) 7
(906.5859280642629,980.3380604629831) 4
(312.1098255494277,260.19474127526973) 6
(456.1750091697211,506.6923286608932) 4
(450.4256666606158,822.3499739423044) 1
(968.1835583335956,343.0239596986504) 9
(462.1851382300364,254.18294420553255) 5
(958.3775441631842,418.8002604432416) 7
(750.9245840354585,745.9548639334232) 8
(527.4339737881876,636.745533029724) 9
(708.3544571523815,594.0600071116036) 4
(846.7047632364796,18.12585529596811) 9
(538.7182632198671,226.44813661291073) 1
(669.8541364639358,549.3364764937363) 5
(637.1167918280723,958.6835213763177) 9
(724.8260174505285,766.1467156475613) 3
(588.0477487636995,120.28920802100573) 3
(103.11800285097206,187.60072201281318) 3
(2.439100604006317,587.1325689496324) 5
(319.9982833842102,988.1449840704539) 4
(653.0803828874168,45.59096184923461) 5
(237.5760035533613,973.0267388678944) 2
(830.2355056998684,639.2374085372724) 8
(71.51159768137549,550.2489949074105) 9
(711.1296556692694,132.5234483699479) 6
(504.25432307131325,996.388085627418) 4
(274.0031633771109,328.69739555084385) 8
(505.08571838925275,817.5066898383158) 2
(837.9815755640382,185.77957753520525) 1
(572.0363325119447,601.1937592944206) 6
(193.64176538587586,84.94814708583797) 8
(608.104724775455,812.2185312690038) 8
(290.0450644643903,820.7938064838994) 4
(366.25912398375937,859.2300668535692) 2
(522.3706367012986,296.65740361949156) 1
(289.13600447401654,497.20717771850997) 1
(58.6142624419278,141.25816068304263) 2
(263.9702615350823,606.303667070057) 7
(518.3607012646802,393.02333091626673) 2
(824.8072694308237,388.16267281887986) 10
(230.0047440771902,65.01316127059754) 4
(977.5359409479004,843.0319911654755) 5
(84.44717018283876,602.151691932582) 8
(68.23895344453368,825.402498754413) 5
(259.209108525296,358.9217968537859) 4
(863.5685741537148,541.6048150693722) 3
(89.14919068070759,43.79081651323047) 10
(948.969809402661,576.6027540475662) 4
(433.65949935831105,523.6491840311123) 9
(873.9416934062264,326.4123760914582) 4
(504.6069791624045,158.4379272671379) 1
(245.4649048390565,542.6839797652743) 5
(180.23938881416967,360.5908124281377) 2
(95.5595733705994,112.24674154961446) 6
(30.520678919192747,686.1802694228475) 6
(287.4600714205111,699.7871501282926) 4
(518.0526815098166,504.9187376885964) 7
(279.28686407921543,87.65292873962049) 9
(769.2382499514353,226.87490617874462) 10
(539.5182029953346,253.34445699442) 4
(930.0096518878494,546.0819131978902) 7
(609.81088673024,615.8241511571209) 9
(673.9857316284916,516.8084089918488) 10
(569.610559004875,601.7888235285402) 1
(678.6433566297881,607.2855722403087) 3
(646.9716759884318,39.46941781294655) 5
(342.59020823697637,240.4242000358221) 4
(901.7012537143186,585.8870082430578) 8
(488.52864510596606,180.28692001409186) 1
(918.0124923544296,994.8166635418062) 6
(970.4413478296171,668.6789948727655) 6
(77.73038254051701,742.1229432249786) 7
(750.8115643772214,762.508986312031) 4
(965.7650596557786,894.6458797116201) 10
(302.82122699674665,53.02562330473892) 2
(775.4444874199738,243.2360743689489) 5
(745.2014756965422,65.11992001875045) 8
(528.3738288684981,820.5485739507733) 10
(809.0684567552344,565.9758314739106) 7
(378.5760583157417,769.5290238213382) 4
(180.00393174847352,162.53971581503924) 2
(636.5684429050975,485.89226761845794) 5
(646.9686795761716,416.77089503763295) 5
(735.3740758058095,564.1955775060593) 1
(200.95736843492352,951.6476840453921) 1
(815.9885546769864,960.3856107050902) 9
(474.8800755513659,382.7305457933826) 3
(863.8543908076323,847.6653371839914) 8
(300.5123892486762,75.58998934606198) 3
(544.9664123103827,386.72904811847985) 9
(857.0487923619924,155.17109248620508) 4
(375.92492404401656,315.35896325796244) 8
(750.2962874180512,960.8922230364409) 7
(916.2937160386934,829.4158740981497) 5
(793.452495591459,767.4088072566763) 10
(889.1787456765395,750.8551501642221) 6
(550.5144363870959,840.5050023660766) 2
(37.11357977786267,26.753451582982144) 1
(298.71829027882177,270.4807808541271) 9
(908.6829082009725,533.5116425872858) 2
(104.60002813097947,329.6075933407209) 1
(93.5175605593278,568.5274462916058) 9
(741.8155474536021,947.0464753866412) 5
(630.140922916557,347.77683328636124) 7
(175.76990877474762,391.9246035506598) 1
(629.3989192553083,759.6692483302793) 10
(941.9166573807076,379.97560861259495) 2
(35.67966369025033,283.0673193810195) 10
(853.2621998694482,510.02231787431253) 6
(624.6865046983122,4.728989742457279) 6
(134.75310806860043,663.8587265104417) 6
(139.7140185268263,16.93470589094659) 1
(315.40868611961326,925.3785448597422) 7
(126.68477458941274,241.94877425874827) 4
(335.9031945622062,117.61491493383647) 9
(726.4483298786644,766.7081015140075) 8
(610.6499713089,164.08135268989344) 2
(296.07532012437554,434.48876165538496) 1
(396.8796471359241,405.92245574649024) 8
(965.8954313131281,946.3211658402844) 4
(352.3256990311573,320.71764087225773) 7
(14.48020464398625,899.238080091597) 2
(390.0459110020993,538.2772333564241) 10
(220.61048309003783,639.8742162177635) 3
(67.24671462804044,856.2707637210532) 8
(284.9293590837016,473.025195305278) 10
(990.9722030730017,692.6684124120899) 6
(122.6219652488566,866.0665679721127) 9
(694.408022013696,614.91217076113) 3
(162.6375349582889,250.62347804080676) 8
(236.90323780575483,668.2368480958041) 10
(762.700582716087,966.5574591639247) 4
(331.54544315263945,814.6617109453391) 5
(569.1378585050791,50.63596613093735) 4
(841.7383167023834,965.4324509138926) 8
(579.044734347258,708.5066207316729) 4
(529.4864809798473,568.5951272173571) 9
(614.3667935882706,211.20170481747635) 8
(91.68574597359058,173.08667558487411) 2
(6.743262488034363,784.5258589666921) 1
(419.1193146748838,140.2740472655375) 3
(677.412490507359,944.5899550938819) 7
(787.477835622496,585.174054743677) 5
(356.6641189050679,867.0773918726037) 7
(459.13552078296505,384.9967818137535) 2
(149.23970202117033,940.5964348798747) 7
(638.239899171146,979.8270348513507) 5
(426.00349633201864,359.8039114136602) 5
(837.8135213163324,174.83386212639286) 9
(217.99783157222618,136.8408013783715) 2
(326.07184259382217,60.741369094715395) 8
(17.25490348121561,241.09464340017573) 8
(421.36330905925814,91.48703250667867) 8
(148.64638489294447,528.1958014870729) 5
(987.8097358811451,604.7011485856741) 6
(630.5899414210865,911.2064244194939) 8
(588.7081040629239,520.4037587388418) 9
(862.19965160114,992.7339964218822) 4
(631.5134760645376,602.6670171359898) 8
(468.91805265238304,299.02334318247205) 4
(500.1558844167584,757.1930289677206) 5
(724.6988704298631,808.5048472553678) 5
(49.43246853409822,214.60230697601568) 3
(820.9195387949111,173.95667455168785) 1
(385.3503605780247,236.03737346278052) 8
(282.21749892210244,189.0592205093091) 4
(16.934087875749793,407.7469721316013) 10
(453.62103896677564,113.46444651608645) 8
(810.4820387963082,34.81166851825679) 8
(974.5819793252349,549.6128860854164) 5
(266.74895696921095,160.29310532053432) 4
(431.2504847085032,563.5025695760116) 8
(720.3482372367237,581.4348675827486) 1
(15.228385419303269,659.8106711225126) 3
(119.49299922974588,692.4520824966686) 2
(250.98543162197873,654.2081919939613) 9
(342.48372033808005,107.83083620501854) 9
(50.24789269271468,777.9027400067148) 9
(647.2648688093283,353.13369605150723) 2
(503.32984676520107,317.5149123426887) 1
(37.61744315302351,528.5366758168788) 7
(536.8175861367979,426.4454978055968) 3
(174.62745176121274,893.8735032077025) 1
(128.99249436130367,837.7664487226398) 1
(850.8001219980222,195.86294474371735) 3
(28.95216354529262,732.0545225221135) 8
(226.49598295942064,146.86185694518127) 10
(163.28296707220758,51.88906685138272) 9
(999.834964976972,750.3361479557387) 5
(826.5276163912331,796.3272550588187) 7
(179.1887617885154,276.18884620833927) 5
(142.35259771654384,233.3127295299474) 9
(878.6032463623642,392.8518313877821) 4
(527.1136608408214,981.5705141764475) 4
(494.263146140838,465.2200070866759) 1
(984.4132811386569,505.20400110718333) 5
(954.9514842005102,899.3120533530265) 3
(340.55700011612754,386.7779118364205) 5
(435.723455588499,184.2626607767004) 5
(698.5188404571677,794.0028357908462) 1
(919.9414012565563,935.0342853196994) 4
(6.264633460042801,72.96443334493252) 6
(247.91040290430456,70.86053150293881) 6
(586.3318161066138,874.9171955639998) 8
(827.9948747912188,220.90709446033307) 5
(372.8311383673724,100.82256143362667) 3
(588.161109038772,721.6226920270254) 10
(810.9801979828608,195.57712749770684) 1
(725.4746748464594,33.08472391548389) 8
(651.9475675914493,595.9694274525867) 3
(522.1758015637138,254.06030386328715) 4
(132.15372143155312,966.8440352205505) 3
(349.78128204499524,278.11191558426685) 5
(622.7238360792629,692.4246243569049) 4
(820.3034083657435,609.8200602028464) 1
(37.32666142013264,366.09582278629904) 4
(806.1148800722018,261.4622599867359) 5
(930.2468131297067,475.0981194530757) 2
(106.12752273296489,582.5349251523719) 10
(825.2352965698987,750.7593024497047) 6
(872.7926352525682,309.65984237237353) 5
(898.3068577617286,147.52701675051128) 8
(544.9186753774363,228.10633231833089) 4
(969.412438587049,674.3886898870909) 1
(653.9013403107574,336.24244673442416) 5
(824.2652668351363,668.5377028445008) 10
(744.5198040302924,922.2980633421812) 5
(167.8446963018634,612.9342563369172) 4
(590.9483690622789,538.3270620763433) 8
(15.950131009933699,983.0050904942042) 1
(481.25542358690865,232.61331801009177) 10
(213.91279448874957,19.300753619515664) 3
(817.3338605316842,239.71849332858397) 5
(223.9823837043585,81.7673555336711) 5
(23.13119072724634,204.65832490412717) 1
(815.3299334017721,269.7774224202737) 9
(409.98804962726786,960.1728835185207) 2
(31.174999634942857,219.15244759465324) 6
(290.6067054148415,24.752597156185942) 4
(2.608332278206782,734.1332805272887) 10
(509.89730155464895,324.80990236312533) 4
(49.64585754563389,148.97775607575747) 2
(66.16325284185753,653.8863742169285) 1
(547.739030827855,422.9904956140379) 6
(142.53335700343195,526.7238797734893) 5
(59.18377647203788,157.59367073129994) 8
(628.249260868511,992.9536307539261) 3
(220.9000761557267,912.4520100618253) 9
(947.0299279377565,316.10205798399795) 7
(861.4814590867289,771.7884200133927) 2
(842.2457998919481,180.28644163191365) 10
(597.7004597766476,26.77816497974206) 6
(756.6116131875696,647.6164290664452) 6
(211.1402961959953,794.8749437761008) 9
(297.67212396968034,357.0759845176471) 10
(793.653999782103,324.1177374745727) 9
(745.4036874077706,904.0185189426991) 8
(488.04595247762074,689.8560439277971) 5
(928.749570764839,496.158058303266) 1
(274.3161392157325,732.354292124759) 7
(195.38753197943802,370.2874657124986) 1
(435.4406593764557,686.2401226945768) 9
(727.7304988982158,80.46488002716978) 4
(785.2204257772524,231.62021083530738) 8
(460.4911836322787,933.2950114443975) 1
(962.0995188965336,806.5842854595769) 4
(174.52929124584594,94.43019153505861) 10
(618.0824358032024,470.7147833131815) 1
(823.8671054028671,986.1284253091551) 4
(222.90175283350834,612.0779426993614) 2
(201.32462375578186,438.53619732546014) 9
(48.9392358070434,330.1811344656025) 10
(778.2540051950949,35.33798016166245) 10
(752.0540242695979,863.0814264011692) 3
(95.22245664753659,119.23700693328676) 8
(665.0553846153839,867.0581999385402) 8
(80.17023177441907,126.43901491736887) 3
(651.4247885451423,936.4187116486481) 5
(58.88567413224421,498.727389372166) 6
(594.4835096577173,960.6066358788652) 6
(45.42493732941588,367.8580760324449) 4
(216.69447173012512,716.0343635007065) 5
(348.22628534485466,26.864744325835964) 3
(222.43658532170173,429.0676228668053) 7
(794.9840088533047,461.38240091244455) 2
(72.84921798310029,8.65885664394428) 5
(466.60700791407515,157.5788221714759) 1
(241.33011417378958,485.338366854441) 4
(254.47820663322517,821.4801607623868) 1
(695.5001728158903,527.6287257415554) 6
(932.349731971539,669.1888616844957) 8
(246.45537487475656,557.9883355407568) 1
(622.5619500332629,473.74276208585877) 1
(442.23576525221245,74.49369988040877) 7
(464.8081113722775,465.5704086711377) 7
(230.83147811008843,645.07008505404) 10
(444.08375196233976,191.23980557697163) 8
(264.4865958213236,385.74084949756616) 8
(315.63630182874493,19.917288608561236) 10
(627.108251516598,644.4462761425772) 1
(819.477390475564,49.98376350917599) 9
(136.22683508519006,74.11317354038627) 10
(410.428868680623,779.5249845079302) 4
(793.1340575674753,793.2648813568942) 3
(587.7812077339322,908.6150311187275) 5
(664.7560015511184,133.70373778027823) 1
(814.7013648340668,773.2066443213743) 7
(479.44105124966273,723.8954038363479) 10
(171.70739822532045,216.6366855323003) 5
(763.158974281493,270.1445807303858) 6
(961.6244230894097,704.8019400085353) 9
(329.66198738707607,409.988381921487) 9
(308.2507771172992,88.89959927907142) 6
(320.9107059612556,476.76384260403415) 3
(306.4811863137682,717.9652937215413) 9
(96.10194367647563,694.2234920424088) 1
(853.2932080948144,540.789206249826) 2
(384.0021150703655,458.4997401359353) 1
(296.49481519680364,446.18619855649797) 2
(678.0694115191108,921.9602512225774) 4
(524.367416558672,748.498027767263) 1
(660.9691138370299,8.567582465192958) 5
(601.503310261565,567.4969345435354) 9
(523.4466868209347,784.9961223839761) 10
(570.2833937769357,123.86285865271051) 2
(99.59336153085263,646.9912620521657) 6
(933.0197357344811,450.69730152904) 9
(226.56035686963116,600.3100891882268) 9
(143.6974466589801,955.3971611266053) 6
(276.84029239747633,363.19880168638986) 1
(808.9117582240624,846.3230298108344) 10
(435.0437753405406,625.6371556946322) 1
(332.0819065979018,744.1743997997547) 10
(625.5548815475378,182.3264747263137) 2
(756.4581694925085,156.26365945667243) 6
(962.4630384537102,325.1391613753353) 8
(30.330252993997718,837.8448704276517) 5
(446.8421953662932,208.60142010165595) 9
(553.4244796345974,858.315722390931) 7
(423.3839771163481,183.44255483292983) 5
(936.7629290815944,574.8372083153552) 6
(440.2241750368765,504.34890858732217) 10
(483.93827915039554,564.9166076283027) 5
(370.6957785507241,370.1026834033241) 7
(847.3682169605645,160.14810740638885) 4
(82.97103463740262,613.9962215780376) 9
(986.8078565345455,222.06258074762252) 10
(171.00546555526896,381.57965668273465) 8
(352.0877940089628,65.23445889380342) 1
(625.9267358226251,620.0427826966305) 6
(253.24009396695547,908.2269961745213) 9
(861.3932768969166,56.920073089920194) 3
(498.6690761927202,469.746243940964) 5
(602.8445722072204,620.4397817141391) 6
(264.1922668749749,242.54019461660005) 10
(719.104591232185,470.84238100807454) 7
(52.577742098367075,116.63422920420152) 9
(310.6941225433427,591.2954015760545) 5
(489.3684116072775,388.34072071406445) 2
(643.1731184711833,842.5084062516513) 4
(900.1402258512816,526.8433287273402) 6
(866.4864301435564,11.215432250696766) 2
(521.7310162698764,25.55114858860874) 7
(966.5549558697109,920.8356270347916) 8
(966.2330155641996,972.7439902108977) 10
(391.4936774176219,113.91260688416749) 7
(648.2285001713714,374.793083554657) 4
(333.8296797189273,282.17917019343565) 1
(395.302875518829,716.1776646855412) 5
(124.08048491692858,178.68904695502874) 1
(968.7310324436733,944.3637237164888) 7
(341.19907944544036,6.34957467900632) 1
(158.22899148383596,306.79285273266566) 5
(141.12601638345234,30.249884669229843) 4
(842.0697064994758,918.285993870494) 3
(623.161987028849,238.69382694636786) 4
(625.4420562613476,170.26892589180954) 7
(953.418309547241,762.776151556798) 5
(297.7771575885216,314.7107544525778) 10
(899.9857860723396,426.16513966893297) 1
(849.5315595498724,642.918703096635) 1
(167.91257547658932,831.0401595966256) 8
(962.7396832773971,741.0530914366354) 8
(0.33171200208292895,740.1389011862705) 1
(135.29369634382738,979.4459551601105) 8
(135.23844459438828,310.7282900391739) 3
(547.4098259253966,334.49630591920464) 6
(447.69876586549583,889.2013301317894) 9
(425.2994979439867,452.0425567429657) 6
(199.42822563930707,758.4262237451047) 9
(742.2947230939227,889.9210556899917) 8
(284.044752364282,403.31014465443036) 3
(492.4782442180143,765.512264177481) 9
(691.2051391858125,246.86864360133498) 1
(808.0644025407062,649.0968184855991) 3
(807.4615791946064,72.4896165452441) 6
(701.5760434752499,256.8457007206757) 4
(987.0096719092759,334.0502210590046) 8
(330.31557748395244,969.1415176742294) 5
(621.6457613132154,112.32815753372205) 10
(367.0988873840391,235.0189055041959) 10
(453.4390759585262,442.48652615462356) 1
(526.2197058889617,352.7084845674405) 2
(305.3185596394277,318.1244948867772) 7
(528.3660835889426,737.016482020388) 1
(231.37045967780224,420.0666485762602) 7
(840.621076506838,961.642281196015) 4
(808.2033484896384,310.5902775517896) 4
(846.0345848675147,143.28100938553646) 6
(508.9538457336995,348.46542117871724) 1
(88.36501805179697,621.9841034939418) 2
(964.1615236841815,590.5492552125462) 10
(82.34193549445956,535.9247329801794) 7
(800.4553609194846,229.5925509202711) 1
(425.1608231644044,809.5401726491483) 3
(354.560341514177,665.557033814428) 5
(615.2602988449565,980.87077946569) 7
(274.5892769332573,518.6242775095114) 7
(306.8313846727234,94.82267121189203) 5
(863.3820340566257,508.6520174866284) 6
(597.8184354115944,735.1432161765221) 7
(232.26488756054874,732.5666474620031) 5
(640.2172753574379,20.242156782211307) 4
(481.8044490961667,280.3080519528712) 9
(416.6180444384928,196.07104121741258) 8
(394.9232965796977,501.2664809786945) 5
(222.54575942062283,994.2582024942734) 7
(923.5139737630933,737.2978179888761) 6
(168.9485259888579,912.4060079796251) 4
(345.6719019158412,33.34413046517027) 2
(828.5038568224385,145.83774324965026) 5
(892.4419758547798,88.84842773381729) 6
(199.7053177932423,267.23476672276945) 6
(803.5163951881713,325.82184884284226) 6
(894.0691209960345,622.3028528440993) 2
(217.83557226308946,532.5323220977684) 2
(21.067665012376445,878.5034548939657) 5
(78.12047013618617,992.4560518490564) 5
(546.0919403886177,855.2405549006355) 10
(389.8916399060207,507.6456387242025) 8
(779.3492654777097,265.00693649088333) 5
(526.6203524576852,33.28230499956619) 5
(615.2272127882338,966.593551767121) 8
(905.1196431396863,932.0149999306786) 3
(10.715290768443353,333.9844266000067) 6
(977.315853659943,189.4738564457278) 6
(475.98085511279453,745.8587284809231) 7
(155.01871169518665,242.13080967836865) 6
(465.7545972512444,783.5683727374649) 3
(926.2153987431569,861.3201759894469) 6
(422.133323398174,479.8610260173478) 10
(421.7111282694065,634.0096870972947) 4
(707.4699146421294,342.022020153659) 1
(20.97518591861092,909.8468791175409) 3
(87.15463638253406,182.22133581506327) 5
(982.5661572225777,167.30989386280294) 3
(184.3671884937591,78.84244225801717) 6
(699.1808275647141,949.3544837254044) 9
(173.47886333645823,274.06650818548803) 4
(867.374738880161,686.0054393282944) 1
(496.7750542677003,732.6704801305508) 9
(697.245310417316,315.83303073489657) 3
(867.7933089980703,390.59338682222176) 4
(984.0143378571662,261.2800964193468) 7
(334.81329894728316,934.9090924426303) 1
(568.0700680493146,719.7265396768921) 7
(345.7666865141807,487.387625217912) 2
(413.20374359244363,573.2469500031211) 2
(713.896492577089,562.4002731823325) 2
(846.6795222319254,93.98841248541167) 6
(929.6281383157815,103.33222105894635) 5
(766.5977648088008,426.8707992823789) 6
(633.899674008154,506.193013925738) 5
(779.3116898739806,494.03766261601703) 2
(759.307569016178,329.71302598265163) 9
(19.210824988929566,647.112987405659) 9
(485.9542153473195,484.04086884641106) 1
(379.8716641104877,942.224772768811) 8
(750.0763931346928,280.3129935559071) 6
(906.7388161871672,45.498706955411585) 1
(212.53822057392347,370.9838108473526) 7
(341.39620486924747,57.13178469688529) 4
(327.2740660932173,757.8522333323181) 8
(811.4968264399865,970.5808181027863) 2
(806.4264533281157,768.4513125822824) 6
(590.7187897444767,777.2484418208795) 8
(501.1209671717183,232.19138830867092) 10
(635.3506643145945,243.26889054722167) 4
(575.9085628576948,57.15493997041465) 2
(644.0474552533117,401.5017142282936) 8
(660.6238911416746,803.4361778509285) 1
(335.0727408910358,13.367043478394125) 6
(612.4811956068346,81.23226406696982) 4
(578.0053811156691,439.93083557089574) 2
(438.04723733117044,892.3495456696782) 9
(585.3640323224192,196.1203255675209) 7
(693.736772198091,239.9550062819874) 2
(688.434797593234,527.5918688881346) 2
(556.6843773971864,363.7137724538564) 1
(270.95971236113417,252.66611316796482) 7
(858.2303124998706,235.94960575863823) 4
(262.3601701119016,502.1363712390429) 10
(432.68264665797983,368.3162381130337) 7
(336.8662891502665,250.70060129476767) 7
(702.7343449095565,864.691468676258) 9
(305.0739303599042,416.6999295286854) 10
(650.5659681575524,546.1683486068908) 6
(95.50199031715745,173.06988958497925) 7
(963.6944279886836,200.79809632113222) 3
