1000 1000
10
(0,0)
23 80
550
(779.1371478232352,231.59454171792794) 8
(106.8553301327918,815.6200636964667) 2
(15.09107305901669,372.03174672173765) 9
(29.928250236033847,426.47852165031) 4
(416.48036673840625,815.4616753846897) 9
(125.30158552391346,559.748629365378) 4
(9.906709736627107,399.8968920705902) 6
(256.09234573420446,529.4461102499267) 9
(178.4384582316133,232.59657832794923) 9
(656.9115003886185,706.5537826703586) 3
(65.33519884371674,319.73095333536173) 7
(651.8561041594943,54.583083258591294) 3
(808.430260726027,129.5561686755392) 2
(867.5444461656741,538.5888636534676) 2
(710.3335849893914,838.3983023691953) 2
(78.34218213432908,874.2238689379244) 9
(583.3522654801613,235.89944683555976) 7
(652.7824916631749,493.3255409712668) 4
(550.3951944975122,398.900782760825) 3
(128.7993910261984,919.4684827366242) 6
(197.71020379644787,327.29517174803544) 4
(460.8119064371996,7.864580086185402) 9
(928.3442604014014,477.26697542791965) 6
(315.40748069943345,633.9639140786901) 3
(668.6150755013065,680.5931347385666) 5
(93.16188496055877,339.4319685932193) 6
(614.1820208453229,495.36497848013727) 3
(733.3835286803258,175.77808685923335) 7
(195.08653675377718,623.3383528201797) 4
(485.1087094451976,979.0840001947446) 1
(794.5075607595423,745.2513448884498) 2
(625.9215236712402,282.14723970710855) 6
(160.7621457676742,296.38917839130374) 9
(132.7034221896618,67.27960727886651) 10
(74.89526110607837,800.2368776525509) 9
(135.49636191753967,85.38726414916675) 2
(699.1981127641844,730.0055451470179) 2
(597.5075297098455,316.5928145770793) 10
(454.101896377481,242.68037362599503) 2
(434.7960366038178,505.9779647304623) 5
(366.5950167943807,938.4193826299756) 4
(586.6441196703594,551.5116772744826) 10
(907.4943541789155,128.30973390353816) 3
(998.0821986396548,619.7939524263531) 3
(115.6314756571447,716.0102456475967) 2
(424.42710829904127,145.4756619258858) 1
(447.65398723259966,62.58512177892295) 3
(758.0157532414481,711.1404824816201) 8
(993.6794610247101,682.1768992951409) 5
(884.027630553167,359.1588855210258) 9
(899.4729993445704,300.1011554935421) 6
(274.8863225937206,885.1828450927278) 2
(415.1576591317131,47.93810416128519) 7
(782.1327051821237,796.9332341473834) 5
(976.818887770182,361.73803746082365) 8
(969.0467267470323,969.0736657123688) 1
(175.69922548983564,850.2965654357967) 2
(55.028458513326385,13.15386908339411) 8
(420.782699758096,869.509310495857) 10
(787.8471714814208,324.4499714372379) 1
(270.87232575014883,808.418261764765) 7
(856.7894026629956,409.8503664043617) 1
(415.75980186167914,932.2368440454064) 4
(641.2668618404753,373.80107736811465) 10
(224.33970102782797,645.9418039940006) 2
(934.1652491394314,783.4458966221786) 6
(585.0743760899375,681.2823460076271) 2
(121.5961088675378,475.3079697855127) 7
(619.0798196038193,996.2608109672739) 4
(613.4130244457315,541.7597096588356) 1
(741.8674793142368,189.04798792007804) 9
(466.15974129873337,930.2831925829655) 4
(652.4184218631083,777.9642397386117) 6
(616.1997379172369,72.08895618936239) 3
(293.5306488267929,572.5112317663644) 7
(664.6499744438673,311.77832667379136) 1
(126.33081363415744,29.53135781025573) 8
(847.9839814352503,625.822246173969) 8
(698.2411155489555,720.3307431653253) 10
(796.0352558057698,419.0374259903405) 1
(690.3817829248729,339.37693773155553) 7
(890.6488582668385,279.1357567667437) 8
(328.2067138041539,508.5686171128392) 2
(376.32768471376363,958.6620036359427) 7
(265.6377061542642,571.4174028301645) 2
(945.8792422388623,47.197151706026006) 2
(807.3588996318755,156.95152172940897) 4
(738.1892183291653,434.9888585145803) 2
(426.25577420573416,642.8423717976871) 6
(336.82553041535004,149.59068565845524) 8
(446.6802697102401,451.99677800784775) 10
(482.29566042089954,548.9767709011503) 1
(232.50986262945239,478.20360216503656) 5
(666.5115801150279,571.5408976149325) 9
(91.29143184358202,684.1307341357268) 1
(951.8268926832836,343.51591052153185) 2
(818.2617481843665,248.33650090302405) 10
(229.0461110413071,562.1360887740366) 4
(113.32103417951234,968.2418436311136) 3
(967.4005800636214,542.4312562733231) 3
(698.4151433273818,208.74382560943062) 9
(633.2960443792693,410.6855199170322) 10
(29.007567288896198,712.1288674257758) 2
(752.7342495702353,233.21605144567593) 4
(149.33562960735281,790.3260479974082) 9
(876.4213462262497,304.4655427019364) 3
(118.02944352469113,809.2120001781682) 10
(464.6093680930156,322.66513310072855) 7
(478.27666244699196,564.0379906365714) 4
(702.304281010016,609.3967159297971) 10
(739.5631337053767,556.0777915960829) 8
(445.23324484126636,805.889978075024) 10
(485.72784753573205,201.41087664214942) 5
(577.5930776126597,348.2862808017351) 10
(977.1319818560982,808.8655372587483) 8
(199.04417511287008,655.6158424704178) 10
(815.3036829994197,724.0403816846457) 8
(40.96970722894866,741.9293532674492) 3
(229.88111468008876,667.4404132261848) 9
(739.3396067589912,264.6236131882327) 2
(227.89529969467748,476.961965572489) 1
(717.3279418130908,575.798934282442) 3
(752.645879526926,295.8760927034282) 3
(706.5819582567824,352.868467093695) 10
(152.021430442558,900.1759977156094) 6
(823.6163259367235,484.2686697112994) 8
(909.5381660042951,45.608512119554966) 5
(581.0045083802801,90.9179108588899) 9
(853.553471369776,688.0748019609733) 3
(758.3594212513432,315.93245572825003) 9
(275.8279223055443,263.87548097117764) 1
(598.4158313255978,671.1951541855964) 1
(389.1958505298496,341.48559795664625) 6
(492.33503984856554,977.1921061099184) 2
(844.6799745011695,636.6943067272096) 3
(764.2001844503585,561.6281840346954) 5
(492.30326185245707,205.67640684528942) 6
(327.00213935906476,301.66840017330685) 3
(776.0557738860738,712.7918068373291) 3
(741.6220640840662,652.554342680501) 9
(24.54520555258821,74.25819535522848) 6
(14.876328652666416,614.487932342068) 2
(809.7428913088465,720.0775156336346) 8
(173.39835925236824,89.41418945837498) 4
(756.6989146362605,988.6115240380732) 7
(453.43774252595273,270.6889750567215) 1
(440.89084630341745,589.3557607595071) 6
(362.316098379555,816.0463492447965) 9
(225.86127172207316,113.90762118762132) 1
(304.1229496073761,714.8430522299057) 10
(677.4094914868805,924.9390894709336) 3
(497.05677644015356,978.3075024441819) 2
(229.87801158810794,990.9623173042813) 10
(611.0667960141401,172.24480542479625) 4
(89.9966207193229,747.0201233884251) 5
(98.68981293592849,131.30561852005164) 6
(519.2354524351061,674.3068172904866) 7
(172.4268840315022,13.311863557176062) 8
(339.5485356514447,232.0797440376987) 4
(921.9569123057998,296.4375623594546) 2
(666.0519586355574,444.3837691211965) 9
(408.39882145006925,294.4783465108902) 2
(507.72680694206804,726.8489529313267) 6
(180.99240838188157,52.598364042991896) 10
(598.0274888992469,880.4906312864271) 6
(763.6930446455651,597.1366037587392) 8
(419.95257597693325,598.8143092609295) 3
(483.8334099374654,240.7686185971063) 10
(21.088535447938984,117.98305165658851) 2
(822.1226164011329,343.2765930729047) 1
(86.56472482855926,774.0609596175694) 10
(78.77676819489221,268.56047980361063) 8
(934.5224531859552,50.66939243519209) 3
(783.1889595398746,851.6432502859307) 4
(945.2365451128954,800.3916219909584) 3
(321.78593127252697,263.48205738965646) 2
(382.29657981694555,958.0875563170881) 9
(346.97809041452166,922.3626983951555) 5
(369.9928292579913,135.5049645584957) 6
(698.9234240189154,38.81411944678359) 10
(530.8054212934314,528.4960718979164) 3
(189.1720423288593,261.98165461645664) 9
(237.19061010763954,219.10159959457508) 2
(533.9377848386611,954.7497650908226) 9
(131.6999426547333,944.7459210395691) 8
(170.95679901096173,537.9973953942496) 1
(159.31276557659692,902.8276552310666) 8
(433.7981281274489,63.610859910080755) 2
(431.5630858630806,291.70532884252884) 1
(482.9211519040738,69.93328014563093) 3
(283.8308108818991,191.6010375936623) 2
(169.17524772272242,733.4721358915457) 7
(485.88201969926547,687.6740205800215) 6
(67.89348159408937,165.09919661558646) 1
(107.83034991188833,728.0288753179507) 1
(76.18632962510408,798.5440669317944) 4
(77.77344938155673,327.06540828730033) 10
(358.8961879820697,212.37112546648797) 6
(625.21842133747,202.61941270414042) 5
(969.4884475999963,530.7653550739285) 10
(543.2629723978148,881.6001774004441) 9
(454.2718618181285,727.9125095613751) 7
(4.155423875559783,112.64423560890802) 1
(131.0586969375056,501.395761944964) 1
(493.0728220147338,397.75603924772685) 2
(136.99312449419887,457.14388339155107) 4
(515.7873649269945,10.18642015040272) 8
(397.61798504388634,778.6748310216531) 5
(652.0054676676061,129.83507612568533) 9
(632.9458782522158,173.43972052823798) 7
(867.8699856743223,390.6423747399356) 2
(370.8727972307072,483.8633034649827) 5
(15.678702499724363,605.3595548667162) 4
(852.1862958760803,336.2691431266166) 10
(972.8352247036132,998.1244568104378) 7
(269.5978363272735,578.3830071632467) 3
(893.3569818768065,239.4203068981603) 5
(621.0869646252861,455.04128425565926) 4
(679.6342310530076,207.47668049717706) 3
(848.4789067995893,542.0599837045886) 2
(372.6001337929341,140.73815936517343) 8
(699.4242720774369,377.9513614423294) 9
(390.73366130134724,488.8132309735077) 6
(48.800353321778346,109.82799262132869) 3
(202.4589221121982,838.9988988544942) 10
(870.3493520914387,872.4918561675179) 8
(466.7542288488802,157.10681026627572) 7
(86.33279391061399,828.6016269427644) 5
(417.02607903545174,939.4374856766229) 4
(969.304236506803,173.94636207429903) 2
(868.5294268387179,301.0580911430335) 7
(576.0705528976233,346.9225078022813) 2
(999.1723100318974,493.37107022707085) 8
(70.70025920967026,990.3465249609926) 6
(481.85606004187633,483.04770489871163) 3
(751.815054184022,748.2866400899612) 4
(533.9988682213119,299.3188730576259) 7
(834.9645198013957,840.6060911658456) 3
(744.1182577225223,716.9220184649698) 5
(529.3640407365319,649.2275317517109) 8
(505.1354861713243,475.5558538327414) 3
(389.09334835317367,9.635486759181799) 2
(784.3484464680961,242.93457476999015) 6
(328.6761688029393,671.747540378446) 1
(424.75778920296005,105.41086017276791) 6
(658.8839504702084,337.5379487490566) 1
(698.753556257231,707.8652756546522) 6
(675.4981397417539,745.9838221779928) 1
(133.719417357983,928.365289191608) 5
(434.12442945456695,549.7937903932589) 1
(752.287509754597,636.2254524747436) 2
(555.6612974239694,262.0744990587075) 7
(290.12148396564584,464.7320681096594) 5
(329.92457464082935,687.9043939878633) 4
(988.9667831035703,480.9172067844032) 4
(919.3212287716177,687.767390620536) 9
(234.37198924516068,78.95261142124387) 9
(555.0050613062845,278.3058537479538) 3
(691.773345277904,855.8532613681547) 2
(221.20291110055058,690.9606219851439) 5
(431.68165803295267,917.9598402353555) 8
(889.3996060117593,809.190387000256) 10
(583.396241432354,522.6067182906303) 8
(346.5986614332252,508.5502589837972) 1
(204.2551739025201,208.151708438431) 1
(475.361094526082,384.09643822943394) 8
(710.0027771429915,997.320095891971) 9
(189.8285170959647,250.84703213744487) 8
(68.13055319627715,14.79021847612161) 8
(446.1708204441581,639.2438459830016) 7
(582.4017082406419,872.3406251204382) 8
(10.076901175172903,268.840295641796) 9
(449.60573370158687,616.3732898120486) 7
(736.7750197365862,453.4053133522249) 1
(158.86951420153815,154.0356345309106) 1
(201.64850860741112,191.72159418160462) 10
(604.3481571620301,526.8072124682908) 7
(194.44617484939675,41.7601897873805) 6
(217.25614390183122,508.1925282299936) 9
(252.600538714414,786.5749144289351) 6
(911.1216368005009,991.3949162475332) 6
(505.5469732980291,369.8291916701174) 8
(883.6998650559111,265.3089918329822) 8
(811.4079386784567,180.90956023206328) 5
(187.58816819316093,247.09449350272394) 7
(527.515265688494,914.4157527661711) 5
(573.620570905699,157.08588294643633) 9
(390.3455434422425,405.93209329115143) 3
(145.91517053668724,762.6095811369994) 9
(607.907759549299,66.02975279361756) 9
(931.438081035829,882.3783175019098) 9
(380.0666192355033,861.7751321842757) 7
(486.97821401290173,458.9871070105133) 7
(788.7025647608876,552.7824769116938) 9
(553.8614159461767,274.66597772636214) 1
(40.38456367787979,470.6527937354872) 4
(217.6585045408691,336.67239728374545) 10
(671.2647873841006,877.1794819487242) 7
(514.543976462392,147.1389292324744) 6
(601.2826514303199,99.53998710080458) 1
(907.096014468669,522.2955789299306) 7
(63.98561787241741,662.5854088625174) 10
(638.8220382362144,707.6260892032604) 7
(944.2541907916385,370.07741979548956) 3
(497.23043485199304,278.9821051061864) 10
(784.8207649228816,992.4062521733451) 1
(819.085747400027,891.4883632470255) 8
(346.95768569549534,34.425356547923) 8
(941.2979108624473,254.58652448091956) 2
(501.91989350357056,552.1398451805271) 7
(289.53587018485206,475.64639091140225) 8
(488.7232761816279,336.5112301402299) 5
(431.0254344387415,516.2170596273564) 9
(577.2468151909734,13.365156255950028) 7
(856.5076743888558,578.8313433528202) 10
(267.4059441274943,834.9720676322579) 5
(472.64210744620914,151.71248717164266) 8
(992.2656250338498,449.37196862379733) 7
(177.61064222701106,682.3324918176577) 10
(419.411238127316,509.5361307448544) 5
(248.5016250959682,581.3735201657953) 5
(225.421257351054,53.10578233254481) 4
(812.7866368412766,758.299728485628) 8
(122.79893329299586,246.24277155201068) 9
(395.9102066445881,602.358036338225) 2
(285.9090981802347,126.36302729048433) 1
(536.9923554854747,320.7487990225224) 10
(786.7107239864762,271.9721144991227) 10
(478.41046057248093,811.2263607322225) 6
(249.96143880833554,689.9211678405107) 7
(87.10702939065318,948.1504318117622) 6
(103.30261582117262,35.38401704983662) 3
(649.3740600140833,702.9514213568674) 6
(480.1034778711791,541.9379364314931) 9
(887.0132094681392,207.59818887494973) 4
(796.5980018978909,867.232623117617) 4
(912.977594629112,770.615392238176) 5
(360.3191723479262,900.7134270372381) 1
(769.3058766237085,215.84870242858557) 10
(987.5347765001463,536.106354767895) 4
(3.5624773901686835,611.1569563200356) 8
(791.8164478674764,604.2472429165173) 3
(390.3029036054678,377.04342694965186) 2
(780.5936970155187,418.50643747171455) 6
(272.1732813985115,964.9656358892656) 8
(34.800030807588755,683.7554027705861) 7
(560.1642715311772,931.5021932081446) 9
(565.7950725107823,713.2976218469486) 10
(388.27820759541885,208.27993188785288) 1
(313.84381751102495,791.1338383699471) 7
(295.7988479220799,751.7548078158751) 9
(85.28383797619365,641.1909726817191) 3
(231.95285216074234,169.25939022371728) 9
(576.0059912951853,948.7825145330544) 6
(856.5649290188941,985.1414558190219) 9
(837.8447729550367,156.28744574551047) 7
(61.221580986273835,892.8515337406586) 5
(283.29086221326514,463.36277207426) 1
(809.0309338691028,195.1328700907098) 3
(949.4678569957063,395.8216394701448) 9
(350.0270649720364,788.854071560902) 3
(692.0231672787371,588.0298676940979) 5
(952.0086491576424,906.2885573852005) 4
(463.73680298895295,157.64925912895967) 4
(684.6665285254516,749.986894373034) 10
(396.79691513584095,981.7264385775223) 4
(490.87260496177186,950.3481079219913) 7
(532.4757978993722,315.6644126162732) 5
(409.4573279439734,288.42276752951636) 3
(258.0929466550506,995.6127931146164) 9
(187.12197412131138,914.4490462871164) 4
(78.4165802593214,465.2381057212436) 7
(322.8608630178781,580.4956171491182) 6
(219.42945704865258,73.74450686879297) 5
(294.98850868135986,662.1739816660642) 9
(866.2193094825146,819.4960465553537) 1
(649.3957015520759,641.8468816318032) 10
(871.1995136278638,321.32413758488354) 9
(789.1842959789021,195.54017549402857) 4
(238.16859829193947,219.07566282979397) 8
(632.1660110732515,120.79923367243906) 3
(330.5038487745219,603.9300339626286) 2
(580.3413045865199,666.8578018798852) 1
(16.082791089459647,97.95844463507231) 9
(405.0139055450599,778.6306816065096) 2
(395.75836251998265,71.1881976373393) 6
(436.2536304243145,295.907847263694) 7
(915.1882982341222,746.5608633030877) 10
(820.8586261214273,598.3019048938497) 4
(622.8052456797403,28.183827417585626) 4
(933.974218335443,463.5965232276389) 6
(516.0701817099543,475.54342801562564) 2
(91.77188967558358,259.67504443083345) 9
(524.5125052279107,231.3493285397682) 4
(894.8282987419283,230.20484628460625) 8
(590.4376441742155,972.7572068963882) 4
(285.5272223304164,728.0377619806555) 1
(946.9679550200781,400.04121966417824) 1
(886.8185381831548,184.7631691757574) 2
(136.6778635007784,944.455737778792) 4
(412.1707115264277,743.5191621281856) 3
(733.4514240207285,104.3249216335278) 8
(724.5861854855252,428.8225171697051) 2
(770.626854344338,287.60723213380925) 1
(605.0864818008329,540.1917329418662) 6
(397.0429864801418,501.4197016786054) 10
(50.83053295267048,658.6513227119432) 9
(350.7982556414353,240.42263662628548) 4
(975.8699537141999,465.5855988096038) 5
(842.9565927889117,999.7246786319148) 1
(307.4356444453355,566.843511376832) 5
(523.0745592926716,845.0351729424531) 1
(89.12498624730291,905.3430751602397) 3
(79.03398636568015,219.19046859493352) 3
(516.1308210661217,97.42465152959412) 4
(14.024021745765335,17.536873354476622) 1
(845.0015305331996,9.445496867114823) 10
(779.4434681917172,947.6403236457677) 10
(82.71005862856651,6.50133010361964) 7
(865.4334278137459,124.65943977664263) 1
(37.74348967972496,660.8734692926464) 6
(20.734635032473413,515.6547574998954) 9
(148.15285136784527,200.82579668957433) 1
(499.3449072674331,554.7692457323213) 6
(621.8902237304811,35.440892501376275) 6
(993.0520741543525,138.64433633073725) 2
(392.2548845764987,926.4156849191085) 2
(755.8023781654242,709.4378047409349) 7
(469.4489500071436,782.4083919439878) 3
(224.76347924147433,316.3507329841724) 2
(14.71995071979315,577.7219335363785) 7
(502.0279615435237,924.93461425836) 5
(726.048099979535,774.8605905962722) 7
(903.1909187736152,106.88881637609626) 2
(363.0281208604341,87.8603126903581) 2
(321.34148127272977,533.5029732685624) 9
(906.5635043676762,488.8948058418874) 2
(822.2842742578007,619.9377942211167) 3
(464.95677584191,631.5593184380542) 7
(376.8540120104642,815.5789195949802) 6
(548.272489565666,845.7523442183019) 10
(74.55920460816323,648.4420501258439) 2
(754.7888767927019,423.2537258945863) 5
(35.137935979346224,392.04256240360303) 1
(623.0624773470719,262.1672309723776) 5
(688.1419962549331,652.2455795565857) 6
(582.6113944595445,396.9524782160616) 6
(673.7992899292052,330.1584537985235) 9
(493.7009225713783,736.55323936284) 2
(650.1920729491146,944.9965268853722) 10
(943.7902760272849,204.41907826309614) 8
(532.1094555210539,381.2859534657679) 1
(913.478982548978,464.2653639479384) 5
(875.0209353426822,86.12637797622247) 5
(596.3913336083281,307.81908389923495) 1
(875.3102225620519,563.1494169514805) 8
(410.31402667821436,249.0166143264476) 1
(401.3646110878242,436.2525680119116) 9
(127.64435482613578,800.4943849799689) 10
(492.3663806345703,541.3812510234142) 8
(70.00836505576203,926.0092661509767) 3
(913.346591467941,335.7674116309207) 6
(233.68696318710747,351.4677827823519) 4
(714.8701284632824,761.0250445295135) 3
(845.6294384157497,514.4944787320575) 5
(274.199344743571,79.01788239589635) 3
(702.4550306228795,802.9075136872381) 4
(891.4699593950369,951.5138416232345) 5
(897.8992307792769,100.34205446434508) 4
(297.06896324837,768.9588419932035) 10
(263.3818611663621,238.1699180957082) 1
(482.9361822218343,867.2241733950855) 10
(706.6892711332042,524.0318758981) 4
(54.763315701719215,155.93436393191695) 3
(391.538467076458,45.02754443663015) 1
(938.5363768012792,465.8113719592463) 3
(203.2820401621812,167.18234714547108) 1
(991.2023671988932,485.6109371326841) 10
(704.14429030004,252.97677946433984) 4
(642.5458025015706,406.4648207117627) 3
(246.0537438692587,845.6216339432895) 2
(842.8223328971218,732.3277623691574) 8
(672.848288867836,665.2362417815277) 4
(286.2795879105825,334.13412398184784) 5
(987.2692684271259,200.02438720127668) 1
(880.651689198118,174.8974153293057) 3
(379.728633978454,989.8579122780945) 4
(106.22170069874059,800.0858979025965) 9
(315.6603169417945,882.1051976981436) 2
(589.2415513469475,175.30135754370957) 3
(320.4446875372986,140.29566946333395) 10
(541.9249723027746,64.4134112504916) 2
(267.5901241038601,323.1304908946323) 10
(957.1705370760463,117.11067047495183) 6
(497.8476443600061,780.2284340335282) 7
(691.2457977213986,434.461408166701) 8
(389.0560735684636,105.81464432573439) 1
(747.0047603900641,339.3332600594637) 6
(138.71548642689402,329.12334600561445) 7
(493.29439298947165,10.859421985561335) 3
(295.5742379461402,152.34491370723734) 9
(102.00728391978974,137.41186208527068) 5
(153.87735852027717,422.87892019329973) 4
(214.0757160265522,495.6808589098831) 8
(109.53568153031846,581.8851548308785) 5
(917.0484291340165,459.36544157316104) 3
(953.7950126518786,134.5199409987964) 10
(419.38366106722094,777.2186235879717) 5
(941.894275425993,661.5109073960238) 2
(73.30474057470104,93.12553134819679) 9
(532.597475989834,493.76403417819915) 6
(788.8560631621552,816.4453813589674) 4
(990.6293745478305,927.1350857107075) 5
(341.7884111036105,918.9635303371027) 3
(248.53069266193418,345.1548494352016) 6
(8.508027681765618,212.32336922974937) 5
(827.3415841731902,902.2428294319923) 1
(984.8225084476924,877.8192269714485) 2
(968.9007976097067,758.6319224444434) 8
(772.4540837395746,594.6866173995895) 7
(402.2842531197155,186.8952686203118) 3
(235.3016340304037,260.3655871173474) 6
(416.76039266858834,617.0306460479164) 5
(225.03778404359875,30.867172829569522) 2
(692.1824584314975,451.68914138527026) 9
(274.16888951196614,687.5870989717816) 5
(913.2896934009194,18.964743754443347) 10
(788.0253542718015,944.6141256505615) 9
(145.85316635228486,696.183335204938) 2
(808.5671391930938,947.1804155121359) 2
(172.8746593886492,504.56152708490043) 2
(312.17547015583403,61.84887543786566) 8
(885.6758151155556,886.2537182084618) 9
(347.97229157557496,166.78300345621076) 1
(649.9206858843494,903.3833249278784) 6
(903.5003373405842,790.7517541854567) 6
(541.7749503048854,530.8476620561111) 7
(132.7453212993347,405.1256584446422) 10
(201.0793486143797,462.9577306911364) 1
(496.19168058589923,779.5745534800816) 2
(425.6522401920052,838.6172120660459) 1
(162.45144756963515,692.1666426874983) 2
(766.0484051461978,893.8445258067201) 10
(284.6780329200841,61.53131252115607) 5
(12.571192139071986,173.11880318690032) 1
(334.001562601278,269.8413288975625) 4
(387.4202978584528,294.6292913688583) 1
(874.6195954955834,962.8876514865304) 8
(671.6145405650285,79.29104370578655) 10
(432.1054113844197,588.3361358043452) 4
