1000 1000
10
(0,0)
23 80
550
(101.60668775281634,527.7963619925808) 9
(554.7621272548448,957.6793872283671) 4
(122.51459355471329,216.95839068495658) 6
(723.9076523894552,463.43090868918205) 7
(657.649713673768,106.32763654251664) 9
(369.11019822836766,839.1178879130666) 5
(993.0075983628789,327.23196396226837) 6
(384.7774891350049,783.6405040845902) 1
(538.9927579771116,242.29438989696183) 9
(513.1302493097555,970.1957601118414) 1
(466.71810326483643,761.1322426762472) 8
(434.8953642389991,76.69180656185203) 7
(988.9141492644599,452.8670610188104) 3
(435.38340832197844,410.03839008238486) 10
(311.8412698614871,113.92955943497319) 9
(849.4239699937904,880.44914726791) 9
(454.5094822448744,967.8443552189668) 1
(913.5698573045001,743.9219530204729) 9
(573.3012114752,345.769016910363) 2
(318.0760795306172,950.3831907858738) 4
(987.750258140573,127.61163175270495) 10
(778.2405672846024,764.9299229237781) 7
(279.6877568836823,262.98785435243843) 8
(191.4088675179686,451.54639890453217) 2
(948.611676069641,911.7177154256287) 9
(173.30937814234827,437.49668710611945) 6
(911.6991342256545,169.02440367916495) 6
(929.0125514013504,256.1140900299644) 10
(144.58405350611216,438.6888657296474) 6
(747.8073015374946,405.77046540401795) 4
(645.2477080961677,548.2943010286177) 6
(992.2143992751498,753.7652325205738) 1
(597.3666675227113,569.2811467122721) 8
(491.1751132495498,90.70131792961777) 6
(633.5648679307707,829.8941230074608) 10
(490.205507599908,446.30411522330127) 10
(482.9622916474993,96.17970181562896) 8
(557.9912382662699,378.371519093393) 1
(385.42893500598785,854.8485339277778) 1
(337.9049635356508,28.617122253077333) 1
(679.3368867453779,564.2695042526997) 1
(719.9169737957427,140.279007596129) 5
(814.9502403221837,771.029725408751) 4
(350.7366118686337,813.8123630365502) 9
(332.94002688055866,36.45159683987009) 2
(934.7461323414356,51.50784060620761) 1
(266.29964232262995,36.294223418491086) 4
(9.403589317538597,849.114050299978) 8
(204.6865433664491,480.28984764094815) 2
(745.5877665400218,247.82680108529453) 10
(27.12124129251592,516.1222780835959) 5
(635.2950533122375,582.4948290654652) 10
(461.6933379921769,958.3794035989876) 5
(486.17914981007857,16.11471389460617) 10
(641.7290766665138,266.75429734981657) 6
(734.0256245589718,993.558681369905) 8
(372.0176900653445,132.08446867991165) 4
(305.6079264501395,133.02480937374605) 9
(507.4233902971149,190.34652176187362) 5
(748.3967663249166,365.31171178973534) 9
(617.9403909439417,137.81516742253908) 9
(875.0206186639654,693.3537719995346) 7
(515.2059072505267,933.4142680207905) 4
(908.1918302233137,130.30302625487178) 4
(752.5253746083133,743.6819174890301) 3
(942.1175094801595,105.47104637238769) 4
(421.15481589347615,477.466641880771) 9
(330.755214960467,88.9607337614604) 5
(70.56016394595055,762.2007738769524) 2
(516.0931449496998,771.5299257410693) 4
(964.4831406813862,397.7379537141692) 5
(113.56221055194126,756.7817670709738) 2
(225.73887161183913,911.7658434641152) 7
(677.3607137605281,786.2133040215549) 5
(327.88044906382765,83.69584284604026) 10
(77.99801232734815,979.8085208300146) 7
(223.86413055024988,324.8697108302572) 1
(690.0726319668903,579.3034814219253) 6
(376.9283767748651,821.882644746907) 10
(523.4998699101482,245.5967348621717) 1
(898.2181561290749,982.1620694961312) 8
(920.5614060563959,166.58526931746587) 1
(473.96201906448465,511.250367505922) 8
(323.95340284048035,100.17341115843814) 7
(729.7129021470711,765.6810771795577) 1
(116.14268906984415,923.6123959069079) 10
(489.74007739243564,317.4554362815254) 7
(192.0975264053887,903.5735069506964) 1
(618.6167866630904,47.156751602326906) 1
(145.10062604350426,30.86572915475283) 7
(411.80839641585754,229.9641475224361) 3
(819.3256531487674,950.2157475593646) 1
(743.9450593819755,832.250186369278) 8
(288.72960930688197,711.1904790973138) 6
(846.3054819352525,599.8161261078224) 4
(669.261221529629,741.3658754368216) 8
(584.9437427092033,419.3929302590403) 9
(650.1425336611873,448.0355825589557) 3
(700.8700677350186,299.30579214477615) 5
(191.94817637732308,122.92249574760294) 6
(879.4954200989641,596.7186870150041) 5
(51.32395828557279,159.40845661993598) 6
(798.5445483298347,226.68582423583217) 7
(707.5283314504039,760.904663004034) 8
(788.963049664952,479.7258915586597) 2
(386.9945413003252,407.7741493398783) 10
(980.7728998276501,156.87421910761034) 2
(97.22017635148816,547.8095153592892) 5
(795.6732363423886,106.43074630385374) 3
(915.4145280052309,176.13677950601482) 2
(240.57731595019348,52.16099244209482) 2
(677.9287503989082,382.92341628598405) 3
(992.3441218144316,551.159359040103) 9
(268.4733406274252,826.9407008386787) 4
(697.2840784196908,621.9065078468008) 6
(892.5136485619785,983.5454545883824) 9
(69.75859993072741,605.4672709908169) 6
(197.09258128109707,126.16699574179447) 8
(538.8609654807109,586.7477342797645) 3
(279.30853503276023,573.2516012577267) 5
(158.66297846535838,429.83658187410947) 8
(565.8337037689626,111.88663498022022) 5
(131.5728175949048,961.1659096080795) 3
(877.3265475373441,359.3168804601574) 2
(932.2880184824219,475.52319634024155) 4
(148.92992563693673,143.22371113780807) 9
(763.6823160991872,918.0611808729672) 7
(522.1272847493431,394.14684118187984) 9
(54.813253877710856,642.1214969860323) 3
(390.1697650883591,620.3611404092248) 7
(86.06662695053468,507.07425111477124) 2
(417.7793640353365,283.7134128580715) 5
(378.02311043909,457.20502395259143) 1
(257.09055955062854,563.1282450524266) 2
(382.7524853578078,671.4344073159423) 7
(820.0434805352197,958.802902270014) 5
(343.982022409389,285.1075403628607) 9
(436.2268947023651,469.8293089606557) 5
(799.1720673621602,977.7086954231579) 6
(304.4057539480818,353.70117233572904) 3
(615.9184190954347,8.70068277247038) 2
(388.68643166936056,297.5972959584179) 7
(748.8557463269711,737.5095829246662) 5
(179.35023559342267,480.23462570494326) 7
(638.6990100642862,636.8466596077177) 6
(31.062282584546132,691.2084465741315) 6
(378.830052910323,522.0848416442839) 6
(740.9030198133488,570.1876346515708) 2
(525.3592103484517,178.81219485998446) 10
(746.7126962511081,266.0278306936676) 1
(362.1485097719468,545.2650762552423) 10
(264.93143233918516,144.89717710275997) 1
(263.9052501218896,557.7986828089706) 7
(265.585906443638,883.7661850437252) 5
(842.856006889536,181.4901146697151) 9
(443.1111429678114,878.4797256877685) 10
(107.27016315093397,876.4328880631963) 1
(690.5446229261987,301.3353018267515) 3
(185.7207245467113,833.6525960561413) 5
(111.93267174187305,824.5447603968709) 5
(893.2997066534922,73.4576884888819) 8
(903.8026195139713,288.24882796178963) 3
(675.6517234315486,368.5163458674164) 4
(254.67331175793385,186.41156457734164) 9
(655.6752830453661,602.9592031997927) 10
(43.477994950864904,953.5139212303525) 10
(513.2794734494793,499.3926163607404) 10
(923.092717076793,958.2130545694018) 1
(223.5928867064503,784.1870607396543) 1
(129.40931199603278,822.2370879772711) 5
(661.7817241282285,91.955780678587) 10
(520.9530794295861,43.7209839016528) 8
(503.98607865090673,206.74333609323915) 2
(265.7302192126424,337.75718636835506) 9
(375.4203129304977,913.0506496831993) 9
(444.1571794572826,139.0979634862114) 3
(713.3213074232957,843.3983786546868) 8
(370.8846698467708,668.5190701219389) 8
(451.5068064396495,352.48079160550947) 2
(968.9303134815834,473.89538606493363) 2
(899.1890459392907,616.5801914723856) 7
(432.58829765641514,718.8487840253895) 9
(944.8493445108962,911.0726031311747) 8
(833.6675454098538,567.2333936823319) 2
(482.8530283345185,679.7185331740209) 9
(19.770834004726566,623.8111875390148) 7
(283.1106922053245,77.4201521434763) 8
(63.67503608246028,905.2364542794221) 6
(118.61899482342464,63.0260901543338) 4
(543.4604866041686,214.06121520337794) 10
(75.49569012480528,832.7370819817799) 5
(437.3666133735283,752.9789452425035) 10
(3.6298649590821297,576.8765172866424) 2
(596.1416821093777,838.4295974336701) 1
(806.9196354318708,574.777496007599) 7
(365.76014569238146,643.3239754244415) 6
(189.31713519480164,171.8828671474961) 4
(85.12733746352386,102.01474268245214) 7
(756.5344279585413,875.7694314927486) 9
(179.5590933066906,790.2743650234474) 3
(123.60012863745983,71.09908417659084) 8
(888.96925786332,229.19611726071187) 5
(162.3807071637837,401.6230308596064) 9
(846.777236009101,926.2182895545757) 1
(159.04807541860367,461.7050811800284) 10
(754.0830328098858,923.8339114178335) 9
(668.2011554956148,52.77508000275522) 4
(751.8066954186556,565.2157429107328) 4
(730.3298615078729,837.0767893880069) 10
(341.3510364497916,981.3551226141784) 4
(405.69382921299126,766.857695016572) 6
(497.8926870243979,413.485627845144) 10
(138.2200043484173,611.0804312940443) 10
(118.89614910381485,841.5979126298356) 2
(376.59856877099094,403.5172750547431) 4
(531.59642781693,392.3734488420258) 8
(855.2854659241852,113.86563046455566) 1
(747.9796507529339,557.4646910537361) 9
(406.8927017918942,396.96244888749055) 10
(228.55817215291074,904.1187740919822) 3
(340.5495752692873,597.2796139985877) 5
(109.49950223826488,774.0605133594398) 6
(501.7744401851331,943.5889429248182) 9
(907.4446313319561,571.3742587306265) 8
(404.923600299285,469.65167390605933) 9
(112.93078337355855,403.74377440070583) 9
(362.352852862072,912.4306524115941) 10
(529.8634939608792,868.350915446112) 10
(761.7471759165416,218.43260920627438) 1
(545.9140159015836,153.1846568799996) 8
(535.7847864532057,506.21997848940646) 6
(378.3623729550816,708.6205287964726) 6
(980.6249640702118,304.46750606822513) 4
(192.8853664557686,812.9938525955479) 8
(734.0546510891481,193.7308797708436) 8
(349.03385624616703,531.3383939886229) 3
(183.38407598295902,805.1073595227188) 8
(823.0654368722892,1.4086279179962302) 10
(499.4941379520318,612.2395702798111) 5
(386.20194290588927,460.2608829255805) 6
(477.08639463001015,371.71621817933607) 6
(530.9404146158489,197.36918719962526) 6
(922.4593809556818,827.5551217847213) 2
(854.8835220164382,33.89663672407761) 9
(504.23098347171936,747.9127991509986) 4
(451.7712887485331,724.5865428203533) 10
(560.0114747326392,288.9170964877263) 8
(31.059189556232102,927.1147433860624) 5
(792.2692389914868,704.4350033203835) 6
(721.863461505227,274.73312159130245) 5
(946.6140216825997,726.3801706637711) 8
(79.1484817092778,443.08946331035935) 2
(963.7260514286761,621.2810019917657) 10
(360.9166866393666,356.2813035506279) 10
(480.90253540352614,837.6811625217979) 8
(674.8398839293397,821.755294045255) 9
(569.4573738814884,454.2082311988488) 8
(790.7842318662791,38.676075054755565) 1
(657.7570760441552,108.68861992907308) 3
(688.2841977718397,949.8000722388289) 9
(319.2454680229013,916.1252446289265) 3
(981.1912631144772,523.1376173095813) 1
(48.77067395953183,728.731119365767) 7
(568.0788306247551,790.2191559617664) 6
(577.8287037755854,932.7995317300047) 1
(930.7081989601638,216.80784565558898) 9
(526.7976159960571,119.47169520054368) 1
(252.78765207980658,292.32245950561077) 3
(668.9351095343013,948.8050226362908) 3
(298.58168875625665,323.6238871972833) 10
(400.0747331950463,480.0705309510594) 2
(449.18734040563726,287.5620725613726) 7
(955.4213702954436,157.85002580214646) 3
(108.80340737306781,316.13819039533877) 10
(184.39948868324552,946.645134393923) 10
(98.26535842497874,976.8736288263816) 10
(659.0514214096031,482.5456975767807) 5
(729.6291809987447,654.5330407781333) 10
(921.6022725578601,70.84034760993718) 8
(732.1060281142147,389.82528570814924) 1
(677.8904260279572,986.1823460876382) 5
(527.350116309913,925.2266157329597) 4
(143.91433944024413,598.2190039099738) 6
(33.806192329606134,419.3824008682641) 8
(898.2403003823287,272.71355127662366) 3
(356.16268714481015,534.758453489807) 9
(188.69794008709252,687.9065656817386) 9
(310.3050524765122,356.57887209956306) 6
(279.205563730609,241.62427678448327) 4
(148.10090902006323,656.7615886263363) 4
(234.62848592986342,318.03299650720976) 2
(175.65883758600398,211.77334571963624) 6
(439.9305007436255,924.6973116484608) 2
(581.7369626719805,159.69479388918583) 1
(499.66449069715924,928.3196778053566) 10
(153.33012275910042,651.8112854525071) 5
(563.2636114802499,651.9706804068481) 10
(969.2145433629051,343.35023526891615) 4
(639.1567884645003,308.24641193684954) 3
(636.7206137501765,914.0258068539448) 8
(501.6258242374236,568.4662296723724) 6
(849.8763323974645,49.69696607330742) 5
(618.5298484529862,376.9319977511723) 4
(391.44906516979717,889.6197012634394) 6
(339.68252550306045,730.6982792820255) 10
(664.0420492783046,729.6709724331344) 1
(845.8460144341094,137.95699278392493) 8
(107.16841556872502,34.551540976145546) 6
(758.5759024405228,673.7263033264392) 4
(679.512923169708,693.5429863143004) 6
(639.5043694955983,16.128737591780574) 2
(320.08305383608916,420.79872265394494) 9
(547.8784170447938,738.1790102913453) 3
(631.3579603479596,698.5081894157686) 6
(249.28104478746127,675.6431821170843) 5
(710.0479026069983,712.2324055378971) 1
(426.9692167000142,742.7248379220907) 6
(895.6436978814651,789.2537473771671) 7
(778.6136830254303,15.957852235552906) 1
(639.5036428388356,169.4989722983864) 5
(565.1413979725066,776.2007298651367) 4
(200.74442423620985,16.504489580263293) 3
(376.2196717270354,310.6361395975812) 3
(968.354233632009,326.8641733999358) 7
(855.7753926434223,264.98775058648204) 2
(891.0617234620629,851.4592561211479) 7
(364.3950595893337,775.214652203716) 1
(231.85911027602558,561.5773866860317) 1
(217.07925289958118,566.2199223344313) 9
(513.7459365576377,500.61806400810383) 4
(579.943273724988,172.2897079704444) 7
(587.1623416426949,961.4360557577451) 10
(352.4441659038019,148.43671235567336) 9
(303.3170784193791,771.2100379435063) 8
(694.5993314490743,463.40077978121263) 8
(230.5565154328626,969.9823782924988) 1
(798.5043802031645,932.0835752356766) 4
(243.7597319188688,979.685994358966) 7
(868.7925312880127,260.84078124809395) 4
(379.87808116197994,846.4367516171536) 9
(331.52187481219244,662.2375496142471) 6
(605.8395103001112,188.31652834942759) 8
(837.510797856096,217.39591424132576) 1
(988.3130937657445,309.27000761919356) 5
(120.32787863622751,603.4715632760564) 2
(202.37448010305837,556.1136351220005) 5
(245.9674306597046,196.7145814661976) 2
(681.6858903557688,561.803692781674) 6
(8.08464097569217,709.1789672855075) 7
(657.9883275950574,669.0998673165863) 8
(278.0594550024843,448.02050855033457) 10
(808.2731820204338,891.9709611282063) 5
(448.26395307025746,674.7378164392005) 6
(779.3139767495865,695.1142001411314) 7
(951.6202280653732,484.17227530091566) 8
(704.2883284767482,302.8916287987274) 5
(444.7309067359737,399.23402611345114) 4
(933.3104992542372,466.16290938682124) 1
(727.8956135860617,343.27422173716525) 10
(554.0692100772147,351.5979732650434) 3
(339.7202416956437,817.472651920171) 3
(850.2509866025306,242.54228341608786) 10
(902.2285993300387,112.25542485035356) 4
(696.7097936077654,285.5034719142081) 5
(129.38913880414705,725.1578408568366) 10
(380.4792176444708,300.0944598389251) 8
(163.25583050144564,860.1485102071182) 9
(958.8358612425568,538.4350963163076) 10
(636.822191929722,233.03882561383728) 8
(501.16297849777413,794.7497766378215) 4
(328.0577341932338,873.5600060023503) 3
(46.038986515308245,229.5290504228108) 7
(830.8346454513583,306.56571558669646) 2
(148.71606203635523,400.3406986143001) 6
(271.21022396390947,866.1004852439002) 2
(163.26946958657075,684.4090662914707) 7
(557.0518353302194,565.2460041336869) 1
(324.9882294027456,369.1945430036924) 2
(74.74291171357893,359.5708512014198) 9
(486.266586172687,531.1077547208741) 9
(874.316974370073,29.762455113100494) 9
(795.6647843471615,557.7624779100063) 8
(763.0455759859091,0.2828880238828768) 9
(754.233657748939,285.7708447842149) 4
(798.6489615746173,730.8080317972875) 1
(538.5482145375079,414.7409249594663) 1
(767.4178820417354,243.4219646416208) 1
(115.42930246015027,506.3236399391491) 8
(165.70744144479355,50.08469847664887) 3
(647.6630642401404,468.16122895562927) 10
(926.5061550488625,984.9500907265985) 7
(267.4307751164953,837.4026870809188) 9
(411.69561168047676,417.92320116567026) 8
(876.7949414490315,511.2436422511307) 2
(543.2760650219976,336.50586232866533) 9
(235.77704429376234,451.2372590190651) 6
(382.08597303120985,444.6675645883944) 1
(839.1677543288087,380.9519809103774) 4
(948.2017639389423,69.94521461350811) 3
(582.1542400557696,727.4754518886408) 8
(42.14107872648487,747.6891586013118) 8
(640.9001161100097,442.573986051063) 10
(290.1762072249989,304.0871256913954) 1
(529.7981436640445,591.7660560301042) 4
(748.9497380689617,335.96726615891004) 2
(567.5660087973434,804.7550640354626) 6
(344.6333558146534,163.16823214148357) 9
(374.7866188317832,931.805473838726) 10
(174.19258131237837,31.383929438012494) 1
(649.5755145979044,685.407094987941) 8
(687.3756095594689,617.325281940812) 7
(734.822525834288,971.9304412445488) 5
(898.3788298323904,705.65409431755) 3
(671.427491412194,456.59166493102475) 3
(904.0925485542227,591.2145105869638) 1
(518.214634480172,703.620212764425) 7
(761.8329571904903,509.00625572103297) 1
(924.0895589480624,519.6491286281388) 4
(202.6994793760807,310.46789032199985) 8
(9.107457708346978,788.1012045858378) 3
(950.0471284968351,223.6032404953949) 7
(475.7358530517628,801.5949793693884) 3
(164.86969067256373,638.0640406276764) 3
(323.5994006396534,135.46972151879265) 8
(780.2814336859851,862.9068716111454) 7
(964.0590301662245,372.3334502884532) 9
(614.0787641561141,551.3314842052948) 8
(355.7571143634367,351.8540845600886) 7
(985.6238277483578,655.7254631720594) 5
(371.01571085679274,781.7466008813922) 7
(956.9388237148993,421.2798735920327) 4
(657.7293195076018,683.0508097988425) 8
(14.80864476936361,222.39924362628406) 10
(719.3381457185498,981.1461279804786) 2
(298.6762075015281,42.67003747613263) 1
(448.9819351631809,97.78844766693251) 5
(883.3474265949512,857.9222573118013) 3
(167.10764817072865,218.43132816325073) 6
(974.6059660150834,358.0015115085495) 5
(919.1215081586595,603.7178526681946) 1
(135.44482298785044,321.19820405954755) 7
(430.71426273232004,64.31203701103705) 9
(25.772954005601644,947.1968532835855) 5
(923.7489191676062,0.16144791314587348) 2
(585.4037239353514,808.6229972764559) 9
(798.3391642694854,825.6440403937337) 7
(256.40082579811184,674.5076876159326) 10
(824.1047998665189,335.24698532420314) 3
(723.5548831141423,182.61590050710274) 8
(741.214124332472,533.3737083750059) 8
(922.5630128939978,879.7164509107803) 6
(345.41061878903554,949.086147603609) 9
(899.4541044306628,692.991703587729) 4
(252.07024272688884,845.6146927889937) 5
(577.2663522217084,685.3020945009388) 10
(552.0936845105274,362.3975818257379) 9
(62.84046080921446,633.3001711356836) 3
(301.574801411593,230.82824963073978) 5
(983.3070363508066,666.2195896098985) 7
(695.0001170131641,566.474854674818) 10
(53.16970870483417,786.9492439599192) 4
(804.6008793984755,881.3370146822527) 4
(206.751691688151,776.0744835256921) 1
(809.8608850149818,880.9898261514963) 3
(450.0964143157591,968.12279201087) 6
(596.0741144235449,407.54955251723345) 6
(989.0075875056885,298.45973222975886) 1
(292.88848526572417,272.84007334513626) 5
(984.0157802916096,306.64441839693956) 5
(868.7003468820423,247.99204993020453) 6
(823.0819984610825,208.44259024889854) 3
(59.70972521332185,138.97320988337302) 10
(247.53695182881586,184.7935363911052) 10
(77.40594885327656,186.82597680042468) 5
(916.305158403242,17.393157898082933) 7
(983.1481696388536,793.7878363609346) 10
(374.8617377847824,643.9514451539625) 1
(31.834926479531678,593.6488887289332) 6
(469.0290852629133,582.4013330895369) 8
(136.64077700415467,226.97371425685253) 9
(817.5039185024452,563.6883322476933) 7
(664.3557356364205,386.14340432736515) 1
(682.2285726123151,878.040030420723) 5
(222.03836923381814,985.549267618543) 6
(25.026117537153002,834.2653983403676) 1
(409.704735586451,486.71478730611165) 7
(929.7234097994063,978.7931335579364) 4
(73.83025945601406,358.5972876763191) 7
(558.4594624004986,384.6062755941164) 6
(982.927409954885,963.1592947146931) 9
(201.42162930013308,71.4612962324166) 9
(381.3897406527802,609.565528545844) 3
(376.84428520012403,388.9868394489168) 6
(901.8735638571975,839.6698637946996) 8
(110.21228548999318,97.09292204126541) 9
(362.01413150387896,859.256533629784) 7
(852.4736959226086,523.8382918034257) 7
(815.6765313138374,543.7086437294685) 6
(62.495118865833035,655.8158909540825) 4
(185.9436236625984,271.9566706487788) 8
(104.34583684285393,936.1036502496354) 9
(801.5147825322969,393.35184981924533) 8
(169.8342353523572,9.599029141438397) 10
(731.4621591387356,313.24467379557854) 6
(986.3803380975003,990.4712226241463) 10
(182.0469001929781,619.3822172686781) 3
(837.0644796177128,874.0872107709342) 9
(51.366092196732716,298.01651553637384) 5
(522.7614395417095,234.85571572001683) 1
(729.8098142373402,725.7780746275712) 3
(475.9402631293166,642.0978910374137) 3
(667.2967804663984,615.292282761042) 10
(989.1162738547181,735.4065745502155) 4
(580.8240857918533,988.7101552920959) 4
(579.2987222821318,469.9312152992948) 5
(677.7885750852643,834.0225678316043) 6
(342.76480882648565,983.157139855555) 6
(742.1262394010804,216.13314704822838) 9
(825.9004218739475,230.28931423012077) 1
(617.8552949300004,551.7650296181605) 6
(762.954133208296,78.30369200426479) 9
(577.8008769524871,593.0314330906646) 3
(240.82142713920507,458.8858870937224) 6
(52.30527753907543,210.84501260263434) 1
(171.49534968837975,357.8998196237521) 6
(801.0373081741196,850.491025878601) 7
(947.6855718328419,476.6563915731993) 2
(98.84435304007111,773.7752459069336) 8
(18.928252061962247,926.376423601399) 7
(622.4424430954932,564.4179591482415) 5
(936.2777869264401,659.7947178149016) 1
(785.6558983312639,849.9907217950237) 2
(505.55261327447045,636.6945060051005) 6
(169.583770741335,390.1288382097574) 9
(36.33583195707879,473.62922054155774) 2
(91.50860984697195,532.3197410272313) 8
(861.7878488907271,405.5620482289628) 5
(456.78734930274464,886.7272316418542) 1
(434.8350491976384,502.0447524834757) 1
(43.43267907241189,523.5318333700247) 8
(39.98496949874608,615.4825981208513) 3
(48.45154046442968,45.27174964882996) 10
(389.12984155611207,952.1417214619313) 3
(477.4467814227923,188.56128967299733) 8
(178.07155853588264,465.0637917876009) 5
(668.8339072262928,299.4711907997333) 2
(791.3361613082305,17.35997049564686) 7
(635.7097501141313,479.20623670173313) 10
(548.415563322948,540.6894085953993) 6
(894.9483979510345,729.6168281719206) 4
