1000 1000
10
(0,0)
23 80
550
(567.5121148459037,203.4148831690361) 4
(995.1752298796413,745.8397725900818) 5
(171.71559828638217,922.3847731598231) 8
(409.6535968802078,819.4296785204357) 5
(281.5976143913096,763.7218764599894) 3
(45.111590839633344,506.6746650992453) 9
(923.894822330503,18.413017094394025) 9
(132.23898174143378,750.321823260762) 6
(413.0116221308916,794.8894457297109) 2
(166.91079120688235,271.43538772128596) 9
(724.1080636694621,563.623982962327) 8
(583.5590495105849,920.2868811769158) 8
(212.77910406753188,565.7150648804479) 2
(477.5651644725094,85.77054617852065) 6
(323.5973245682826,399.14092008931044) 9
(517.8023608739239,162.85370701273195) 9
(239.26810268508603,550.5228229647303) 5
(196.2307486742173,12.917960294225983) 7
(40.284591045605225,80.08590713354025) 3
(936.9877257257397,484.7798238482082) 5
(298.0462159284728,164.78002376763567) 10
(901.2185649796183,288.40750280303894) 2
(129.45743335974493,193.32591385738485) 10
(66.02443007089187,509.3916943352337) 10
(345.0881372595625,32.461576511391144) 5
(77.90595357314278,266.53190613186115) 9
(135.42540910791834,662.3696508912236) 1
(744.8472816107497,149.5209940673288) 3
(700.2599070254433,120.19370102025306) 2
(398.972210046493,917.8252954325967) 2
(730.8975178549567,938.0920225138831) 2
(899.0459845452984,585.7058966438615) 8
(737.3990886061742,254.02457094331766) 1
(571.5082411787358,516.4749375587418) 8
(692.420989996817,813.8105794599791) 8
(355.6551214198198,792.1402261333061) 9
(370.5291021489182,961.3516855450291) 5
(285.0311510335578,908.6243672788752) 1
(918.7496465201336,334.8187618207976) 3
(573.32619511458,273.76962798043957) 10
(648.3300293677534,55.14256297844189) 7
(508.03818499772945,66.72335001308738) 9
(74.01044723236849,778.742113470044) 10
(95.06575959000341,656.7715360140095) 8
(910.7329178156806,620.5887632169749) 9
(887.669090595274,203.69124980578346) 4
(437.2659635399172,187.79321719794427) 7
(613.0753129036492,49.619866958041435) 7
(36.122979154084575,764.4068291197269) 10
(251.68599129072788,879.6916179178467) 7
(741.3261216977876,736.2830327557397) 3
(917.0236177648858,959.3847916302474) 4
(695.1113267506781,766.7539416185796) 3
(13.112795464779614,896.2963079989636) 7
(640.2600972502883,295.1803256322879) 6
(843.6035962261476,816.4411853818866) 7
(112.34355860367484,358.5004069729251) 8
(182.42854414637054,232.71442638492158) 9
(204.4191432737713,302.37810346270066) 5
(70.8068940244384,565.7054815542189) 5
(365.2575547949705,726.8853342089609) 3
(54.10867985646883,261.6485445264907) 10
(952.8139996661675,22.386460469783877) 8
(750.943382431851,93.10041805180657) 10
(961.559212518902,961.5054424609817) 4
(564.475764896037,301.8512458206759) 6
(858.8942093549866,292.6097137735637) 6
(552.612568916018,761.5065581110737) 9
(117.06478494529892,267.7679358091368) 7
(904.1983391565803,256.0641107598427) 10
(214.02584534742454,693.0320156902771) 8
(357.8789330369893,554.4803850907542) 2
(212.57758747363175,428.4346179096089) 4
(181.5572028228959,416.1505110191107) 7
(672.0265592492318,374.0622835864838) 6
(698.2987187149646,239.3991286680689) 4
(779.2733905736271,264.8240475573811) 4
(382.04831498845806,242.70523881069283) 3
(7.906033566822734,363.82180222698224) 10
(327.9713110373288,854.8268336430193) 2
(320.3876647950773,94.15250178722478) 8
(927.1069755370673,574.2103931234783) 10
(627.9420375352523,870.6251048825967) 7
(300.1096569595119,181.6661239423867) 6
(156.11871173889224,654.9013001026412) 1
(551.5874524773594,507.3417066630841) 8
(748.1487556509829,243.78269766279524) 2
(945.0888696075176,749.8455842137848) 8
(752.6844797777431,958.8418625598297) 1
(810.444234756392,701.6725784264974) 2
(587.464222263788,448.2072410288749) 2
(932.6144115835076,792.6900042777299) 8
(308.2920931710988,979.6854166604621) 5
(954.9963833289602,981.7870575204843) 1
(196.57954063326798,519.8020525786012) 7
(912.6087743274725,794.2187088060984) 10
(524.1744533843224,699.9060939676775) 3
(649.1556810794302,484.0290738497376) 10
(954.3652178455176,466.75934538084095) 6
(401.4566294283994,537.0011580867498) 9
(361.29787656434644,235.85611550865414) 10
(599.4489406268772,41.21745489821438) 8
(689.9095724014173,871.0072158607755) 10
(393.3859543459157,717.3826089191448) 9
(974.8981776654075,206.14944831871207) 8
(176.3534500235139,107.82114100540441) 4
(504.2002969215262,305.13484436817487) 9
(967.4051305215635,936.5190164211546) 6
(992.6643335837834,372.31788398859914) 3
(265.53447425799357,586.2432383115242) 10
(305.8309347129545,845.4395825284704) 10
(39.02527051144067,363.7417797474632) 1
(452.82605679699594,655.88212222178) 3
(720.1189009917967,678.2451857612868) 4
(927.9685828824323,690.6377009551235) 3
(890.817793743726,387.0898165195921) 8
(84.8715959064944,946.6475455752019) 9
(795.7433644550673,861.367834482342) 3
(198.25677358278094,411.4487873768713) 2
(221.0923704128227,379.37109071357963) 1
(551.8092823919981,269.2208650584241) 10
(539.9415418209094,628.7859776838851) 2
(569.4453239373277,630.0738809189779) 7
(894.35617545897,634.8304525461001) 4
(571.811530072139,656.9398425958427) 7
(917.5856201017929,309.02124714805825) 4
(669.3374668714242,357.98599957465814) 7
(426.1452946495237,685.8603302001401) 4
(419.08875428609593,302.0149125297221) 10
(287.65348012635894,805.9725111299774) 5
(74.86769277849648,206.30770373691232) 4
(338.6477213901833,397.45364716281597) 2
(263.3851246317115,377.5912402419491) 10
(986.7514988748959,360.001621691322) 2
(278.7043572335113,199.53703012963553) 7
(913.9479754695368,893.8352981926494) 8
(472.1930480642206,876.1557440258191) 4
(283.29455737862077,86.85972242684659) 7
(565.6268083778838,385.39922549327855) 6
(202.11538586527433,134.93929539666837) 1
(690.8755988653655,82.30877683879324) 3
(974.5750495120549,98.48840049270436) 8
(742.5988281374916,850.6251667730052) 5
(52.65640236461311,302.22059206419726) 9
(568.7624561372571,756.2345809540169) 7
(800.509216713053,589.3625428165833) 7
(76.58182379011458,724.0414233063979) 9
(476.51809260046485,33.23451091315144) 3
(273.1806186426348,446.938298417337) 4
(726.6660789363777,671.8724012242129) 1
(868.2546138115889,315.80044055822066) 1
(609.8705751393549,212.22593317617898) 2
(310.4953550744304,148.65494582130933) 9
(718.9239904466506,148.29830118764588) 3
(167.81812910870576,972.230893751723) 8
(99.23638555535507,282.51098493632895) 5
(958.9629026242694,247.2507608028073) 6
(104.40867199486725,894.6933508688269) 8
(59.36868975255016,765.5047721067857) 4
(719.4207215762223,259.7356835704784) 1
(362.91418075402083,623.5503602105051) 9
(750.369059979183,205.47364070377117) 5
(589.7602127634242,453.4041198955884) 2
(399.97470592272623,13.400371387442988) 5
(154.23255128438174,842.2483801776345) 7
(818.8649576644475,483.2567902516101) 5
(944.6151729444366,160.00667385123256) 4
(153.96291118245443,616.3159413521926) 8
(463.7223295770887,741.7332139494011) 9
(155.58790261857715,290.42534149152533) 4
(267.42083588297805,394.592998190061) 5
(522.2532357384297,72.426189522112) 8
(275.29544506209334,842.8663359207671) 7
(822.437714310417,735.5943017075377) 6
(201.2189543388131,725.8754719893161) 2
(688.8608649901665,858.9824024962953) 8
(166.40529335504795,49.485413403785316) 7
(569.2797571753988,48.13891662081604) 1
(96.86500289537958,306.4786059773622) 2
(888.8817075658128,173.86859788993348) 4
(9.01611194517904,246.0454572283559) 6
(296.9424009058326,698.0293489276663) 8
(842.6109419523766,531.1817371287581) 9
(995.6498736983215,113.30986994808289) 7
(27.2653125109491,465.96618336760577) 2
(281.36183267454174,725.0121965737675) 6
(963.4574176521595,535.020393706971) 9
(867.04385895436,335.7023411493362) 4
(919.7655151297157,826.7658909231023) 2
(871.238736725986,976.0124619349192) 6
(749.2380939817474,180.96382094143726) 9
(808.3155609642176,612.055701142905) 7
(840.6147786592473,82.83346868542829) 3
(739.1304464438267,769.7615806596101) 8
(701.4420986667369,522.4922690683284) 6
(688.4195461665452,648.9657375022688) 4
(674.1415070557824,398.29014766615654) 4
(130.7487823931157,728.8440015237547) 1
(713.7918843561654,77.33730927747196) 2
(885.2133188178054,281.9003013052177) 3
(301.749995119305,493.72086375566226) 6
(737.6491612671359,706.9493599814515) 6
(961.7381929264969,960.1615723075624) 1
(617.4113071163156,877.1376105550173) 1
(199.74051580142793,0.24038802085679656) 3
(800.0974007925527,38.74708815734118) 7
(863.4669865952408,34.180097589878834) 8
(862.8804256794319,919.1784382650267) 8
(215.15215020963575,894.5767035090616) 2
(213.88749563343612,903.3649495681944) 4
(967.756878800018,357.7183616739722) 1
(446.7225596142588,995.5067030001268) 8
(52.65388635130775,322.4581740424012) 5
(776.2700575456473,35.8707897515379) 3
(99.33642718275482,485.34439760895884) 10
(697.3586142057233,487.96194306222617) 6
(356.451373694845,391.229882758136) 7
(555.3171365315114,262.1551152685535) 4
(695.781842357296,519.1992333379759) 4
(141.57203070920454,962.0770180079547) 8
(491.40993703906366,759.1862695938871) 6
(716.7105509245673,611.8819551777892) 9
(12.61577898452404,363.74114294303996) 8
(458.1488557205382,670.1084387383188) 10
(474.7585314357018,699.784575255407) 9
(245.59322697317353,137.1102127127066) 5
(452.9968182161328,934.252706783288) 2
(574.8710825479229,350.26856619999626) 1
(7.562366661751807,999.7928051556285) 7
(747.0719088320518,434.0791172465849) 10
(948.1661465778568,17.22986699076856) 1
(603.6022243145882,744.2765267011155) 9
(972.5032340526657,458.35783872077826) 8
(792.3099530573165,12.979143686850158) 3
(547.633454594236,261.4049452323244) 4
(304.10548508489387,501.7207814605612) 8
(180.69873840311956,282.3586396912616) 10
(268.9490811407229,629.2202786509489) 8
(618.505522869502,957.9478374302844) 2
(698.8281893884911,290.0632989165296) 4
(365.07400750913644,737.0230030790522) 8
(70.41979211195792,669.8684971711185) 4
(537.2134363158547,123.69799400975012) 9
(739.9318943154254,932.781318857509) 8
(208.6798085720406,882.4255539525044) 4
(469.07683660419855,670.0772139335959) 1
(163.5749419862752,208.67915971952644) 7
(247.58513749646616,520.7298651428077) 5
(144.32827492308587,810.0803666395294) 9
(355.2603963343113,424.9967967167121) 3
(989.705374601381,388.3714238629887) 10
(54.34437751296039,862.4811682759678) 1
(254.8000560109781,219.5793752898525) 10
(891.9691483161789,657.6357435267819) 3
(36.02041384749,139.02871949397212) 10
(685.1549229479642,55.707229959554795) 7
(922.8935425705063,581.0593795489431) 4
(727.2057581668566,915.5696458492278) 10
(560.2224385420301,964.0277335938564) 10
(986.4410322068858,682.2065892039591) 4
(657.809652278964,449.1058936547053) 1
(288.524106525293,508.4059334845998) 8
(596.6271168533746,665.3232341902163) 1
(491.4716706596326,9.21747698667219) 6
(188.6046654075978,17.452616042798464) 5
(798.7412626012223,325.6131212714577) 9
(829.5806639745559,302.78699659940867) 2
(778.4365964634053,313.49120988690316) 2
(815.8295259407752,640.0394722728983) 6
(51.374565820995755,51.70298684677099) 2
(902.5668837353548,426.4695242808425) 5
(914.7218330136718,789.454841893894) 10
(9.46419943381227,254.78940119516625) 1
(41.04633168305894,64.23455739412188) 9
(763.7852263534002,243.81016299958748) 8
(579.3903938612125,925.5847927757425) 3
(832.9290245087437,480.8106694378458) 8
(459.0817580605223,223.40522159705932) 8
(155.04049815404574,610.9594151797568) 7
(227.93603805808317,882.9060089405292) 3
(410.1606276424057,568.7080519101715) 10
(253.01787393281992,339.4830770322) 5
(188.81157591546682,497.5346479238277) 3
(705.4650348441095,214.79309640896273) 10
(202.46995783104316,57.43681108101728) 9
(745.4066548029931,167.5930748133263) 4
(542.1732448591919,213.04607625846128) 2
(503.6929894752108,499.0182603010696) 5
(759.994813046621,320.96036889184876) 5
(719.3634669360162,662.1701580691513) 3
(122.682453443842,718.3445124721366) 6
(30.688931683971244,332.3225363093124) 9
(752.032333217815,395.05466580918494) 1
(856.8240020505424,509.9654798698476) 2
(227.42402922741655,501.4803212625541) 3
(552.9060466200158,186.837359428342) 7
(129.8018347226988,226.32315639876444) 4
(456.4996724880845,748.2634239105668) 9
(598.1031111131275,485.7244404541451) 4
(984.0673624281437,581.7293003943755) 7
(519.67037347772,426.402212094183) 8
(289.58310404627395,243.48678833431669) 1
(525.6468422329555,732.0625899657937) 4
(488.47518379195975,892.9282680934866) 6
(125.80380819829284,235.51197577086836) 5
(151.68811362075496,991.2923398595152) 9
(552.3572582601851,204.795977429286) 1
(659.7811316313289,647.945839626773) 8
(770.143745987317,122.77074406877719) 4
(379.0628974783521,579.8835334062908) 4
(576.6497793758298,442.7530760558134) 3
(789.55173961531,44.1462814953909) 1
(171.89901316259915,667.7927512047726) 7
(308.5494726406234,360.91635560891143) 1
(763.8708776233008,790.0446960834123) 7
(304.8409138201855,965.6418303917037) 5
(920.2371419377696,663.7381355271474) 9
(426.13510151948884,733.9190179481496) 1
(652.9048285262197,26.262154848460064) 10
(541.576346723815,373.8760485364001) 5
(707.9168018461489,904.5225893674854) 5
(560.6178223633859,362.6361755583204) 2
(951.8747921684597,819.8313884529954) 7
(330.497494859744,664.3527912941399) 6
(587.0733203811998,757.4647157101257) 4
(737.2373787287404,829.228755375856) 9
(849.8254982207222,197.52313970201075) 2
(757.9592332561897,928.1863097526283) 1
(92.43065186864364,923.8643087615953) 5
(890.5848484354623,290.60980830649044) 10
(13.424421044687996,904.9809945531147) 2
(490.9744231843943,457.79221591382236) 5
(884.157606368296,744.0478791676666) 8
(216.45011380598012,6.07357366062411) 9
(988.6386831353374,757.5984643331467) 10
(862.9391733727082,541.665563649655) 1
(482.88607384930106,11.933528582509512) 3
(388.9441567203413,525.0836913141649) 10
(404.6163606660412,494.77278328483254) 9
(498.4121508365664,511.9457618637077) 7
(956.3437343390107,751.8542448028219) 4
(68.53206865924876,347.37170539284347) 4
(700.4754663789902,470.6965622324517) 3
(806.1112738922869,54.08834505863069) 10
(306.39837399956,62.196069078555574) 4
(499.2361822607755,121.60476916037489) 8
(612.7997266856867,150.39380725495454) 9
(677.8609681169767,104.74614479308775) 2
(908.8058942296448,728.3672137607307) 10
(574.2949960328423,819.041281354135) 8
(225.79194249716693,314.71517436681637) 7
(767.8707214282674,619.178826092154) 8
(794.1000794343557,45.8937003164438) 4
(637.043577586699,743.5193137243663) 8
(508.1364564075773,212.12089247891186) 7
(725.6395881988934,953.6536861948891) 2
(197.64432778392649,319.5652678923017) 9
(76.25548336278487,380.24428839027837) 6
(369.85821628217076,672.2329601445899) 9
(185.61108118546997,510.0211553664225) 9
(729.9552032094,738.5222768418253) 2
(252.79970662062777,837.4707818009772) 9
(456.1748371012677,643.4313989365896) 2
(295.3266542388909,552.4008049566066) 6
(622.3655211664241,665.5906681435363) 6
(638.8803946735924,358.2390674065785) 1
(745.5878222483849,207.86873943021078) 10
(847.599726152089,837.6078211182063) 5
(136.70133785096837,310.3371276611183) 2
(895.747255103921,710.5591394553172) 6
(260.9070259174911,624.6449893267509) 1
(504.1547613897575,355.10074901418443) 10
(426.44814892604745,480.56122819527667) 9
(673.3633500654365,314.20332980196906) 6
(329.49970667673347,244.94991248665843) 6
(25.464090333407018,479.116012398861) 5
(440.8148672510357,193.36767546598765) 4
(816.4061877687121,65.5390970273072) 5
(887.5923037693035,932.9085727169042) 2
(956.8176428670814,595.9325675129614) 9
(636.6289147431756,61.26497280405629) 6
(100.51940149691352,231.2202799254477) 9
(190.11659017247996,919.5283941522384) 7
(292.82991818079694,871.1175251695341) 4
(28.98251334825497,112.11627758427811) 4
(341.27360704853714,143.36425606097714) 4
(105.02296000355882,610.2836746673306) 9
(205.28375835989664,221.6736405468217) 9
(69.80079682058448,579.7892343759701) 6
(311.7079545828773,320.6239321720038) 6
(61.93524500278846,892.1955665506989) 2
(798.1684334382558,521.8730158190396) 1
(955.3879185286484,200.1710618106647) 3
(450.87088627959906,345.19951436217445) 2
(825.6695819442338,728.3223701839088) 7
(600.2773174107343,705.1253868541769) 9
(985.3543860150904,425.41951551182666) 10
(381.16722476276277,420.28296742814575) 10
(162.30800453355354,281.0182909159502) 4
(523.6073936447563,605.0715311420204) 4
(435.1014969378244,973.1500165622816) 10
(644.9387615357506,822.7887696891961) 9
(26.161648689325357,467.89839887886455) 4
(436.10626638899544,598.681843504242) 8
(56.69261088292743,387.3798188254156) 5
(310.8412686691585,980.2040916792769) 8
(549.2290227397136,928.8847582286777) 5
(293.83274806396474,15.66135582870476) 9
(225.31354811891023,590.927549423549) 10
(105.51984640344637,801.2582480277928) 8
(866.2720922681082,833.2238988330872) 8
(765.0659438773673,388.7022608135325) 9
(859.3954052760406,282.2415587051089) 5
(329.7517544494002,782.2601541502823) 6
(970.3873842103345,83.65883977616694) 10
(288.68710382027564,207.5440995132758) 7
(225.91863823880243,745.9846333894824) 3
(931.2963320207141,91.1695325515004) 3
(131.1500930522288,669.2282427875285) 8
(602.533488090628,184.3747554284122) 4
(320.5165162857235,142.5035933084653) 10
(562.1736187461054,441.9349816963528) 10
(314.72858296973016,866.1771669753167) 2
(58.83047823169596,785.5544026621501) 1
(929.0893301163463,143.7736129540943) 3
(473.9056659507098,529.4362143952178) 6
(52.485650505977645,377.40147778912245) 10
(143.76996345191816,330.713712331705) 1
(440.0921206011896,922.3948035446306) 5
(796.4514862355028,940.3423558005283) 2
(884.888727109499,381.12364692321097) 9
(447.36835393094145,370.36427755558765) 8
(237.83031254783205,84.2356906132643) 1
(837.328895422358,596.8209898655351) 9
(941.1650900387095,392.68418019435813) 2
(434.7862017386763,332.20930988006813) 2
(721.2898508380246,792.8568631495459) 10
(887.2919544890582,628.3121285240771) 5
(369.07879826933856,973.6589641602385) 2
(176.33218599244373,793.8186105237137) 2
(353.5353477507689,11.280999534329595) 7
(506.4320169753358,254.63783178691614) 6
(678.0966146850699,189.3315648632218) 2
(469.71596442514453,399.4905061460221) 2
(259.73631969325373,372.1481451017804) 10
(603.1668717678933,694.1412301844816) 5
(935.7049507906086,642.9541591711782) 4
(796.5993659397467,351.21390562465905) 10
(254.95490702810443,782.3257120458389) 3
(58.14999123052722,736.1053980600567) 5
(952.9658087439245,934.8602825792572) 5
(432.6898368001733,874.3261628276439) 2
(176.46292722668755,874.2026150898233) 1
(723.4321559756754,476.3320543017876) 10
(394.5089335125419,245.60492622641362) 5
(816.8549947316365,586.3614837537483) 1
(653.5500123881955,289.84306073208467) 3
(129.8965288641961,650.9632904269097) 6
(561.4485411330667,159.66324998314042) 8
(398.3111457685918,371.3356330250013) 7
(434.1750711474098,24.099042547463977) 1
(178.24318406077165,539.2139239987512) 6
(85.51223496007887,398.1336929653269) 3
(203.98114960923064,328.57848712757067) 1
(227.9841403275945,520.0443505072813) 5
(646.579056933597,780.2761444726516) 3
(60.14517112816098,359.5552248437776) 2
(180.56871628881376,200.28552468399397) 10
(712.3388984333227,486.5159728672315) 3
(560.1543739698313,829.3617278173886) 3
(103.98888846928168,892.0237521224828) 5
(562.8130472884567,788.7055460794957) 3
(492.07517518267287,630.3220780652201) 4
(854.8969487049433,672.835267817076) 9
(852.9261379033799,398.5412931684772) 7
(623.3745053020413,160.32675446017063) 9
(886.2277146771421,688.5287286509749) 6
(102.86156763244259,679.9244395414903) 8
(461.620730473247,183.8234903550069) 9
(362.5601687606801,979.213150508336) 10
(88.43124972829874,879.7557897159267) 5
(584.5523208264113,465.74271016703904) 2
(356.59189635779774,786.4669062279296) 10
(255.90430168765243,896.687045431669) 8
(344.441810396407,901.1360490543883) 3
(101.47862397105555,601.8614963261113) 7
(885.3992733354524,573.8298918346387) 5
(529.4315777894317,923.3285069800546) 8
(36.447089449879286,893.2102055591105) 1
(25.8050984013094,878.2123699178495) 8
(322.9424028258988,0.5448442350863836) 5
(622.5797106389394,975.7130914830041) 9
(43.66441369039653,853.0778456841675) 8
(495.02756942606527,266.02396525796365) 3
(681.7376180878676,392.0863050211066) 10
(234.86144937487254,616.9921334644021) 3
(884.4533140144414,887.8218168131642) 4
(489.0880608077225,781.2358100253839) 5
(409.6287104143007,124.59311321181809) 7
(651.1387506793062,3.627564431519792) 8
(137.82275782814492,955.1765553196735) 5
(332.45001641595593,330.2596369277486) 5
(174.4203191993856,359.05409561956225) 4
(951.0568720087537,287.98837277677035) 3
(665.9088220006864,686.236123358794) 9
(641.4624761882835,190.15594530139256) 10
(95.82886534642199,453.11840946752545) 2
(140.47394514626043,213.61565902703182) 8
(710.7065330546725,778.9594303231441) 1
(983.0164072204269,196.8393749709505) 6
(541.2101112016999,712.0147372037011) 1
(945.4226577165128,251.8633083655767) 4
(920.787124553176,648.8207896182198) 8
(175.21109262681944,765.1541036597632) 7
(427.0704849633554,988.4232919142988) 8
(710.3932658796317,272.04266848918235) 9
(77.6863169621682,23.43722267517534) 10
(239.91439775691714,211.18822546244732) 6
(818.5805334652299,939.6519563506367) 6
(61.855989259000935,230.48014698829266) 10
(849.3744642196937,190.3892921285343) 10
(562.1472694742373,506.38071439235455) 5
(607.3838975607762,70.48901835959353) 4
(175.5192621735201,174.33601920995324) 5
(948.7393123516983,465.68698732480806) 2
(466.9914869510442,147.86874549432338) 1
(698.9319489226255,16.021992264235173) 4
(949.2440099714923,47.49511871679613) 6
(86.7396339790304,165.0565278090309) 3
(461.0321573454125,812.1730833384769) 6
(942.9016799660159,595.694514483702) 2
(53.47918888612402,601.989637853983) 8
(616.573899435694,98.7208460275929) 7
(454.2829364011983,828.823814417087) 9
(222.28363999594535,565.5955374265234) 6
(974.335445071713,308.45863100686597) 7
(557.3251865038014,169.7124815541179) 3
(278.7188616970161,234.940470876823) 1
(592.0587777401594,243.0729845831229) 2
(455.1019616173383,931.3298783952642) 3
(746.995245097819,281.44088159337446) 9
(944.1092011496935,426.7677281229409) 1
(372.27459540629724,717.2746488602378) 8
(904.4710443178327,757.6203154144055) 2
(297.1256430383732,179.60898182067174) 5
(430.17331237655975,421.06336482642) 2
(753.8272123687351,953.4380071467433) 6
(127.76574648677197,156.69775788235464) 3
(298.64128503347797,798.5151123903813) 1
(847.1704469513736,868.399481813801) 10
