1000 1000
10
(0,0)
23 80
550
(453.38433291631344,358.30301288532587) 5
(737.898151651561,515.0204175116365) 1
(419.90323691521814,240.41524876846754) 1
(477.96046468905286,621.6716999777934) 2
(298.62664946027684,376.7488985865297) 2
(517.2445572171766,900.491649165742) 5
(929.4084751096827,634.6717396019831) 8
(698.4279808594756,721.6394151294002) 6
(994.6512628402972,743.1547487228061) 2
(147.10514590506585,581.7059137891845) 7
(270.8139520070733,788.8359357752807) 10
(433.86428796970966,858.3907123896226) 9
(0.258756728312437,185.1505961467569) 4
(483.57041615329086,680.4512545292903) 7
(523.3753410708591,661.5040025920794) 10
(752.6843021264219,225.9618771571773) 4
(243.2770255047365,887.0375829708732) 1
(889.7755458534181,115.45944867780034) 8
(100.38608289254847,506.9249389783375) 9
(973.0824844178318,708.4639453314936) 6
(290.17429802215247,592.7087443458464) 6
(432.22835936653,74.36203552137654) 7
(67.2565809771558,209.0112204215705) 9
(123.39614029406498,817.7630313607734) 4
(586.0551765662581,16.162560307317776) 5
(186.23767779500034,965.5993168284755) 9
(756.5893203749747,67.37904668552008) 4
(424.1292932687013,278.2164176368205) 9
(945.517468145469,204.55206260105606) 10
(974.665761197589,694.6135686303129) 7
(934.2281354069368,354.49316603132866) 2
(394.53963602810984,343.95540132124614) 2
(850.3062716209973,641.9830044185774) 4
(368.33306907390084,671.4525436425895) 10
(135.81742998779677,582.3629186236213) 9
(952.0251353807082,123.13798198138059) 8
(763.5344549638136,332.6244207731277) 5
(599.4400857733638,362.6038711376007) 2
(76.42614824310523,695.8865897450049) 9
(474.53265156027527,133.52092681805848) 9
(152.7808912511881,680.8718315749081) 6
(190.18569733514778,364.45896795514875) 2
(461.71986842934376,376.397963789699) 8
(391.37890530859755,134.19186482772005) 2
(81.72047674290039,788.1563653533707) 7
(429.07766259484157,460.0501726488097) 3
(723.6288127151776,943.1063786547871) 4
(287.10683265368596,15.449718818851599) 1
(308.5720798051227,391.8686090047785) 2
(299.2316976834534,939.4869815137492) 2
(911.2556973976734,329.39418408094076) 8
(814.0480667410897,286.2086969027621) 4
(742.5872257321295,245.22290144636995) 3
(558.8935651280749,661.2952768477736) 4
(976.806017325389,596.4742975376477) 8
(580.8883847560784,287.7285146256249) 4
(845.5286023938173,944.7993293826412) 1
(456.4632767488405,472.8279314070443) 3
(55.12486972610786,795.6979264966446) 3
(509.62762043051055,689.349633223784) 9
(546.7652420324365,179.40549412391692) 5
(172.99758686168954,869.8803636045827) 7
(200.8402184829077,842.038466743654) 8
(266.2605986430695,120.2037337692644) 9
(80.48329412420352,114.51956235615923) 4
(44.074050295621056,626.0362287390977) 2
(620.6127503945306,347.37152730506614) 8
(681.9320347890178,877.1352009141009) 7
(750.6172992106193,1.8875664564252936) 1
(304.76127388754526,541.2441880600675) 4
(509.54187345879643,685.6700889462782) 8
(570.6150980657707,725.2798027640833) 5
(357.9076422433819,617.066471946591) 3
(980.7708132934997,321.1047701260391) 2
(93.17379322239483,536.4298145128262) 2
(25.385194942879608,752.7173507811672) 3
(649.619634087883,296.5210015652158) 5
(874.6454170050398,44.48766361930356) 8
(731.6691358928839,862.7106999612827) 9
(252.39974699758895,91.11638998520478) 8
(718.5206572893435,410.4192772352524) 7
(621.3453415506309,645.6057939365215) 7
(929.2721041445337,874.9815399358258) 8
(134.80698440845927,215.24250180498973) 10
(925.8590416907999,835.4847429668773) 4
(313.49103453835716,177.98869685130325) 5
(408.98389872620066,405.07699311112367) 7
(867.0870580300553,376.0785090016854) 9
(0.24816435695285133,392.7616259884227) 5
(403.7616632753396,935.3629454254432) 5
(966.7303186931664,135.9551704185269) 6
(725.0632427627864,592.0327711744807) 7
(506.92584583438673,594.3188963675735) 6
(385.620690827297,398.8302954477755) 3
(57.58194258140459,656.2551661523172) 10
(987.4081216696014,775.9291168173183) 9
(597.1103265177553,87.2734424149615) 1
(732.898273374482,493.1023497687601) 3
(370.7907670427925,977.9978440086329) 6
(927.1061153472742,260.8101028690247) 10
(281.0582891629061,274.9275808899966) 8
(924.8509868320565,782.2371889414533) 8
(336.98484352684557,642.3469047032869) 5
(703.1012063134724,188.14508977048493) 3
(664.4719968138941,609.2146036035934) 5
(354.6133077005087,104.32599130106468) 8
(521.1569732973975,613.3382602045039) 2
(34.643615210771415,743.9447922891592) 1
(734.8699861993846,926.4659599606557) 6
(899.2899140463707,922.0292939899118) 5
(460.6978612090301,986.9891653997129) 8
(691.9042852790814,328.19463355412694) 6
(827.7452511069373,492.1280283661402) 6
(929.6666610534975,836.7220856562475) 7
(451.15063335140235,277.1863641519811) 6
(188.07159653827233,308.5315267652137) 7
(241.71121494218528,27.072891059826464) 3
(315.5990625798215,508.2511851649741) 8
(337.9455035932735,435.6612037881927) 6
(587.4849125599425,280.8225230673237) 10
(836.4042867229911,278.23624342111265) 10
(226.5634620788758,95.9567719415072) 10
(73.64914888839336,106.78525150727658) 4
(997.021389199396,69.05728916670351) 8
(916.4073338839436,151.46485586233183) 9
(179.07032982642025,889.3880218643986) 3
(90.54019076448971,603.640858234216) 7
(932.4416566607773,331.6017765937564) 8
(788.9018054418623,936.2559973044346) 9
(299.1918054440206,567.222598230852) 1
(490.54954910615834,894.349310997198) 5
(315.6881904118044,861.4561420393815) 7
(948.6891692378921,466.1378303210137) 5
(356.0024111849558,510.13760355145723) 7
(924.7700252159943,771.5423783106392) 2
(324.3237859903282,951.6408161960139) 1
(459.7714415968709,414.8526820712891) 9
(399.91317085498747,261.97002722486087) 2
(974.4353410661183,902.6970344629108) 1
(720.3700231930859,46.399107917975634) 5
(308.6954427588647,416.359280202976) 8
(256.94502411728706,689.2782906624407) 4
(168.03902847300822,599.3244941906314) 9
(980.5311262398093,393.68442025720196) 9
(95.0623518748196,885.6389175251603) 5
(418.49281636861946,87.26916339332502) 2
(272.21167006855575,330.2844187614016) 5
(932.6742853015387,256.8729695619063) 1
(64.4817843051435,802.4971927519995) 4
(281.9186988597038,0.17636742733428967) 3
(471.87403775428396,612.3414756331761) 8
(115.73567056456058,82.33244429890996) 4
(598.1539298972563,539.365538703809) 8
(586.4486765302511,655.2749477948146) 1
(781.6657016078468,646.3368165938714) 3
(468.55424559671354,104.27441860566321) 6
(888.5944683206715,782.2163055995736) 4
(225.9097564472372,880.2398548484722) 10
(981.5556072244229,388.4706930789712) 6
(544.7853023863981,159.82091450418358) 8
(776.7822921381904,489.0749635701229) 6
(256.7354212685109,811.310611852882) 3
(957.3663395539269,0.11760560926321606) 8
(682.4228813502345,71.83659419092214) 3
(104.90116639749758,695.5980168193812) 7
(128.96942207822505,926.0055181520512) 3
(673.8621606796706,907.7828477478685) 1
(184.7832886011328,297.97678230163416) 7
(677.507122127201,822.4914978344702) 6
(154.26886733301504,372.6542211294744) 4
(70.98467990455958,218.9221188471171) 2
(686.6270812385517,324.0002303272178) 7
(115.11916342610473,617.1899192142057) 7
(478.17973836480934,213.1345314485712) 8
(451.8956850172455,960.7697340527485) 7
(213.53273989247222,7.7807531257318985) 1
(493.1122642961503,988.8419193360605) 6
(341.5322252299635,775.1719469931892) 6
(348.7337439142772,780.9158307188584) 3
(117.40385451461933,381.8833562973529) 6
(947.8007061779069,834.61994752849) 6
(963.6721640419875,809.7574827467419) 9
(749.5339947458824,678.7561872588672) 10
(24.146659767892764,933.8681422421947) 10
(856.4125521714333,764.5746117420183) 5
(689.7564889492536,901.1548061486129) 6
(359.57714009866004,802.8479390367561) 2
(90.23308312014899,184.06763272965176) 4
(675.1301391162712,50.327782832831794) 3
(525.1194296677284,581.3391983909111) 1
(339.8459988141134,907.3810544057254) 7
(298.5331828205818,619.1826898408831) 7
(635.9134085155395,946.902625641262) 7
(129.9036657578425,779.6303315139613) 10
(529.0157686945497,49.46334940974517) 2
(175.8911893918219,298.0193876709498) 5
(378.19663841799,357.76668951887245) 5
(525.5887389669567,957.4314626904136) 9
(980.4363022136769,585.454011999282) 3
(928.4750360263686,931.0305580527729) 5
(977.956851169976,435.9687434057965) 3
(36.863643121843424,633.2021645350493) 2
(708.2282625243081,651.1977294357933) 5
(942.9598436001347,43.447437700781634) 8
(206.52370684720432,284.26726659362623) 4
(105.23413467220932,925.2300754000664) 4
(737.9205301376952,736.3124127801705) 5
(799.6487680673359,472.04890836514943) 10
(896.5068609860369,974.9628165127267) 5
(526.1359348585461,540.3383179231928) 9
(562.9157824849193,607.2438670886826) 8
(666.1792221946498,503.4107938488177) 6
(671.5072332189781,421.7552252315615) 6
(329.85497750596136,437.6316851389995) 4
(150.4590102598079,981.0649154771329) 10
(488.2046423344685,929.7635893150756) 9
(706.177159578637,776.4244984780543) 4
(638.4355580567795,170.8422560949545) 5
(296.7948515413316,423.9457134908636) 1
(440.285335444763,304.4528454888743) 6
(772.0324305949397,591.8876326730212) 2
(827.168639883694,410.07659306406043) 1
(32.6291387969444,182.89742693428346) 9
(527.4681067091465,29.581131025923636) 8
(142.4074577520511,538.5112140444932) 10
(545.4327631785677,626.0797286635777) 10
(468.381526911297,170.32668409419537) 8
(759.2340411883825,847.0125065064452) 9
(524.3564585491246,164.05451581592123) 6
(510.6199791365268,960.894721008416) 9
(946.4635613928448,529.0137063749298) 2
(628.0086276316783,702.1380993904957) 6
(190.14130604699008,958.2191074662097) 2
(147.10953950462712,262.37619400827106) 1
(418.7860084962274,75.95491808982725) 2
(254.6093030069031,388.82786568080974) 5
(39.12091604211909,299.53703258889266) 9
(733.4827543790693,729.1169779518012) 6
(817.7269111524453,506.5789945326375) 5
(562.986982975053,434.2772534985321) 4
(404.99042631678395,950.3386011952656) 5
(825.3192962717725,59.48962780567479) 10
(996.7447306504258,697.8832836627004) 4
(147.750038103053,433.58696398830944) 10
(295.804434809995,277.4900795430487) 3
(245.4040908934122,103.66742302186549) 8
(560.2833482887299,455.56230338286076) 4
(710.7455620311251,8.882396328711906) 3
(217.38865418074903,436.36795166294763) 10
(400.3426989194744,43.47386066274317) 6
(619.7690749249863,567.3348140106887) 10
(937.833750347248,55.22489682404985) 2
(727.4522013955121,138.860454399359) 2
(968.0364180793283,405.7507653100798) 3
(297.7489411299874,924.2527734246066) 7
(969.7821641286644,883.52017315936) 7
(618.9898099030488,287.34252279644136) 3
(531.7318166134867,513.0992850089899) 3
(179.2561912997658,395.66909266140317) 7
(893.3538587016095,482.4112405444302) 10
(572.1779910515176,262.441279330071) 8
(91.41180569060114,686.6735403137003) 4
(545.5606559171027,807.9061668187024) 2
(278.0911833385885,990.3470439584964) 9
(86.70961646118825,454.92890372537966) 7
(798.51470747832,48.74469982805463) 8
(149.01138092031007,877.3439660752596) 5
(387.9675894159564,811.1466104080646) 1
(217.34306775680255,48.42585383996867) 9
(327.2306416124885,7.633673615980219) 8
(42.12260645241517,475.4012200636907) 5
(133.00316890088004,45.91816936241266) 1
(162.74070205636536,779.9706405426209) 2
(979.2948073655018,335.24933317776026) 4
(11.638630305400355,596.705206458195) 6
(820.4416650379486,531.6940773757163) 6
(921.916976473734,812.6030746227648) 2
(518.4075259376248,284.13737850524126) 10
(321.8468939299686,455.30074489486395) 7
(773.824367744492,242.65547368537466) 2
(420.9874942070988,730.8699749934191) 7
(905.8551179549938,271.30154522288177) 2
(576.0164157672463,58.38314460673999) 7
(213.83528013270748,483.2090051071324) 1
(951.3607388934115,87.05226236420505) 9
(338.5321973269888,291.04916614249333) 1
(848.7356618696746,895.6256338470671) 2
(554.7239526893795,908.7139507919255) 2
(262.0425889789348,497.06243496600365) 7
(725.1714416956048,812.1375384687818) 7
(735.5308050918121,563.8064256251139) 5
(363.8353552763521,193.68176946280502) 6
(772.9727565983354,560.7114966657629) 9
(778.7518326292494,900.9618875869479) 5
(85.79043806289322,370.65578600582495) 10
(7.4654362157529075,361.1750808280293) 9
(405.70594556140514,94.73207526264571) 4
(456.3187093352934,252.6525986411101) 10
(162.28847437016603,681.8394277615423) 9
(430.32568046366737,890.3557344834421) 2
(84.96622459797332,325.6078083023698) 7
(999.6491784890106,115.0519808685223) 8
(54.11238939018948,247.19425578171737) 6
(851.1069228667119,479.9172000693546) 8
(770.113724184208,210.71592074813083) 9
(359.2850208640509,73.15755029461546) 6
(478.7897339436048,254.92956750098372) 4
(615.1059392360336,712.1311180923278) 3
(595.5329051993233,238.48166089466994) 2
(608.9478264930542,678.8120057473515) 7
(216.55750200374325,717.7398403033276) 8
(851.613588190642,827.959090703234) 7
(527.888488971782,787.1741350139985) 4
(940.4379486874323,860.8404847549226) 1
(361.343717175834,113.18223196142418) 7
(950.5229972777959,957.1508528866632) 5
(899.4370093853393,811.4743637565094) 2
(609.8918690195554,5.428770052509524) 4
(270.52769233359805,656.3719861181936) 9
(165.577017567908,483.2000085786079) 1
(289.24188433608543,888.033311661612) 6
(360.6264332085801,331.18968528723) 1
(113.14478064010214,756.1023952899147) 6
(737.1682328247438,468.149291910278) 2
(24.894555121215745,585.1246977073871) 5
(657.2132023647854,858.8998698509109) 1
(323.6077131169263,835.3913814298294) 3
(856.9821928149094,177.78368900266273) 8
(337.9380525471998,138.48458660478258) 6
(362.0373732764569,95.6662051900008) 5
(646.979479544899,767.2839514626633) 8
(483.5925497981027,728.801611657411) 5
(121.29641951867187,752.492344960872) 3
(513.7821395537867,837.5985184679265) 9
(692.8295177351511,841.4750557334711) 8
(926.1211450092658,251.5000125552601) 7
(429.13578528970186,988.7953801500211) 10
(433.9258098366119,545.4457760137486) 2
(842.840298300945,458.2249163703439) 4
(637.8066139894743,704.3786154213024) 4
(73.68083622946942,721.4859031534) 6
(409.1902262386565,393.7287947469891) 5
(687.4734721382739,451.7134118044007) 2
(760.574119373854,851.0222942551865) 8
(263.14890528838276,446.5218923220786) 5
(952.7063691105003,387.67975874112403) 7
(88.39217664221688,491.7921896106725) 5
(681.5279852855822,201.2009278208844) 1
(853.524211355128,606.7162724553283) 7
(604.3623443696681,236.4837407395044) 9
(498.5177487650755,463.46805870830565) 5
(560.9930800948213,410.01682603872393) 6
(841.2601467695084,901.3851230106364) 6
(157.7847469963014,968.7539403181588) 9
(197.57686466137403,781.2190035240939) 7
(859.8710938292354,514.5495956519552) 9
(208.63650633971642,114.1034549177481) 2
(250.2666856771224,18.046852949327395) 5
(11.994599837764742,264.2207214519831) 8
(578.1134697288217,170.58467945250334) 2
(650.077049360971,88.21623735106986) 3
(183.18693731999824,987.5291208317554) 7
(181.14878907867438,853.118718468927) 2
(180.84332596969276,79.29015908086035) 2
(284.4505403448006,508.6772557302982) 1
(227.36139863321904,521.948360767193) 1
(899.1395534604831,802.370508246912) 9
(869.3475955309768,723.6184222421244) 7
(933.3007536191919,47.83442976959862) 8
(240.42913937445144,416.7866792120778) 9
(86.82856291661278,201.18393083794328) 4
(403.0005810713753,367.3445210258799) 10
(766.0231469134461,624.778221186687) 6
(460.09557304212854,759.9987008312812) 7
(266.3492318746817,505.4056682126609) 9
(360.09219234464354,767.0505134007902) 5
(474.47972230387245,741.936200579324) 5
(132.91469504430864,794.0514913345872) 5
(585.3352082019624,385.79732855878825) 9
(278.1215527220816,872.5152340155171) 9
(757.1101107726566,523.32758424545) 9
(336.4226804254491,57.99574728833867) 8
(757.4894342783496,619.0143861671287) 7
(215.0799747592521,559.263213702819) 2
(858.754612300861,999.514526898422) 5
(499.6603359773583,655.119966774521) 7
(491.9520541850244,210.6291758490174) 2
(294.15378680855184,408.5197251319401) 3
(95.81703695573418,231.40556976553228) 8
(46.63485661434685,225.5174202470739) 5
(608.7792029727516,787.1977907206059) 1
(319.9296207244111,173.51384022953565) 4
(373.2735052879831,308.71483221177596) 9
(47.9641703429573,996.4005459357602) 7
(641.166652571838,643.8741587825531) 8
(932.4553869168575,449.74427071759084) 8
(169.7956764147489,697.0282286429838) 1
(669.1105050817099,809.1947389685765) 9
(727.2947212702153,152.0859798814067) 2
(305.02505341529496,156.24737040614534) 3
(439.9125099247011,738.7205901684432) 8
(919.7481155701713,337.5176545734533) 7
(491.9324952011268,763.282419306015) 2
(7.14635659113827,188.75390909609436) 3
(74.13698194557871,273.6363474497509) 10
(98.92400122596278,681.1280617905832) 4
(340.0300558083311,167.41265515524793) 7
(892.248265882495,250.33267170872452) 7
(947.170890450074,136.67459616512667) 9
(126.27836925958447,150.81892861466739) 1
(559.37797762864,225.9200138711863) 6
(315.446083765089,218.7950271207093) 10
(42.98938954226128,582.6106671201665) 2
(823.8315735803134,884.3005570436457) 9
(99.1133298655077,447.4888548511342) 9
(734.9540633901006,366.274182211961) 10
(100.22817718209687,942.8078317054079) 3
(140.86579136801436,762.7797645135079) 2
(662.2422293115235,962.0696684251703) 9
(59.3329700609373,631.6008555043061) 10
(139.45645741864686,268.9560653455683) 5
(679.8168291981582,968.7050964753497) 7
(9.01312845917246,269.09032503350795) 5
(403.6561757018602,641.4751066007159) 4
(883.4091004307783,606.3799171430437) 3
(341.6267353433833,565.8963452642255) 1
(716.290251560929,227.1372559447028) 9
(398.8998435557828,894.715715739933) 1
(858.3211916443757,905.5656806915046) 5
(173.22979400891768,849.0467572356774) 6
(363.85241250699096,12.061955671705093) 8
(755.9327390102857,56.95676192589971) 10
(771.7692024058066,72.26976103032989) 10
(79.23209601424563,192.7981122674708) 4
(71.20189595527415,29.150295662998758) 9
(857.2923025507424,206.36565738268743) 2
(522.8598652297952,708.3314448664488) 1
(193.45148251027712,791.725033503826) 6
(642.7901186397464,961.2091789760326) 8
(146.75180448375858,138.63340458263474) 8
(552.6908222829124,775.8446597385417) 2
(496.75797736199667,862.5121451265928) 10
(34.00238788326948,556.3954382344579) 8
(799.6670124973978,976.7071298401323) 5
(436.5767907099636,773.3830087992769) 4
(835.9408756093518,174.71229273171895) 6
(63.64484268116666,694.9694396999245) 2
(864.7801461847439,781.9927976908348) 7
(735.0703233106592,410.37460585820895) 10
(345.51032358898226,676.8388317804087) 5
(671.8707374120575,885.5051003730947) 3
(458.82185989008906,75.8386055156236) 3
(98.7400732295478,684.3316702498876) 4
(208.12556222836454,294.2468459734932) 2
(200.369925843917,106.75645470775497) 8
(283.24165049539175,393.7935548180449) 6
(377.8402650603474,664.8389485791045) 8
(339.54871971284086,367.7031220433127) 1
(346.14919154395653,873.564570361013) 7
(748.7536947563359,356.34946055858586) 2
(653.6469357456829,246.01784513432244) 7
(183.50610697701697,982.8414615837912) 2
(506.51692330213916,677.1716975637328) 6
(290.0445170425141,46.16007295053848) 9
(442.01889108248906,469.5419751436215) 2
(687.9408810428407,510.9958461810998) 3
(580.4322329379961,683.3836327020562) 9
(209.24545975795206,449.28450163170197) 10
(790.5874149167843,881.0746130975452) 1
(669.7132951504016,82.00773285406649) 8
(869.8178939535123,464.1982089145141) 4
(536.4776295698363,187.85515964310085) 1
(293.0068891649796,464.7229991963191) 9
(779.594881108168,867.3673560726072) 7
(797.4511168016897,169.3427784923277) 2
(672.4563117425554,907.0059983002703) 2
(787.5712275809523,992.9772276637603) 4
(366.2319598265985,31.92921283964756) 10
(265.3174704850414,892.8309315004453) 9
(635.199640671833,849.2859001793859) 2
(826.5392239396738,251.53715745009907) 1
(378.03604418795476,198.11069929553227) 10
(994.1801153626562,918.3547718577177) 3
(647.0422399488396,483.5698022886913) 1
(374.4027693479193,269.7789030320118) 6
(79.65779000359518,846.5812352152698) 9
(611.5322832385812,155.5838235428809) 9
(736.6635095920753,11.688827504587994) 2
(246.26599919295322,441.79912396104635) 8
(634.7551462354165,260.8709318361684) 7
(63.335377768766634,882.3862738196156) 8
(968.4674579860413,504.59727449929903) 5
(572.3499985430719,941.6479188179026) 9
(989.5309953676233,93.40370006781973) 1
(114.10643877388682,446.14827856356186) 3
(969.365405817548,178.67726994046086) 8
(503.0286164655047,747.2863068279235) 7
(670.2891813100202,50.19292987150514) 9
(512.5536883911636,447.6057821637812) 3
(299.7417387532109,861.9727822681504) 6
(2.053809028186415,148.21449688579213) 8
(275.3991975040844,425.47970517545053) 4
(560.5900423803147,537.8503514843082) 7
(107.79860614695336,293.67625023333323) 8
(950.8488134512272,197.23049184498853) 5
(739.3863649328085,612.3091470370784) 5
(217.68709074132087,301.60064013054455) 6
(261.926256441947,431.7939712371096) 2
(409.29020294654094,819.8290186397378) 4
(240.32030660592994,570.0741936833448) 7
(504.64944609301466,774.4772669599168) 4
(84.51199705870226,535.1059200506994) 6
(231.08598826821824,496.54369350790773) 4
(874.8827558951323,590.4102527393703) 4
(98.65998295411083,968.8447326163376) 2
(955.2801125277356,473.1050954049061) 8
(798.6761244730568,775.7009945777039) 5
(846.0537875650606,582.7193371810696) 5
(155.1993200764521,655.3732470483968) 4
(959.2931269109617,250.85722703198076) 8
(623.1802169521065,105.72770780727537) 3
(508.1042501978742,713.1625270801886) 8
(896.84493994589,935.4373921044604) 6
(688.4515853822359,241.8730019177039) 5
(389.60504625045155,519.2559298413349) 6
(745.9245305469391,358.3078942313397) 7
(994.3420809260973,492.78551659435544) 10
(765.0475870608232,58.779045756128355) 5
(691.5966093380366,663.395580019869) 6
(722.9048502640068,153.73830278106337) 4
(925.634588229637,371.25631278355377) 1
(874.377621909405,872.620162869356) 4
(973.4316989941569,261.45141516119173) 3
(961.6414332288135,916.732994777565) 10
(791.8920209300619,928.22627108951) 10
(491.7125102784103,285.7405930186436) 10
(123.884499298759,413.14403797093877) 7
(596.5348953644556,80.38731126590781) 9
(98.65532531134346,515.4799660949967) 4
(42.543037093018874,164.6367148570883) 2
(694.0233294013734,445.23217108475455) 8
(197.59703911474446,494.83577665137904) 3
(990.3256412044711,390.08022123764306) 9
(530.1695471605087,991.5735121910387) 9
(103.38359715525137,580.970650491255) 8
(288.5652309986919,958.2178539446635) 1
(627.0219210895448,944.0416846183816) 10
(393.70207313201513,827.4551756596213) 7
(728.0864441393502,220.24654878269268) 6
(538.4302837817402,480.9792064792799) 4
