1000 1000
10
(0,0)
23 80
550
(477.1855483174079,459.78267872893207) 5
(713.0917239580234,92.61776473707184) 9
(880.7616094132175,696.2416851483368) 9
(146.52255670661128,769.228619284587) 4
(19.640007783245593,367.8309164114141) 1
(374.86771632291595,590.3778634709903) 5
(728.1267024551271,253.53946473147192) 8
(933.2487151579716,625.8924028453945) 1
(454.2456363602829,377.07418080977936) 3
(702.1619915223826,445.53645819051843) 5
(14.39207221194161,925.8516301667466) 3
(20.727863421327374,577.3902235097025) 6
(281.8066027798294,582.4175161054537) 3
(846.7698752355849,424.4187898064488) 3
(882.2396195628893,663.361556277321) 8
(87.00449039939961,660.608963393935) 6
(903.8945866758959,79.66181673554019) 4
(977.6397767063719,708.2728175448789) 6
(301.2979955428715,385.3069873229221) 5
(690.5222025601429,490.3998626151891) 1
(194.5253573706618,288.1655037710642) 10
(12.86612336684767,91.17500158720048) 9
(245.45848219720477,35.98683783143153) 5
(229.34115828083924,904.6591821909798) 6
(833.8858501821467,225.3555324707306) 6
(603.5597550071062,153.0544780373737) 5
(149.14566129315398,104.28513521014938) 4
(461.36076487705003,737.7305932859754) 10
(695.4288955367581,357.3555367001607) 10
(76.68363949147894,841.866100346633) 6
(442.0124535348623,193.07008742366017) 8
(790.5328879798113,83.37594340198085) 3
(264.40021400736504,851.9654839420691) 2
(458.077984889265,16.8779379069095) 3
(772.513308319165,329.660628092903) 2
(943.642037964059,110.13725374774775) 5
(952.8461484309346,237.54827656945133) 10
(731.7972715934509,491.734177234969) 1
(249.97298947792268,316.8367863400969) 1
(178.42829730651033,834.3367635973614) 7
(55.354200376604766,909.6458730412535) 4
(958.2929785988173,749.7583143847655) 1
(110.6010997821667,343.3544081036799) 1
(773.4166032273913,592.1371803235246) 6
(181.75220099018418,86.37103096490395) 4
(47.62231793278837,183.6141131674609) 3
(785.1323094488813,877.1437727658072) 3
(536.573707643675,959.373679913934) 8
(624.1519675678071,831.098739803061) 8
(399.184607822337,973.5956768834468) 5
(610.7837272121153,713.470908259092) 1
(785.4921569556968,594.2146560865999) 2
(844.427958628025,285.55387959085976) 4
(867.411382317161,619.0138863731664) 3
(908.0935074661047,492.79507640131294) 10
(990.4527542472043,978.6856711978173) 7
(413.8025889145287,852.7817139494315) 10
(257.6838573749971,476.66697072710184) 1
(201.11516382635298,474.59510264846915) 5
(608.3863360454823,619.4428107383264) 9
(305.37608466782416,138.98506892942552) 8
(352.0418787637025,558.6224518524568) 4
(523.2367729676112,755.3713614528458) 5
(733.5769395158729,411.20399850448166) 6
(147.7773114413069,457.66751495212975) 7
(640.0051481969148,67.66304238231791) 9
(547.7125801138848,545.5215011202988) 3
(952.5224590821559,737.6516746507032) 7
(421.27213174082357,828.0069017210898) 2
(532.4445946093648,913.6761201020108) 7
(544.8166435832886,598.9033495651424) 9
(85.2225927222513,25.591405629415863) 6
(461.8574372037199,323.1572367786174) 2
(712.6306143746936,615.917886312528) 8
(790.1311094414424,934.8999688864764) 2
(631.063705968144,640.85448511167) 8
(731.2139607595864,555.3109023096139) 6
(132.3320537790783,33.601876987133686) 9
(687.7421426803452,639.6211437515233) 10
(626.6988756420972,624.9000301438746) 3
(297.4444698389509,927.8137608566122) 5
(20.440799898060025,953.1823610953535) 1
(317.0450860509915,954.9116759043746) 2
(694.8334077518718,31.952868040198812) 9
(610.250174185563,852.5358449427447) 5
(452.19741615573673,523.0099294106108) 3
(348.3754679217992,354.97740261032897) 2
(695.9394117549391,365.8096456475054) 7
(411.95546629033043,265.65899718270725) 3
(40.11451878477579,609.6936362773735) 6
(550.9057935388118,165.07562766630613) 3
(963.3953051902995,149.21013705672524) 5
(941.6350403083354,800.2601989657361) 9
(967.9770090178528,330.1190452132434) 8
(185.10806828622506,656.3585787961748) 7
(490.2191545462088,763.0447218874801) 6
(745.8091628158672,131.5763713615241) 4
(984.5237354225343,617.5811257873642) 8
(589.3277854291598,522.4894163362367) 1
(105.14506547936054,835.3107693425014) 6
(114.36951579891685,741.1924657582089) 6
(591.532755784786,752.7040372423676) 4
(229.42565452959428,477.51621751335097) 3
(547.4315617121526,345.3112485737251) 7
(718.5629205389739,796.7930884904446) 4
(39.274727961876145,105.47179402865758) 8
(728.5651495719119,722.5873810686769) 1
(295.9487618991754,680.5440480618065) 8
(283.71294078556986,826.0724665676087) 6
(616.0017004211949,340.0753222552668) 6
(852.7946113689964,319.23008345411597) 3
(130.2401765516621,164.9408092212199) 6
(122.43804943088111,0.8665949622895797) 10
(146.0367144966185,674.9480383246572) 3
(322.15053456639765,134.98263099049933) 10
(381.7014273880842,277.3201873937441) 6
(660.9581746540656,187.57765430627592) 4
(249.330876061855,907.3459173388628) 4
(82.36640858869481,204.71647127372415) 6
(363.95220237749714,136.16817209716115) 6
(687.4231331563702,544.494819072545) 4
(130.38656493112777,395.9719674711053) 8
(446.85301796703726,622.598338534673) 4
(689.8753925096097,670.889461663655) 7
(67.45005273113402,6.740653578970246) 7
(303.88071548814963,14.709809519704908) 10
(543.3756678108874,785.0797870101158) 4
(705.0768221906121,779.6965012215189) 3
(623.797556532916,916.6358461332823) 1
(649.5825472442979,696.8365396086352) 9
(911.9509057023051,781.8842353076403) 7
(173.0939019896577,115.03548292956623) 9
(950.9491103101253,855.6590823131196) 5
(132.410730105615,1.1437708199943941) 9
(353.76440831251165,356.6346882977589) 1
(609.0334652002538,436.6357984822913) 9
(408.50878263833226,657.5757682722445) 5
(468.0297908123022,222.79931043216962) 10
(334.5747904116476,225.30394826615196) 1
(936.1392115446558,667.7883852484564) 5
(416.7865853972952,707.1091526427367) 6
(101.16616783973586,372.834401095146) 5
(828.2014385961719,320.21448525644) 3
(457.10592886548574,223.2269682149265) 3
(242.13010191726246,488.71060173357216) 9
(434.4914041241583,74.62317194373347) 5
(197.12929850879303,219.67157655315793) 2
(126.06652527795636,247.34374117253356) 10
(936.168009942415,455.6017415044422) 8
(231.93207588138742,519.8908686841723) 2
(702.4916006818542,884.3437717014792) 2
(759.7419670369485,633.9622066646555) 1
(741.0178140080935,563.5713977138626) 8
(676.6719134524734,23.229802727475214) 6
(212.75286528807646,770.2635626544848) 2
(176.7906064142274,972.6115428985544) 1
(722.1206743711505,362.70765256685564) 3
(856.2185756720443,319.0702854646125) 8
(787.2338538409075,707.6268880158998) 8
(582.1603649793603,17.204295887980003) 4
(499.89614185811325,730.6481993659457) 3
(547.8861271298298,335.8397503199846) 5
(701.8691730368382,920.9340971805605) 6
(568.7344745958344,771.8854379344439) 2
(668.7730242246985,375.6888740992588) 2
(226.6490839751093,359.1738915823903) 10
(106.21249227583351,291.7119842323399) 9
(781.9346545667044,105.29540399246562) 9
(627.6745023328281,371.3342477646756) 4
(660.8654042128477,895.9869441667198) 7
(492.99051923007187,715.9317227059772) 7
(160.90543145200763,622.4044585142411) 3
(594.1614042494349,91.74605320372021) 7
(847.5146234099121,903.8170657381659) 5
(196.4965147720241,298.8604926705406) 7
(799.8164910333586,785.0623036976673) 10
(601.0969544674326,717.9987326602627) 3
(984.0143549884119,574.7862342912006) 9
(255.40050543085513,562.1795671635151) 2
(8.300252296650545,774.822239125163) 7
(753.1014377979286,356.0380382937439) 6
(493.03991602199716,982.7705112111668) 5
(87.87969682429453,750.9431844328707) 10
(938.8030039441427,150.49558807493813) 5
(262.94765782908314,643.9019996426717) 4
(215.16339596417967,662.763471969251) 10
(213.80514547930963,702.8333976551368) 1
(555.5099588261901,841.3049473571834) 5
(126.61816493948518,757.1644473612263) 2
(10.679975385858075,905.3304476098684) 3
(977.9898217571707,65.45422090561381) 5
(851.5388771234916,67.30886106116674) 7
(129.10604521220947,338.6496124220818) 8
(328.57439225364516,655.0785931022234) 9
(771.9031929456008,358.9713894146658) 4
(700.0308711202009,519.5019765886926) 2
(820.4403209644961,568.398474795305) 4
(25.986268106382717,473.54265946963324) 10
(803.399069037037,847.9526293673117) 5
(584.0896530528889,595.5080742009363) 10
(11.289397685176894,230.68308637213775) 3
(196.10333486575038,773.9129385031362) 8
(257.28171411621406,91.25291999493123) 10
(820.8514616718965,481.305430464388) 3
(625.1743236740273,133.86267630919235) 8
(91.2874967804499,795.9849913055115) 3
(794.4813420490759,157.25663569764737) 4
(582.7220272866674,623.7487257349825) 3
(368.32491552467206,217.7245959952091) 6
(20.02808045052673,20.880037593984824) 8
(417.72759003427996,130.49351230519247) 5
(410.6999836726972,808.580233236722) 9
(105.79241172987209,238.38184729428013) 8
(286.43995368245646,62.61136986758964) 7
(494.33093042147993,509.08411664846375) 4
(812.7774347245536,231.92487174931242) 1
(503.9548325026039,655.5963310949834) 8
(265.7028873933168,817.9317963881317) 7
(858.5019433406108,47.64311220568984) 6
(701.0868322195329,141.85378479034082) 9
(704.1220366262452,347.2891912402002) 2
(616.3587163135253,183.87749991762803) 9
(519.3776328687226,275.32151736745556) 3
(912.3039352908935,76.35327886970367) 6
(547.9916535334169,535.9828067947929) 1
(716.6069487409201,113.57668249800423) 7
(279.0475364153572,438.3150096010895) 5
(583.9421422373026,872.9369345964114) 9
(808.1225241926176,24.02330009039344) 9
(534.085310793466,972.4075274044105) 10
(717.8165436255065,528.9464609959418) 9
(35.533802832815596,337.38218620241446) 8
(59.99729054759406,905.7082291976277) 3
(149.71709052457004,74.55993676119255) 5
(372.7599501731903,690.2466273686919) 8
(272.00468712818224,994.1952668776661) 10
(313.7383712718532,740.4681899866447) 8
(922.505877338278,929.1680719009735) 1
(989.3090748786881,811.0465232596175) 7
(904.5896865254754,101.92916065483782) 10
(172.07121125400315,899.7506875665924) 7
(168.30135767491205,735.7843028368649) 10
(654.0441529933688,902.021266096628) 7
(381.506582069707,767.7006609964661) 7
(459.3529558197368,59.828027992215425) 4
(917.1853343227789,476.7650253105764) 1
(790.8383792266726,647.6587160642488) 4
(750.5549148530373,199.41756731792748) 2
(355.6348539540941,469.2959619157587) 7
(420.6239452514112,843.8479799111344) 8
(41.24078496797212,146.4514409599691) 9
(821.6410454844136,702.9727490556262) 3
(377.38107407755996,943.3948610933701) 6
(670.040152650776,368.6862877736737) 4
(50.54962906605331,251.12986566847405) 9
(354.5578198623873,739.3063682296691) 3
(774.7833956845839,214.5818265169024) 9
(600.9404370087739,986.2493551657601) 9
(492.7683119736459,399.4942640474358) 10
(165.64389827918257,891.5914796466914) 3
(447.8192677341636,131.34691138627386) 3
(993.2466435900153,553.2981643575744) 8
(707.7907771558906,696.9237310899478) 3
(54.0824029572422,307.1208987747358) 1
(566.6622234097567,715.3616504141919) 9
(942.2938298965479,631.8693009830379) 7
(934.6173003157404,294.65904488367966) 4
(511.1454271413154,151.10053674386037) 1
(711.4243732738571,670.6627249067965) 3
(892.082106844885,505.8389557688726) 4
(276.345897271157,660.7749119161394) 5
(558.9631091176022,743.3316985670348) 7
(966.4160405715447,52.352488212718654) 10
(994.3232281077376,389.1520865209008) 2
(710.1387895918019,855.9397893497212) 4
(480.9320782063292,454.52264639955564) 3
(247.3517730341158,932.1760725237652) 8
(460.16791704539975,656.0302410811479) 10
(136.23035814208117,553.6631333340193) 9
(4.287559133508978,31.451093810829335) 3
(572.0814493513018,778.8327517544213) 6
(452.1294568200353,537.2164158845907) 8
(22.317382291525135,560.8290080925642) 4
(454.0061262300608,961.5637915709127) 10
(959.8307184155373,797.7191684801487) 5
(794.7659169660591,980.9487535658902) 6
(382.8619346884714,775.9947567314015) 5
(30.64510190593317,763.0754375855826) 1
(466.3793766220541,69.76757272329127) 7
(359.6936910434494,563.4017906216312) 4
(923.0389646256622,359.83831872561365) 10
(307.4687074612972,223.3343350648035) 4
(25.730922961908263,321.8742995617032) 4
(701.0361369987237,882.5353576755824) 7
(410.2239170602439,474.0774599324714) 1
(208.64239252236715,772.6795444027225) 2
(356.3213775267933,604.3298946182175) 10
(536.6967267576696,179.73398683817555) 9
(815.730806512774,360.96809018356936) 1
(516.6533182548404,320.40288738193277) 4
(939.3774237205273,942.9238655587943) 6
(667.7720732146693,752.8384259776402) 1
(2.726933456432823,85.3563306126508) 7
(463.55703733978913,443.54157204535284) 5
(50.08642479405878,293.41803494288155) 8
(890.3597225084902,540.5793769719373) 8
(681.660920209358,486.6298221851958) 10
(104.55717746886106,288.04771043822683) 7
(252.57017608416132,776.2153605362507) 7
(515.7477594329288,579.2099615820098) 6
(512.8290989399123,44.804863067229746) 2
(392.6839671289687,978.8810913737751) 2
(422.9106609813654,913.1847821497693) 1
(486.1785411081636,486.0406985916178) 7
(740.5129642765687,278.45686089682584) 10
(453.10759480483165,510.6890145134303) 6
(440.90787759699214,169.72947952793695) 9
(189.98496463729342,802.8227430885946) 5
(624.9522611756469,117.05884228579366) 7
(878.6568788131958,353.302452220804) 9
(488.5302958094374,466.2400839214412) 5
(57.03283091019029,570.3083476510058) 3
(645.0516675814534,732.3367726960781) 5
(267.021699099945,761.9522093709995) 6
(35.444084652680004,610.5918042871291) 8
(274.2668502996325,335.43672295009475) 9
(86.47952831793316,638.8273162714744) 5
(224.22013725882394,414.9590083886082) 9
(450.08272304398855,654.5296475669667) 3
(301.3185903414498,795.8648813282946) 9
(939.49051747854,60.23127954580654) 10
(23.329362598176196,783.6458352673552) 10
(810.4427576117993,829.9169464601265) 1
(479.2254669517053,617.788195720187) 1
(435.6255921729434,300.68761524448576) 9
(772.2626899952998,460.2494927019949) 2
(62.568872803154484,903.2737655942295) 4
(337.33825128562944,289.99810191659736) 1
(820.0072363143659,187.42443135588283) 3
(805.1998864308106,620.204901794915) 2
(143.8756635861641,20.900548685481525) 8
(525.1375552020987,94.63206019984705) 4
(815.2177653276381,582.641819968737) 9
(366.84981194823183,799.3036213217026) 9
(468.3553324288443,156.2704560112297) 1
(493.18594277101613,15.718645602099347) 4
(903.565410549438,866.5362259510224) 1
(463.24876506829514,869.1087844197372) 8
(62.64889135522089,746.7673931717198) 9
(852.8156120254276,438.1289407046959) 3
(625.4780260055803,851.4636703397045) 10
(18.578163525214354,278.1198653282512) 7
(542.3141583989232,421.79337665874596) 5
(761.202564492025,904.6699329750288) 10
(136.65754592666212,709.092461159608) 4
(991.4910778579009,600.168988051723) 8
(700.3840407140403,765.1850120289765) 8
(458.36935041647666,735.8628287954072) 5
(193.70943890841386,358.0883922429673) 8
(895.0932267196142,827.7150811588629) 5
(475.4976356337952,679.2822412523509) 10
(949.4861317347583,570.1729213806943) 1
(503.6531052538167,26.364212835673804) 5
(622.7603590243785,383.6250936379498) 4
(356.17077665191255,592.245772686402) 6
(567.308852280624,89.52530120062652) 5
(35.34801789832254,910.4474896717874) 5
(170.89014957708414,455.4478432224128) 6
(839.0368109620174,109.87078408992868) 4
(912.9986539272619,755.8769431613532) 7
(296.4793883694022,445.9654354846411) 10
(654.9023652520394,30.240447162350414) 1
(587.346235760618,997.2921620628405) 2
(821.0592902317368,553.124475147187) 2
(863.8053712765436,101.33244286933774) 5
(458.4992886118338,603.3473312442128) 10
(887.9729266421084,254.3419196828518) 10
(190.1083232278873,316.345581790636) 5
(282.10970871800646,229.4876650211668) 9
(147.81867614269285,748.4642023188576) 10
(731.5932876739614,818.1362168577118) 1
(282.8784585197702,897.8002678160444) 6
(249.87165460265192,284.3023777560344) 7
(391.03861873475444,652.8837610078793) 6
(334.31236273754604,516.9270837283607) 2
(845.8788512753279,477.9154024972321) 1
(344.9724263381799,259.8159163955013) 4
(994.9998163409867,410.78132594373864) 6
(779.4404322264251,921.4212553123534) 2
(763.4459746950259,986.4569245947326) 7
(989.7321475011339,456.0097069336423) 10
(708.9161453928447,381.68570222097173) 5
(567.3150809736678,117.84912328645048) 2
(830.5854679036615,540.069801288242) 3
(82.418994921859,823.8353509147139) 8
(419.5808844158683,610.0606662876032) 1
(153.05187581502076,255.89728349754859) 8
(776.4808240095955,262.478782348859) 8
(584.1585333670997,714.1541073713386) 6
(532.0220655704697,126.44609061166811) 8
(485.6818165240635,303.71748426462295) 7
(516.4149224232594,953.1493277919016) 1
(170.26926036783019,613.0258396192945) 6
(897.6780349479972,623.9153703324922) 8
(318.987194474573,987.970691894952) 2
(809.2912027004242,975.0632581381137) 3
(895.7730188240951,999.4938733670285) 8
(150.4750825348391,198.45033219917306) 5
(104.09216604484628,734.0783519494806) 4
(960.090540440512,108.26859519202792) 7
(494.42297081844333,890.9694516957305) 2
(181.64368366204752,330.9326212703111) 3
(896.5516334115986,576.7336251162266) 7
(165.34278798327796,340.4430043437989) 5
(343.7940140320188,731.7925708964093) 10
(545.5834868001234,432.0232369768576) 3
(236.33981967324502,745.0890979438833) 5
(567.0138595066549,303.73703310815205) 2
(89.18673346139838,644.5848059697968) 10
(520.2201513668119,652.2577306959241) 5
(181.43481046852804,848.6960880896494) 4
(187.42224632339955,311.38416530872723) 8
(979.5655805169544,881.1701107077848) 6
(405.10610098328624,171.2557755651891) 1
(907.0056218198505,851.3022081732641) 4
(711.7842243883871,709.2551004341524) 3
(578.2424769263417,225.62370007316503) 9
(765.4780908211748,875.8681578192882) 5
(741.4135021086327,472.9350563138226) 4
(880.8691007525392,636.1506863643453) 9
(977.6496945485452,561.3908170152804) 8
(680.1095529156682,23.770808103046548) 7
(66.98749580612218,651.1296745804037) 9
(33.42183613070815,465.20841131892) 9
(400.7933281721441,269.8444076047195) 6
(704.2561748036766,589.1038386602473) 9
(967.3387868306795,374.1203808967105) 1
(543.390198344387,471.45417950978106) 2
(670.0072261655977,126.12399677550212) 1
(96.3278886395611,857.8369391475774) 5
(87.24135645178688,823.7435766318334) 8
(114.88301368690712,474.898864745413) 5
(212.4382785894332,802.0245903034273) 4
(825.2400073462588,778.7659126238202) 5
(125.3668134737237,955.8052254022152) 3
(481.813221013193,503.9847370087841) 1
(322.1822565178236,142.51551147303542) 3
(934.555455784133,904.3593371267634) 6
(56.67031340565109,221.16507684710763) 9
(520.6376397441456,820.9197957615148) 3
(595.9938213859265,968.3195500268563) 8
(78.97686308955565,413.63426717162986) 1
(381.7560802291664,114.30183644175429) 9
(557.6511464751358,268.41014803030504) 3
(469.87606243533975,52.74414443233222) 2
(634.6088917224534,891.2167405576793) 10
(463.187750405291,911.5907134715837) 3
(761.3569664019328,569.2370421385572) 5
(943.1148475398148,868.0671191667979) 1
(861.3428951031921,554.1636527569472) 10
(296.99560453879894,525.8903227448926) 2
(786.0809437274575,979.5026313021709) 1
(115.05512352077251,721.5857446451867) 1
(541.711381415934,439.5100462366565) 5
(356.3526400622439,290.108304640725) 5
(279.7214288129548,783.8396555826149) 7
(381.50034359652926,936.3364910694892) 4
(607.8224056829835,208.101125016927) 4
(358.25721256207277,610.1740053692527) 8
(386.67898947986146,813.6537039239519) 6
(833.9447983287631,141.0165334995295) 9
(191.68253710577164,935.5355919098009) 7
(519.1340701889818,350.02409910695707) 7
(845.4873449363294,954.3519917505811) 10
(990.9927477649813,253.2733831864009) 1
(61.06005050664276,771.9133705448303) 3
(183.4914321659522,869.4777290572868) 10
(312.24784803897154,766.4493172978652) 9
(603.6655508041841,3.664920328626309) 3
(828.254050418398,24.082581442382956) 6
(750.5401204021172,513.6074175171466) 5
(913.0253695258041,864.4712773971548) 5
(955.1027973682508,188.3195749647698) 4
(132.49517179735048,748.5444394589755) 1
(496.9439486832714,26.918671104130265) 2
(123.51217850754081,795.8051497133494) 2
(276.64827380905564,12.545370385277588) 4
(928.6795646824373,537.1446590379257) 6
(851.1884831777401,430.38038459529173) 8
(734.1489102631465,978.1162299343141) 4
(219.8385844267251,897.9596931789986) 1
(240.7711504158786,305.52338876805976) 2
(815.620427379015,21.599982107865067) 1
(146.31339794894183,16.854226705469657) 3
(217.22225459180257,968.4997928370608) 6
(740.1739729768175,881.5288346043288) 5
(300.54844395884237,943.5889917023924) 4
(937.8938797873346,197.26747220647545) 5
(917.2540596745006,847.7013715903576) 8
(727.8587371527138,135.03015871488066) 10
(88.5376360635216,665.4537504604672) 5
(395.1310925371414,320.2088797504138) 2
(20.38691107539792,202.0167274211643) 5
(80.50670862510468,304.7934345208415) 9
(10.673161517395835,314.42511169446806) 6
(946.9341658175713,67.73621917562811) 2
(877.8002863848847,474.19021534607344) 6
(87.73650499559982,662.8271739706354) 5
(960.5089888927192,452.51422942468275) 10
(934.8358781940715,385.44103059298317) 10
(954.5900331041561,343.46007256748277) 8
(409.34080886663224,387.25178020666687) 3
(52.63328901475673,872.7131022892041) 9
(883.6885374816044,140.63163592133154) 3
(968.87993739056,472.6658689134163) 2
(506.3045299574498,832.3577663510442) 2
(431.9170706545914,719.9749044438632) 8
(821.4465153922832,712.0516174978843) 6
(773.9266987436969,690.7525054242644) 6
(826.3550600832018,247.21398748301448) 1
(7.1425626416584675,922.2382714916904) 1
(518.243010891964,464.58823161685206) 4
(475.97745415250614,851.5625825808056) 2
(731.7432139128516,923.7248923662319) 9
(535.5985035347385,270.82361698703426) 8
(554.8392394804212,483.62476459695813) 2
(954.1982867595137,708.1110938782829) 4
(905.615380782154,35.23968476641659) 5
(996.1588646269207,276.2058802803876) 6
(398.6202675753843,739.9300099546311) 5
(262.3459265404483,792.5079241438824) 5
(157.51805664254437,788.864856688153) 7
(973.1198492198668,441.470463637171) 7
(935.5003674707847,866.1969232055121) 6
(36.78162605488788,208.3644035698673) 6
(962.0138875003048,247.07652499031184) 10
(814.3778022810288,559.4075385508233) 4
(73.9237288436132,584.1244331655498) 7
(878.5622298936223,526.2484882126555) 10
(616.9406029408458,275.46065231021834) 10
(391.54003184400256,918.4823602516104) 4
(347.4982173137273,558.8833578030639) 7
(492.17299487621415,414.37874218070556) 9
(303.7653993532039,970.3279617055064) 6
(528.786817580569,236.53621015214677) 5
(534.7592664709147,532.969342808671) 1
(441.91045527150163,47.559104746221934) 4
(889.692686342851,888.1571776336591) 8
(652.4082303441257,750.4302494178312) 8
(883.6511487008062,56.84905916820227) 1
