1000 1000
10
(0,0)
23 80
550
(893.2809295788282,160.33110062361078) 3
(514.6373251375765,929.0939093558404) 4
(770.6428458930352,10.13353723121002) 4
(139.621979736684,827.8568750900454) 3
(4.28802926933558,734.7766113493266) 10
(731.8454513449506,422.3967783586914) 9
(84.23942868858225,59.76223007081805) 6
(106.63647976499225,615.67849627476) 7
(510.1830126145246,20.774590683905302) 1
(919.7747946594085,229.87437775998976) 7
(503.19583192921004,323.0344987064121) 9
(505.13312691689663,468.2101694531772) 8
(371.1525824437335,682.6594964015086) 4
(600.8599862951475,642.2144662418834) 8
(195.73881027530516,316.5151741988431) 3
(833.2505626357939,108.35439668872249) 5
(31.558756194930872,556.0076654226617) 10
(9.160308032656772,643.0050914275166) 5
(451.5892798321981,13.001599948170629) 1
(100.60237110725501,369.56880370995793) 1
(549.3621532943395,268.4794262951696) 9
(273.24183594130733,577.8037737156964) 3
(201.74904463693878,634.5541577964756) 1
(627.64836452395,974.757417664277) 1
(933.7505398445709,998.1523874879784) 6
(840.4228577845665,322.38831060272975) 10
(749.2809097730839,756.8196594622553) 1
(963.9207110305063,716.9875708814591) 5
(490.8311178712318,379.19227803670873) 9
(839.2993102665903,922.8686492702792) 5
(220.38033283193758,292.3952513548957) 10
(983.077377729464,663.2363888878892) 5
(903.9311638977532,601.9856672761446) 1
(833.6641377705312,460.5603852863065) 5
(886.4735759365228,962.2232221068693) 2
(566.8989851210761,807.596855515772) 8
(157.9741788305338,811.6657288272495) 6
(7.9673942267443065,61.97457059054834) 4
(177.1850284238632,457.9680707697703) 5
(69.85511946523492,134.55361583284653) 3
(178.25047082487387,526.0970871219952) 4
(997.8658624463234,185.89689347544058) 7
(607.6085744061164,116.30523591433584) 9
(371.1437779430902,125.67594499011791) 3
(647.4140195432235,884.0026882887679) 9
(63.53129419726178,357.34674456315963) 5
(136.62015071142642,282.1337528466621) 5
(899.7318361721512,55.97220395261127) 8
(618.4044454017921,546.0337133434364) 5
(541.9073461389781,389.1652710594379) 9
(374.02854962488396,493.2693805010022) 4
(728.9135563962412,58.89404023616229) 2
(116.61649939039498,11.86476627574673) 9
(595.1794137514355,165.22385314338018) 1
(54.11645524717268,321.89088534361485) 8
(428.91463326525883,210.72280101157781) 8
(540.2872785649355,181.23491505249046) 8
(165.22740102594258,887.3003461258589) 5
(218.3212236039095,673.491883932206) 2
(123.44874122097038,933.8573283263809) 8
(629.7453207457262,19.21349040575471) 8
(681.467404201426,558.469453277161) 7
(384.7034830274466,995.5235734638769) 1
(77.96766707775637,340.3446516534511) 6
(870.1027392217434,180.9089724389591) 7
(323.30841709362744,115.04230590857534) 9
(653.1246294269398,422.8515406497609) 1
(158.1220686110023,467.03949448467006) 6
(129.14247710479376,732.5348753975551) 9
(232.26863284240872,322.82437178680124) 6
(442.12430266915817,186.61773693605187) 5
(941.0013133287866,781.3785172356522) 2
(413.0058581912155,754.9936792257838) 8
(393.0783801354855,724.0759436556559) 4
(643.7895514034337,162.10401401757346) 6
(435.7961041889812,602.4998099077176) 4
(882.4309252249436,842.5295774022222) 1
(555.6024421195634,800.144962146148) 3
(31.002672450227365,704.4812017815068) 1
(770.6854669104197,944.4988972280895) 2
(571.4826450328351,726.0938514387958) 4
(423.9970867349036,776.6368977040555) 7
(554.1571388928339,872.96261433484) 7
(6.0534468009583176,546.3047389194597) 8
(403.27698513747066,741.8379545074861) 6
(315.0538306168705,262.4275078895506) 9
(98.94822202654086,757.7525986016182) 2
(547.370795841115,144.33997434661904) 3
(83.69898142401244,872.2337666892178) 5
(781.126808264159,540.4498508660874) 6
(83.43494767168824,66.80440831725466) 4
(31.29214134406666,178.8485102991384) 6
(579.4741536449155,952.5448400712638) 3
(805.2531363356187,283.39791796778337) 10
(988.3139647319678,105.9787464749018) 8
(457.04096627929147,820.4593025162802) 6
(871.5103245108836,706.7279346573887) 10
(237.77062558117436,787.5087206573551) 4
(594.3475158117418,569.2115108723461) 8
(965.5357722584246,472.8465639823776) 3
(989.2488975143291,646.9310276271027) 8
(114.31821697503996,904.151104926063) 9
(13.844406180142155,218.2468993601102) 7
(562.8438611683267,536.3122424360679) 10
(281.26549015622425,898.3044672160701) 5
(605.3686706364899,781.9285311961378) 7
(937.4976364513052,506.5898958281211) 1
(836.7231055115794,948.8159989429453) 8
(108.57323186998124,136.30237728968953) 7
(170.04317944330606,326.92077518238506) 3
(709.6602167958828,469.47807374648886) 6
(551.4326815310112,930.2423369176375) 2
(481.85530504582096,169.87925830114224) 7
(190.06039615513103,833.8762041833808) 1
(719.2252575621483,790.4821160105691) 6
(456.5024842787102,923.813652315589) 3
(929.5044959644234,261.76688835557684) 9
(6.88265161294821,930.6285327310779) 5
(756.8669091170516,573.2760432160951) 10
(385.4040022457066,748.4839380349932) 1
(535.108056357917,186.48208918425846) 4
(619.7971447598642,338.4737056887311) 7
(162.8884413847016,312.5557159922895) 4
(983.254148590354,297.71308604388304) 10
(6.120136362565809,936.474922091214) 5
(842.293292659476,170.6418278434163) 2
(885.5541721175229,828.8072867097948) 8
(730.0728948031483,704.443389128736) 2
(988.5584893011788,911.964121582798) 10
(244.2697453871826,805.6196835875168) 10
(600.0922008782716,850.8561329642582) 6
(199.52755818728986,901.3793683946394) 4
(638.4958366684045,133.23905695024652) 4
(590.0994167298633,822.5272816736946) 6
(612.6785184480809,30.771001867806568) 9
(854.1825477976892,667.8059256172947) 1
(694.377008034481,195.90134070823916) 4
(176.8633054195804,14.130296467748327) 9
(588.1491177711889,597.5020976575892) 5
(700.5890006687174,908.6950673306953) 7
(313.0501298877013,111.39023738201281) 8
(766.0664524024039,149.46862100393366) 2
(758.7661854999784,746.5655908828242) 7
(888.7993257957,10.154459035411346) 3
(91.7679062456206,196.34645764130144) 9
(880.6998183577764,935.16443207739) 9
(550.5940561714058,827.0159786161444) 3
(184.35474648567052,815.1642365279275) 3
(259.0607477609651,726.3879300024273) 10
(243.18891318907842,408.0228656013688) 2
(940.5841987939801,913.7597239898738) 1
(917.98188474889,120.14114595632996) 3
(272.78436320569546,346.32246758189757) 4
(212.30354802495398,652.8439348683155) 3
(189.79646086074598,404.8034059701081) 1
(783.1991415374055,630.0044278974308) 10
(528.669273216615,33.24053469222299) 9
(51.21368355846878,377.7990586631205) 4
(323.12926950970035,393.9901430856482) 2
(172.25320667654742,962.8242777567389) 6
(637.6675204643135,611.2826692369221) 10
(838.589437395097,261.87252744009606) 8
(603.507622137284,709.5681596200873) 1
(554.4467769710476,16.338501415361307) 8
(909.0743946419312,820.9763295849662) 3
(915.6177269537583,345.4054057626776) 6
(972.1603281213446,206.58257014824656) 9
(715.699235343981,87.22240408456861) 5
(401.0739604625716,684.84693560431) 1
(849.4908348725969,824.8405313611305) 7
(232.3508479964581,870.9793692375229) 8
(192.80594040755938,715.0532081726122) 6
(132.8378493162874,99.4134132835376) 4
(437.09975639526755,608.8978195001106) 3
(641.5929927034538,184.43629434055254) 8
(427.3176788664221,845.1752560572037) 6
(881.582911490565,26.778614563866764) 2
(489.59094708502437,271.5581534865501) 4
(777.7154072823465,898.2005972243174) 1
(290.019252011918,632.6480573871836) 5
(274.956603400131,121.46256474669804) 8
(900.2310046571278,581.3288386829323) 10
(839.2639956507194,590.1613642848488) 9
(582.6628136449727,343.95678975460197) 4
(331.82200490037326,410.21322137205993) 9
(351.47436558844134,67.55868210517934) 8
(158.38258700821694,39.94853502589879) 10
(764.5495846481601,441.67546986405915) 9
(421.54962786290605,482.8593588118656) 1
(313.0989042148591,925.7242630703561) 10
(411.1408792136483,998.7391450824372) 3
(949.9436023485991,798.3191227125378) 8
(459.3592634180624,860.0320834388584) 6
(255.39424439782243,913.2119226282126) 4
(506.12313730486613,940.3017743817119) 9
(894.9203802973927,52.417324420789726) 10
(405.1594507130326,499.42334836533297) 5
(839.57507546574,358.1491086341827) 1
(278.9360422583391,69.71027839041099) 2
(516.0933549513154,329.64060511702473) 5
(1.1896417875698617,936.31311652689) 9
(788.4405469565099,198.1749835305252) 8
(640.233359844256,438.0040957558052) 4
(632.0518629951612,139.36492603403406) 10
(407.2379857604466,70.66936544505641) 7
(486.02049622834176,952.372443618687) 3
(320.86980490352215,415.6705294356973) 5
(163.24572343634102,79.96607833977143) 10
(882.6549961563663,382.5520531388202) 1
(402.60067384831433,752.262034244163) 6
(28.24296662110115,641.7827082609346) 10
(473.02577169047134,110.19640123273366) 6
(48.52056419126782,372.36037861037397) 6
(256.9541641164722,357.6209868462038) 1
(566.9533166106723,681.826434644881) 9
(455.0447430735345,998.9765363352413) 9
(298.8716836449936,745.7018965689829) 1
(867.7359145645639,446.63430138763283) 1
(534.528451874404,753.2746522431673) 2
(398.4589185493871,64.29929341383833) 1
(814.0572600859186,722.6251031521209) 10
(693.872971703982,858.288490103419) 8
(691.0242780618614,147.50408520922787) 4
(520.9081422778959,509.6664397100301) 1
(532.5725861355495,301.49951807850516) 4
(848.5810836748915,505.37456898787) 9
(358.63387471137406,440.93398705719534) 8
(59.608536350007626,424.74430115976224) 6
(124.29324475315573,364.36147406556927) 10
(413.7586113622227,986.7500209252191) 5
(665.1883486985536,900.331451910417) 3
(142.1882699960151,905.9297280103676) 10
(127.22845996952125,29.985712881498095) 8
(376.4392236784627,233.3526195032618) 1
(715.582189414864,607.6984868452836) 7
(537.5237931699677,414.48657192751614) 7
(333.76383290417687,654.0851892452222) 9
(340.9711402522947,675.9163655609287) 2
(377.23873956197053,895.9378624229878) 2
(614.0445586076646,103.07766284300723) 5
(38.39839085755648,704.3306293095499) 1
(380.36971666706467,998.6234384657381) 8
(636.2819394246335,126.46416310091946) 7
(133.84335916477553,172.7670309911713) 10
(90.48685423177272,908.3255522434149) 9
(12.669826487082926,571.2063090390408) 6
(48.45308262461956,225.4172461165802) 9
(200.35716015338033,242.77481086963815) 8
(410.4958755011162,549.8281593262519) 2
(565.3896568798372,625.2948887231389) 7
(581.9867036475581,624.8013471456356) 10
(355.33535769532455,45.55262597140563) 7
(913.0812198054858,73.67492525157083) 1
(774.7364372735718,239.64493943082311) 9
(990.4589769379612,378.48537136022463) 4
(933.8665369628465,128.2604545141628) 10
(390.4393559367741,42.65093061270975) 2
(712.2505730571096,814.1712421743819) 8
(811.4648884137752,513.1311414763225) 8
(948.624962967543,457.92718030622336) 6
(85.75083339716383,770.7081628322975) 4
(75.65596434094424,275.8146577208972) 4
(153.1982074706728,935.0425502953608) 7
(824.005300002384,190.97171617388597) 3
(638.149919112603,765.3693216625416) 9
(301.4423558228664,860.9178987676095) 10
(163.73442353343316,160.0221716306207) 5
(675.0339182193849,803.9718285612596) 5
(740.3130164643597,859.9135480188755) 10
(977.6144121449885,678.2135308630304) 8
(649.1792400564769,224.4955418027552) 8
(600.7227616692363,557.9440498879668) 7
(537.1453015232153,77.6995914502796) 2
(149.599936051522,958.061207936058) 5
(226.93011349709923,789.1824620023508) 2
(50.089204375874054,755.2886159785928) 5
(138.99190073766943,318.3757815345508) 9
(487.14438717574495,359.38480503181546) 9
(40.40663770863107,715.2018470798017) 1
(388.8027842869178,997.7770006433525) 2
(634.9571912401718,960.7825839989949) 2
(230.56153630668018,865.2600904178829) 3
(376.1989759657631,349.09918052079394) 8
(316.85698639016067,609.8339709789658) 6
(240.56560211529032,596.5978363297047) 6
(181.07776032406088,111.64360572004428) 7
(283.63063625215244,927.0481767381415) 4
(282.69085369127424,503.1240804682371) 1
(499.71496838836816,540.1402927240332) 1
(254.8359706751432,14.690634199685416) 6
(622.1133850232685,604.8943916578079) 10
(154.08589242921212,288.3203818149452) 9
(880.8183427423904,693.4843074874643) 2
(878.6980870731069,979.1598682261351) 9
(891.332808065443,914.1310990189004) 4
(247.77029465652654,410.4994218087773) 3
(950.9819879290026,137.77920282840094) 5
(595.866527944297,631.4045422114586) 8
(278.8986857185608,692.7855564528767) 5
(724.1414254713045,273.9263586262973) 3
(65.98732824686293,718.2991833959024) 1
(185.82078120737478,382.60631182257265) 10
(189.50486330728177,658.3983032152674) 1
(688.1283992076458,450.3396676291771) 9
(108.83127456085462,879.4581124628901) 8
(227.37748677263968,254.98976905092886) 3
(717.4164781535542,197.49827172730105) 9
(84.42409494840119,530.6108951713815) 7
(823.9528404293451,741.0274251706118) 4
(951.9440220373253,485.0432174619832) 4
(947.7278179536692,361.754233558362) 9
(900.8176722023047,69.24513395663745) 7
(883.3418865230981,389.4245065947817) 6
(831.4648842559233,910.8991304087956) 5
(345.21291493913077,999.5519461026065) 2
(935.5833099694739,806.9839945977031) 8
(458.9667108980435,387.12491965778196) 3
(958.7645213921986,60.75394881053475) 1
(326.5420915051121,358.0725561697351) 5
(492.07383906811987,746.0627464068666) 10
(297.4881258485295,165.30560170692243) 3
(447.37223714133967,68.75334459417348) 9
(550.0988064063882,569.7309312507639) 1
(121.94311128074453,301.7700273632091) 8
(991.8541138675081,549.3109734371245) 1
(893.9881944326413,19.110171432945023) 4
(517.2456526122639,811.4798550678152) 3
(538.0965702918368,806.0577942023411) 2
(527.1729054634341,172.43728678753158) 2
(564.7408781618874,773.6269198601095) 9
(44.05925316827797,651.649405449595) 3
(785.7302192138626,15.313070367921622) 10
(405.12344309005255,467.51598694403896) 8
(226.18575056068647,382.0929495945299) 3
(285.3206165806964,151.1414666582721) 9
(609.5043952653127,92.10969267488022) 3
(973.8392734139333,0.7656644637785703) 10
(68.81778714146213,827.618243866047) 6
(572.2242081519994,534.3512663350912) 2
(812.9651278401112,472.08620013255495) 6
(175.463107105148,382.7744624477185) 8
(15.117741255919137,75.9289578302016) 5
(94.33409315951968,24.96329467059022) 4
(478.2544937195216,8.979090329187422) 4
(635.6492887175143,29.32568371904154) 9
(24.34056560920228,708.5228169298903) 5
(244.70482890726151,798.488339970212) 4
(17.189178682358808,560.3117794286566) 5
(725.5541498338682,425.18395509108353) 8
(464.9268280732753,368.49405119502296) 5
(597.5023268827337,418.7916414650921) 2
(551.7122430349743,337.9416408721864) 4
(453.0467008903828,105.08659969955036) 5
(65.54031201593924,963.952639913039) 5
(604.7745925577698,500.8860813662192) 5
(323.33998149364584,932.291720638708) 6
(725.3574810675657,752.9963535358143) 5
(16.262034611995603,357.42964776311936) 1
(894.8384806899968,961.9960270143272) 3
(645.3556785965994,597.7399337447181) 7
(487.28228123085285,722.0479631572417) 10
(737.6672749703299,276.85705959982687) 2
(498.77991257444285,872.0237406066261) 5
(201.4203517487525,673.4465022443079) 3
(232.36789355010933,505.4398457771693) 2
(147.54490697772005,517.1904127386481) 4
(310.20071464831875,146.09629832979186) 10
(283.73284268611474,968.8855948160261) 6
(709.2639487468387,116.29215886306166) 4
(949.8905355405732,497.83630866023765) 5
(518.260787426651,127.35998836251284) 3
(819.6754489292798,15.940493693793577) 6
(884.6986865960736,719.6223336103818) 5
(32.30805259866343,816.4599867130139) 8
(827.493068045517,580.0003006730825) 6
(612.7931775743006,615.3116785869428) 9
(854.0114335101478,113.45186482330982) 5
(686.903816394615,655.3323987069593) 2
(224.1777970305765,601.4333497641966) 9
(154.02324118465128,938.0201391381344) 7
(526.1282710622436,108.70370768778514) 3
(294.7319924904132,549.6319336278144) 5
(448.3405574835544,618.0783754119146) 9
(147.0736766438656,479.8067078529663) 7
(503.48112987642355,137.92766145850578) 9
(153.092117734837,422.2893934745444) 7
(362.3991178187024,652.7407944210711) 6
(284.56499170462337,70.20542626278325) 1
(12.06922210150263,771.6276286461017) 5
(80.55805803191718,355.6832136293042) 3
(594.2629960946772,71.36242763086975) 8
(657.0814400478282,884.3278377888248) 7
(58.45016617740861,295.4603688172265) 8
(437.8179201559939,60.82869448617401) 7
(314.8748819856032,241.89688835484657) 3
(57.32228095594416,826.1443810959425) 8
(403.7334807431974,939.4442569189475) 8
(451.83519369920066,275.5708152011744) 4
(265.3483700275921,28.481251181751155) 5
(162.19257872150118,425.56934927050827) 9
(643.1828588682855,894.0466745874569) 9
(447.79817856646895,330.5432884796411) 4
(54.9017210648719,866.8817226312949) 7
(255.61639729217654,704.056873329254) 3
(178.42277301878318,793.0608125156393) 5
(148.42078299558204,138.69445149673732) 3
(268.6248716113391,320.504552564848) 8
(147.44063738540726,16.277726106275757) 5
(892.2905627653571,977.5137294503704) 7
(79.24117859227431,989.4684555370279) 1
(125.14129397645235,973.4981681531491) 5
(303.7160308635181,564.2216025923967) 4
(508.8340684694058,363.36940338585777) 2
(552.9619199847207,624.7699570849985) 9
(571.2420429409264,698.271802239231) 6
(367.78364745068313,6.042138045316614) 4
(881.9471119264954,800.1364227058662) 9
(239.7183757079384,717.5605979168821) 4
(873.4489394773652,705.2309045343325) 5
(181.3315498446183,717.7931679963456) 3
(254.7241484200795,403.4220190103462) 5
(946.5688865452466,837.7996176161736) 6
(906.1435320679889,980.0172382930227) 10
(551.5920998080878,411.01569076920197) 6
(355.17014393774247,570.0167946541882) 1
(726.7538116403259,129.67048712650842) 4
(359.6170955129906,430.4865129539218) 2
(510.6270692237933,790.1302701273647) 10
(479.0314072717673,193.1268269526093) 6
(851.2413694754318,368.877818520453) 9
(303.23830927037756,146.63751236470236) 4
(159.48751505364643,204.4745036606539) 3
(506.08569634072296,997.8484031392528) 4
(138.8740890180227,276.51415168406743) 5
(613.6394194193512,718.0578552499929) 1
(462.29142782918564,285.50182777004875) 5
(688.6149026342516,855.3271261891272) 9
(302.16698193966704,553.6396203738501) 1
(668.9315285379754,925.7043828692491) 2
(982.4606455508878,614.2719146907554) 9
(918.6080316504654,578.642306124129) 6
(838.0447242837072,900.8167333725012) 10
(107.12403913501767,894.1081856054666) 3
(806.2102988509534,413.5432629907397) 6
(690.922108638954,658.8998272318893) 10
(442.9254282673005,966.713156343239) 4
(481.36704012544953,963.270136224396) 6
(652.8732988290433,654.8589407371508) 10
(277.8520793211249,597.4549016655315) 1
(859.4733609925908,205.86851173164177) 6
(189.23238010923993,529.8398941237454) 9
(48.73507875121585,855.1028747769736) 5
(185.23090339921742,346.3130595545266) 4
(767.8599052096215,760.5238553545041) 9
(17.27591314156085,23.63227301999582) 8
(683.2834808753552,326.0052034310803) 3
(197.1106986847596,160.63696713292376) 10
(876.2661518690044,290.06097062398084) 8
(68.44182718637192,283.0623914049537) 10
(601.9891765131558,883.0745897448164) 7
(223.1286607650289,902.5884465898793) 2
(153.0938988357199,474.64929282836687) 2
(953.5554107400934,334.9242890818773) 1
(566.9888780503817,489.7430716880696) 9
(305.0090522528102,404.5753946766518) 7
(433.6682664869386,846.4973208532523) 8
(563.7175183525944,200.72712275476277) 2
(484.5125483730257,207.52846351869724) 1
(414.6189202438996,53.55691395839535) 4
(374.79470530455404,743.0748729013446) 1
(394.8688345825482,987.4331868299993) 9
(701.8785565273689,252.64525763616263) 3
(273.0053748682307,534.7125083531726) 8
(611.5094166776524,103.43659874123956) 9
(567.1908825687841,728.5091430701334) 8
(566.1554569540865,764.0713171286693) 9
(490.60790797254003,845.6958523833896) 1
(10.575583258087274,723.3740830403576) 8
(432.2172836350304,744.3228763393251) 6
(275.500301870539,65.95847099133123) 7
(544.0167909105224,252.73416691326545) 4
(38.783936466135756,280.421719214338) 2
(928.3561714512615,549.8881270059009) 5
(145.33753703047913,22.757524369791614) 7
(945.6878684007544,291.9775013115211) 8
(113.99239896728785,775.9488169476667) 5
(681.3153895422695,429.5073643567733) 6
(564.6020490272405,962.4683119999564) 9
(791.1734482647399,885.9286757724294) 3
(856.5635008787768,499.70775519973756) 4
(996.8531638626476,356.28467033441416) 1
(997.0972465559491,590.7275833377295) 3
(277.92954027902596,971.2187194441104) 10
(645.6676769742904,746.2273018278207) 3
(149.52839387773076,859.702006835677) 10
(769.6089573653692,385.45555545576315) 10
(425.34586948746653,970.4686103104966) 8
(39.48548441326205,640.428260719504) 10
(503.62779528478643,141.43352509336526) 6
(46.438010225688274,716.8753393527435) 3
(670.1952936720336,228.8972369323703) 5
(365.57320390079775,688.5933689998349) 9
(715.1906674243405,253.1476382825788) 7
(640.5767673231222,935.8120824440128) 4
(960.0791917437733,398.03228808543867) 10
(95.87809870713238,409.47085174217955) 3
(588.5445420530691,15.274019785360139) 4
(597.15385035792,415.3223754191774) 7
(207.24480881433027,519.3604213326034) 10
(495.70275113318394,720.7181135975469) 2
(478.10289052016606,423.61225861773346) 7
(536.543001936101,911.0339557718963) 10
(258.2172598355456,171.53769425771804) 2
(279.5969222525081,534.4036423933334) 1
(409.3323771962566,41.50978042692732) 3
(305.04130490069,183.03535901734747) 10
(236.417468501149,730.2569230685067) 1
(413.00357365759885,231.1501545571788) 2
(305.4600084918029,380.0048415943292) 1
(461.17832547075113,204.38651428083543) 1
(385.68726345273075,450.7383649324113) 6
(182.61475534596627,933.540649612048) 5
(180.79926506110334,437.0597312213241) 7
(164.68062998018317,538.0330391715524) 6
(414.8269835024776,785.206278180179) 5
(678.4370076029758,336.45210690382066) 8
(556.479613102249,404.4759556254803) 4
(436.08085953612385,486.34291680031197) 6
(272.774357084985,804.3139290389768) 10
(170.6356413164105,735.118556479292) 6
(332.0716900090023,715.2155232754825) 3
(636.1768335440984,735.8298726281328) 8
(978.1677138391755,305.6606974531422) 9
(132.49382261248056,848.8933470049953) 3
(558.1116470845428,923.5813882395493) 7
(412.7799924398414,456.38779088789806) 3
(793.0741525299117,784.4545101972584) 2
(769.7701049318621,520.2997207290491) 6
(637.4780638195455,202.4898021541054) 4
(833.991431917086,732.1068941366153) 5
(745.385200949635,599.4140212436321) 4
(138.38041130534785,285.13154578444113) 4
(455.62070260697317,487.6190609227231) 4
(565.6689336559602,513.9071947837855) 9
(517.7450702096595,632.6992064131223) 2
(252.18686782168743,755.6915918914175) 9
(793.2426722456654,618.0376772229786) 10
(194.73308069909623,773.1266021123278) 1
(476.9496380691308,386.0512921940501) 8
(683.6583476776093,336.8928021753589) 3
