1000 1000
10
(0,0)
23 80
550
(382.30817677805464,315.55294018463485) 9
(788.0641460723408,659.4302182352329) 8
(297.71580979052095,297.0128163165842) 8
(462.01516825299683,534.5859463508333) 9
(515.6606787482675,188.5634966135058) 3
(21.93423310967635,15.088490677828247) 3
(928.9853720723333,489.93166461922465) 6
(17.283282001541167,527.812191327934) 8
(743.6794793582641,367.4642843102497) 8
(248.00125707002263,258.0720983205289) 7
(646.8645212556162,802.412590961348) 8
(144.18432937331326,529.5511933830205) 8
(542.5315867750493,143.27132752932116) 7
(1.5609902972143486,355.88540805179537) 3
(321.68464589797685,158.92249319378016) 1
(178.5365679856925,587.4476893395056) 8
(362.8667878470785,854.4612968010401) 3
(541.3738768870744,697.0941046401958) 1
(956.0192499450011,216.79212693839656) 3
(886.6196105988342,70.26526585893833) 6
(467.05457035915344,788.4550762278234) 10
(740.8059136167816,557.361895816833) 9
(908.8940174029931,42.93734959531126) 5
(871.6770829347527,395.08064086029793) 6
(370.1686298342822,761.0885993179958) 9
(129.31196291038992,180.6656603256983) 10
(8.959468058478581,417.99540496037633) 1
(238.5425050561839,192.9369671686666) 8
(547.5602809937938,837.6357670334623) 2
(95.37492570420325,690.1274658831065) 4
(617.5463893803934,613.1428264163404) 1
(825.8799148704105,980.9749625730965) 4
(407.8517682676428,245.1492679392464) 2
(570.7298478126154,923.5960381352844) 5
(689.5907292454382,703.6974264148193) 1
(358.57209218375186,32.22786093496177) 7
(738.4241456894044,664.2115826301323) 7
(789.2971416160573,157.7705454306635) 3
(746.901720262045,263.06992342887605) 6
(442.738028720733,15.68244075077041) 1
(955.0394408708553,369.77376886897184) 8
(921.1672112725461,801.8991280947109) 2
(992.160108464766,854.2194761653572) 4
(535.3084964225416,595.6904760453377) 7
(817.2687626056639,597.8781886098518) 3
(592.5472569877253,194.1307644241329) 9
(728.1347860072035,125.82031016283979) 3
(178.45410224744984,484.6630883213439) 9
(566.116355522692,999.2970944628702) 5
(494.96411608171144,733.232781138764) 6
(830.7689334113483,239.85831943540558) 5
(804.4255442740115,631.4649055937641) 5
(207.57928257037273,302.99337126547243) 1
(856.392182286986,174.8670939332161) 3
(902.3728330187292,715.9580511779985) 10
(87.04252787216905,510.01220127612766) 10
(999.896904936751,174.0411145285049) 4
(923.4402079037455,59.95118197343541) 7
(826.3900511193847,598.5405646912996) 5
(36.64478789686687,371.04459732268947) 2
(930.5731093071087,842.781633241783) 7
(366.23121207368206,399.60226237894227) 4
(278.41377116266654,592.3528431542367) 6
(959.6729093026743,341.4150622346267) 1
(745.4641696381736,219.18828530703917) 8
(946.1827609724987,929.8382874527965) 9
(284.1458353920131,717.8637401063285) 7
(833.6756395939066,589.0793507787447) 9
(371.0498936332518,773.3986721078286) 8
(223.1600330684379,517.9476051698243) 5
(640.5038884867905,819.3562219966057) 8
(615.2021568820504,915.4919274336802) 10
(480.3272385011588,257.82924785157167) 9
(675.2632734833638,128.74841184809392) 4
(499.1275793518341,785.7314435132048) 6
(899.6535534874603,810.5452823514512) 1
(869.3931517294777,478.2444611553143) 2
(910.3919359578007,303.84787155232) 6
(751.7002650321779,204.5591897141571) 1
(915.1845244379897,890.4495604857179) 3
(747.920601099036,361.11823396197593) 3
(677.4280158705318,948.3803379820893) 1
(750.2235421904321,909.0664140046127) 3
(196.62020067265962,483.52404009011383) 3
(431.79134988534173,34.92428060240027) 10
(744.781454725955,234.48604111504656) 9
(423.83454481657236,700.1186289891563) 9
(608.7475413627002,425.3479431066407) 4
(860.0107908017181,453.2175982803749) 4
(539.4545796277557,548.3854195673576) 9
(624.7529109096004,794.2036937008913) 5
(475.14009132830716,644.2479296486308) 4
(878.6273145568882,827.2188536873323) 5
(224.38105088294668,715.4558582539314) 8
(472.0504259054327,906.6952595436634) 10
(296.22277224543257,312.91611109181747) 6
(433.71003795053895,80.92632554766432) 5
(90.8983681872143,837.6187845636692) 3
(99.17991018680917,919.9635525666621) 2
(466.63652308353585,419.2117312038603) 3
(77.31741055109009,819.0588909943893) 3
(872.7263870216602,388.0405160799447) 1
(836.9760511195666,307.4027102785779) 2
(558.572208049134,300.5590032567008) 1
(976.3114074834486,740.5171452460634) 2
(319.2617934442954,793.1943276906379) 1
(490.90650364520593,305.00978637355956) 2
(138.84887726909656,731.1204386669009) 1
(387.4151292860103,833.9275642085875) 10
(592.668489454926,381.00055149317046) 8
(990.4417930185311,586.5996650564838) 7
(846.0868879144828,784.2091418436191) 7
(64.00484067150558,163.74120575627003) 8
(260.1088726802606,278.29715668087687) 10
(739.4806272705383,701.4602292225597) 7
(28.576822543214362,210.98004255382386) 7
(343.6711574269772,839.0912521588908) 3
(802.4963625017493,481.72648573547616) 1
(252.28087091945704,609.2705330876239) 3
(327.2094734456661,132.10288239054046) 1
(584.9091251564085,37.50553655534872) 5
(258.6948458161915,119.39924980617367) 8
(647.6582771064761,687.2765807504306) 5
(462.92529101641344,849.131848439718) 1
(466.2220736366564,192.89433787436562) 9
(147.12540651834806,730.3215434237345) 2
(598.087194948311,82.31345421248415) 8
(706.6892251783444,734.5260728468371) 9
(122.5389366152474,328.29433693017864) 6
(587.2525778246161,227.25289795021797) 10
(141.00398881552368,887.8085498906552) 10
(858.0354188480753,330.6933739704686) 7
(184.0216601899668,970.537361239357) 10
(403.8888768059723,508.6363643492192) 3
(756.687341346931,801.3119656712406) 9
(124.97340737309248,781.4855863650101) 5
(637.4060042413746,203.3587190419933) 5
(880.2056010464256,837.938292816572) 6
(397.2065449805385,82.27300011790983) 5
(550.0622393704238,775.6555077877543) 4
(496.5516480790443,799.8401264348753) 2
(522.7964099164313,723.8871529699636) 1
(286.9367107861789,212.99394520517222) 2
(380.1985191674795,879.0395348091914) 5
(624.8202198748801,529.017776063064) 7
(616.2314900632047,186.0131772136091) 2
(589.8612913877256,119.243306312256) 4
(291.8059600590205,521.9647069458218) 4
(224.01319335598535,411.96558256788376) 8
(810.277894458382,503.48965890048305) 3
(52.04710651207212,12.416023229878558) 1
(11.262170878317823,871.6662334875746) 7
(373.75383815320174,543.153479119011) 2
(116.94694717247856,915.8567374867519) 4
(911.8895618472421,267.22484071058074) 8
(409.28004386008445,797.8073442591128) 7
(449.32205849316153,594.8193911164363) 7
(2.1788691246220626,500.70183101727304) 7
(225.5456939687641,695.3504362362432) 6
(924.2198213129562,65.12013363849745) 9
(432.5820736654151,255.43593897989726) 5
(803.3197204091255,745.3416806812845) 9
(933.7111350879235,405.7354883035833) 2
(201.7347482359909,576.116738161701) 4
(229.01424862737295,900.9593108597447) 2
(310.8736728123248,248.93168909051732) 7
(583.0041987729824,577.4844846903392) 8
(712.5826778969464,643.8009307748788) 8
(526.2012098479406,785.6521249868766) 6
(377.133177703557,388.90864072954525) 8
(141.4906550439654,634.3384566513829) 2
(551.2539924778953,523.6211866073382) 9
(910.164170664836,9.939205994728418) 1
(621.9868038065379,821.0807872383479) 5
(675.7702031003399,507.62014220648945) 3
(576.3888854506979,683.9231170978851) 5
(635.7133891623113,110.80005148795102) 3
(870.373437315489,514.2696348975501) 8
(61.42572212055275,910.0274417374483) 5
(423.76265541559553,717.0767539239655) 4
(737.9297370058997,110.60735774843455) 3
(682.0741735167782,423.9892200423867) 2
(283.7541288817962,324.3774868853528) 5
(230.47918383952793,971.9585039149545) 10
(724.5176569866742,277.4573353777663) 8
(747.3576887609074,982.4636580548059) 1
(69.17985985802599,778.5026703955793) 2
(994.495305047144,887.6588268757167) 1
(129.59852562846996,884.9149091365574) 5
(113.27703017466983,976.9663950092001) 6
(132.33511707846856,278.1428328521172) 4
(252.05942150838567,242.66207297238708) 1
(2.9091755861692103,176.82434486763444) 6
(603.3942897544908,162.08699329733955) 9
(918.0225889509067,803.3094544799098) 5
(408.993740176141,198.77585811141674) 7
(984.5508872569253,179.7305745822395) 7
(351.01053984695807,803.4775849713844) 9
(11.456173597557795,763.0891380124923) 7
(595.8185256852369,710.7883441293818) 6
(271.3839234517673,5.124874511095001) 1
(382.5090112578111,479.51183542077104) 5
(553.2853828127263,485.4621757716159) 3
(674.1542478391618,75.45958696896737) 7
(131.69438479115524,977.2236948521291) 7
(348.3926745451771,746.3352523424126) 10
(160.78126673354808,321.61492060692245) 5
(42.33904925366405,837.0006576092785) 3
(206.34519926593376,145.13043907422596) 3
(721.3762603610006,523.3169644593272) 6
(748.7602881179359,716.4722143972157) 5
(222.19469184894436,255.94336318389222) 2
(761.6532777864255,435.44878232891995) 6
(252.59379177604367,379.37781849678663) 3
(123.49593191343689,51.253902436068756) 2
(986.0234091747625,309.4839330555226) 9
(552.5241703915307,247.99272667946937) 8
(929.3101621646847,223.01614842698314) 10
(433.4174884963122,172.1653118279125) 3
(51.75980541280645,831.3618645070471) 10
(772.1618257373179,500.4470760669752) 6
(591.0424624163741,21.03723017827408) 4
(49.00918890303618,747.0108376547364) 6
(548.2783625509547,140.86782587853963) 4
(376.99561754564036,369.1304815133285) 7
(815.1120558031935,165.64767778958512) 3
(626.0186434714117,593.7113943190733) 2
(964.7632124392127,565.3924717151124) 2
(457.5960177418583,622.9431310957503) 7
(122.81006914315617,872.5690935831608) 4
(705.3630017633602,673.7047527635272) 1
(448.1892066553966,739.0673575852153) 4
(859.7639821744649,901.57453312682) 4
(769.5178168657897,611.235184212519) 4
(121.74118854488947,552.6460839045889) 8
(204.25710854578315,41.41136485482888) 1
(69.89123829557154,6.2334835301443015) 3
(391.68821224836125,345.6431534867925) 5
(961.958230605504,975.4176295066799) 10
(442.26098416003225,741.7808142091551) 4
(540.1330589549087,939.4967196409606) 9
(743.5654927223015,914.6341030186504) 8
(510.99360353752064,654.2308749624943) 2
(306.65941002444276,75.07194894715707) 3
(979.6224463722785,116.8096497103015) 7
(853.4404901491786,642.3965323625561) 1
(34.68487486738214,226.63950725013825) 6
(573.8470806154019,456.287105373102) 9
(76.09840103965627,108.54004566700127) 4
(954.37746000967,405.78819515182454) 9
(462.13610741654895,434.03358186395667) 8
(383.98998541226047,429.5790420532839) 4
(32.46924907777504,950.2733604721507) 3
(994.0934793368386,177.99195463034246) 3
(269.9064202808719,34.597545916280396) 5
(999.9413221781756,479.30513898554364) 6
(96.48736601176734,976.591228976667) 7
(478.48712682229143,948.0640764969703) 7
(571.2238028117358,273.1131338421069) 4
(449.8721163300371,561.1604531692612) 7
(639.407983746833,970.2813946316996) 8
(303.3981432324472,777.4787267815159) 5
(857.620144531016,245.53015952728708) 6
(984.3554020610147,81.84909267891749) 4
(772.006388559042,307.10179261807815) 2
(759.6076810020637,582.3849525694676) 1
(730.0942242459922,950.2403892301411) 1
(875.4115825572201,330.9493623584305) 8
(399.3676684951043,145.3505381418466) 6
(408.59938156510543,170.8769115344968) 10
(971.6750323631298,672.9218667904996) 9
(251.16823227659592,514.6940757584276) 3
(112.78639095314769,22.797645285740575) 1
(976.6621163284697,671.0123439996755) 2
(495.4503005753492,380.3969300617507) 1
(705.1832701277399,726.7404313982812) 9
(66.8937381462683,541.4086370772241) 5
(550.3726528331872,641.9755857545454) 4
(13.901061650465675,812.6689242287703) 6
(748.2744269278198,390.8766599355772) 9
(288.9086410359053,381.5306745128392) 6
(700.4363486745812,71.59439977817638) 7
(566.5569527921468,805.6936597119139) 10
(115.37006175661135,131.80570011962968) 2
(939.3398629671337,710.6088795161337) 1
(34.268446081609504,491.66370586553086) 5
(722.7969248204182,850.3436933607454) 9
(884.7506777379288,54.47164572482699) 10
(626.8927619350678,410.31264473558383) 5
(647.2107012836739,480.5514874555953) 10
(547.9246977396665,119.81435442732469) 2
(585.7936780133153,65.55741132506931) 6
(312.74239172040484,312.0056533314742) 4
(597.1644399986847,761.5803002217637) 4
(10.176514586103359,131.00153055078457) 10
(244.7700142944027,58.80786086441125) 2
(411.9876183593587,776.7588211534817) 10
(215.9037508778363,441.5059325045164) 7
(331.959003790416,736.7035389894587) 3
(243.39100246513647,780.4419535513288) 5
(255.83328542019333,227.2911820062149) 7
(684.5175819524546,92.90078926552869) 9
(475.97317775355174,971.9428560808085) 6
(786.338880007187,425.6043339559771) 2
(239.4467783807256,738.710343327301) 4
(877.6665902151896,980.1015360924905) 9
(904.0641934548776,913.4073168578227) 8
(398.6197065211948,219.14785936833403) 8
(723.5344376251227,491.88179930825714) 4
(487.0303646158488,500.1395710045185) 4
(661.1309074278578,812.3869306860471) 10
(998.321859147411,740.9136432470164) 2
(300.3561364825191,913.679499952272) 7
(442.61551233115557,875.42488141745) 4
(650.9615715554379,237.90338979577606) 4
(167.60893118654496,689.7897095919625) 3
(246.96486092550796,754.0330829693047) 3
(490.87904911899403,228.40897416536666) 9
(911.897450371382,144.22168161738358) 8
(755.2478112306687,195.32083204223093) 5
(780.2378714966588,106.97016968699202) 4
(860.6364437356955,716.8465251039224) 6
(459.03256992263255,380.4774681309787) 5
(546.9048416024627,828.5145240585699) 3
(750.9451283237397,355.478086361144) 9
(760.2787462727271,467.28429363174985) 2
(137.60177686059848,566.7184810031329) 7
(547.8546180405009,319.9285169488092) 1
(72.4526808690581,368.2511784260618) 7
(332.3890573533722,926.9987859667599) 4
(582.8164443331531,6.424253391828172) 8
(809.8575717121663,530.7027354535691) 1
(63.22959949223894,562.3753154984001) 10
(216.17277878507178,857.9466687447717) 4
(683.7456872887768,953.7633487914233) 7
(28.112580257922847,811.0604112851253) 10
(542.4113386237602,503.838572909897) 2
(326.4413915803548,802.993058140479) 8
(462.8622410652331,648.7179921326978) 7
(997.5129829640946,446.016311008553) 10
(697.677106898863,374.1661381295599) 6
(686.4519973362769,70.39875565959674) 9
(18.164366853453686,529.4251114828553) 4
(879.1462331357079,273.55527231538747) 5
(473.3056601552112,630.7591643019069) 2
(297.4832865219507,409.6909670281704) 2
(217.08778127401607,323.5268509435013) 5
(810.9204010039748,557.9149453297581) 9
(937.0588050483985,903.0544152955428) 3
(938.4457967846897,744.6850458890809) 1
(209.3617435316939,310.263305391011) 5
(367.6523330014444,279.69068071101213) 4
(264.3560463002572,863.1647397291331) 9
(251.34989374217642,756.5872834461615) 6
(199.73636184988897,408.96680327051604) 9
(494.78641832226066,177.3628988674809) 3
(468.0618432357198,686.7306298468404) 4
(868.0066492754463,485.31162364704295) 10
(917.8071053569172,618.8066096659505) 8
(661.070201021874,205.91148736824715) 4
(849.4384028818412,84.9138970456802) 7
(202.54894945471813,374.7465248835332) 8
(983.2595129141012,707.9759481528106) 3
(867.4002029613898,502.7050799939685) 8
(120.43650085694291,971.6633184267693) 7
(357.9476552248574,380.6006581432401) 2
(726.2312477724316,604.8269495863401) 5
(644.7341999989783,765.2608068552053) 3
(886.5850209074468,204.48539507923314) 1
(901.8996006166407,567.8903397582384) 4
(294.958345042177,640.2913990311163) 8
(29.232220248487927,447.9612539825303) 8
(888.427205935156,198.9344207271848) 3
(923.1329157247105,608.9050335735095) 3
(409.6785697852131,423.12384361300184) 9
(837.4618363003867,841.9267578635973) 10
(342.69171961658526,992.2321508736434) 9
(747.8834627375231,936.3840567270428) 8
(400.7378604363612,733.5222344256936) 5
(278.1927918540621,544.5888530034023) 5
(248.44506782903218,958.7273917770989) 4
(393.36439365610977,737.7288964479434) 6
(449.06877020173994,707.5423755885713) 1
(622.6099739831037,345.73226256945935) 1
(512.0637986667284,889.6291054928151) 9
(774.2281173892351,846.7806111204864) 5
(883.1492765191988,481.2548168469559) 7
(444.694199968539,19.72490306377306) 2
(156.82967424990213,691.7682781562625) 8
(243.26307909661938,707.005879919914) 5
(933.7334897475066,988.1060627594766) 5
(72.76157727475218,882.1996879925405) 2
(933.399238108202,487.1550367576709) 9
(430.14123283433435,463.48325515723366) 2
(770.385553090988,189.4320396881768) 9
(463.47996044738835,519.8567648247836) 10
(471.3704547861236,367.5918898150602) 9
(449.3308452969601,217.03333981424822) 3
(788.7468600168613,374.7235665683706) 10
(22.392518711780717,650.7164090057344) 9
(698.0372916038461,648.4374567133345) 1
(958.9961181953203,17.41543549690472) 6
(103.6225845721751,385.59127267208527) 7
(802.7080430150431,100.34302001469963) 7
(871.7498471665616,643.5550119103641) 4
(816.1921553990102,589.1239159335107) 7
(174.3899360994705,467.4261037845084) 8
(252.32316250633212,599.5743264559461) 7
(698.8955079146818,696.7368325740197) 9
(23.288942309243055,602.0057517802819) 2
(354.9647640880813,507.089229878702) 8
(938.3569457424398,172.4715510683208) 7
(689.6853713786793,404.59342689944447) 5
(565.2654182578073,637.5605508867332) 3
(556.6644189722913,591.010266232645) 7
(521.5638474724885,377.4225981219008) 4
(748.5586827209964,207.35779165428636) 9
(314.6340196640247,721.1124088159477) 4
(126.49128359869577,274.3912705855045) 3
(166.8921294959528,429.60884184059455) 9
(831.2083409272952,986.1985483282574) 7
(225.74279532809183,943.7062144288301) 3
(180.7121974217488,406.2243217081928) 5
(980.4051459211507,522.0578391295292) 10
(707.5032990339869,262.34279039714636) 5
(956.3751399752309,834.6236639012365) 2
(679.1196872310305,556.9160223291807) 4
(273.98767104692865,564.1677775284099) 4
(826.5412201465755,330.85527019998017) 3
(261.84663062219715,296.722650987262) 10
(995.5530124412239,508.65617964900434) 6
(733.5272988156763,178.1585339257289) 2
(642.1839282984091,618.6918243807442) 5
(644.1119390514632,853.7638315935274) 4
(416.328204446208,556.1865821051373) 7
(405.51376489932767,856.5069869601557) 5
(467.13374947798945,448.47289876152894) 10
(922.6353833611264,102.71153991353421) 9
(269.91450807981556,44.666160081209384) 8
(209.5151338884883,23.73472219546413) 7
(147.28327113032836,819.3118059961981) 7
(873.5982527546204,279.7497145351657) 3
(5.891846941923573,276.1486153398008) 5
(598.1920829096033,709.963245957194) 8
(615.863611504918,792.5165327095706) 6
(737.4154194894516,859.3084827900908) 10
(127.19507269609332,691.7672022845495) 9
(448.17458229721507,833.1212715197005) 4
(360.4303901735814,22.5103754233581) 9
(294.64806481993855,421.91865533091675) 6
(363.01093278705497,750.4340090614069) 5
(557.5657670498241,408.4885917933313) 4
(445.0924799476873,867.975806245704) 10
(326.9603334182596,818.2234408545976) 5
(254.96864912376017,477.0561069094589) 10
(507.2091521406645,133.84534876564635) 5
(52.73382226753498,388.3747736160507) 7
(734.552794966745,375.2909327766193) 1
(339.71001056539995,965.6874821035415) 7
(864.8485392613042,148.0975579342114) 7
(835.184803402343,219.09882845603013) 5
(539.3599732554641,982.9587538138384) 1
(108.20153704218116,235.0586191901801) 8
(76.62813390435241,866.7010913711925) 9
(688.8518788019301,90.35801044352488) 6
(42.82318043152466,361.01482593327216) 10
(158.14262066718265,559.9082074379318) 1
(118.59925655134707,363.9343617748858) 2
(172.61679000175732,944.7333923446046) 4
(315.74323578164297,986.2765296046335) 10
(833.2373494698952,560.1062393571686) 6
(315.6527624426477,515.4152494147) 8
(382.224993175612,257.416910560487) 4
(440.5768086618327,244.79347643943973) 10
(173.189607390821,389.7028899620061) 5
(314.77998614961024,16.398432868125035) 6
(197.95384986358278,921.0506899804968) 3
(764.2540475205084,659.5022049487341) 9
(533.5229472512985,935.3330653567875) 3
(537.6776029546062,224.65775810919985) 6
(598.0487586302966,667.2123267543591) 7
(798.0696322570092,774.9413622798261) 3
(33.02215815290044,928.5929671424612) 9
(683.0412591342465,798.0984821572196) 2
(620.5968007252854,348.1780351800566) 9
(181.90094917604193,819.1021855460339) 10
(482.33471324501477,863.235197916669) 10
(387.4126144110279,410.6432761915848) 2
(55.551045534833364,489.67209656157786) 9
(525.9865919324961,262.6817880628434) 10
(405.7996612987699,536.2392744228931) 10
(289.57604326070407,26.021981862706212) 5
(790.54888776283,367.5224353990251) 7
(423.62119567605407,366.95120875876387) 8
(524.4178684812829,95.53894589700695) 5
(129.72155111462257,910.1284716687243) 7
(856.4330519010849,361.3169847230959) 7
(268.67832878531374,585.4293027540238) 3
(137.14940118843734,630.6079195834359) 3
(974.5169926703023,681.4740113291989) 8
(655.5990556114178,486.3866802281528) 9
(295.99992117052864,506.4565218148409) 5
(244.16065234023577,254.8382671093955) 3
(515.6519940075566,183.6379740651386) 5
(666.7422908910289,37.44902866352196) 2
(312.38651884584823,525.7564379870089) 1
(731.7829985858209,452.530538902478) 10
(25.367258668095083,413.8478530435571) 10
(493.4840666681437,803.5401903787184) 3
(426.507305128474,835.3634572193087) 7
(428.0615882136056,194.94231087764825) 1
(53.420454811599846,308.6427368486633) 7
(76.96189972729928,243.64260178095054) 9
(457.231729235012,708.4582234042431) 6
(979.841269633692,159.29313056839257) 1
(522.8183306798999,373.8432468976858) 3
(252.13758271254983,798.7180288135862) 6
(509.61807698497853,880.4902948177792) 7
(607.240380312072,5.309697213228937) 5
(557.3297521115351,36.057274836561845) 10
(991.9411604144179,205.5909913527878) 9
(682.4021817244254,292.6576026559772) 7
(331.2541614812341,901.4751384466083) 3
(982.8478350314689,706.2336627226516) 8
(863.554890839472,591.7566765519406) 1
(505.546769935043,517.6837931659077) 5
(22.821379837728028,330.7469710412315) 2
(515.1281633374019,93.92901248496699) 1
(32.7610167010618,361.0048425813193) 8
(775.0109831868031,416.00642262239194) 2
(617.5935013563477,766.668334222528) 10
(375.22025308305564,589.566094262532) 5
(572.0921884029565,119.4579645006011) 4
(352.00762788448117,377.6095423892912) 7
(288.6388289228943,740.8072740983748) 8
(729.26745382722,143.78152433159764) 9
(727.1375204015721,937.6147918366759) 2
(447.1898728600867,743.5875979761969) 2
(395.5951032522601,325.82193650765055) 10
(938.5500924166449,180.68900227586437) 3
(209.21582302627073,634.3409575156252) 3
(725.9094365192751,13.865385244695938) 6
(585.1053989964064,125.41367250323488) 4
(57.2128101038919,878.5298784504054) 8
(652.3500123395671,587.8584445152568) 1
(714.4253662697449,245.07220838312548) 7
(433.2803442609793,296.94240223238324) 8
(133.52974636634474,533.9856619114427) 3
(324.47805800272613,818.1662426773236) 4
(244.33761528436594,506.9627234605407) 8
