1000 1000
10
(0,0)
23 80
550
(195.56552341905697,990.2925868858562) 10
(140.60333663564785,136.30868208614487) 3
(925.7931431665528,954.4017833186253) 9
(176.37020797317382,955.1678697687302) 2
(619.5820339720067,939.6999725255599) 7
(853.7522987519347,408.38691164191346) 1
(645.2509911812086,864.6169115726946) 6
(117.97178285157428,698.8799123535222) 10
(352.7084516338477,479.71427456298596) 1
(912.2655815893921,561.1935959397877) 2
(242.98732016395186,123.03530771522897) 5
(748.1017971115897,798.3969148849864) 1
(512.8481321737847,985.1550784960098) 3
(595.2462318120255,953.3509050808991) 10
(650.1812496073477,825.2105417372024) 9
(295.97989449901974,413.8668516946621) 7
(961.0676843159747,319.9786258286279) 7
(445.60132225536177,848.2355508708002) 5
(849.6017474764798,853.0167885481876) 3
(856.7124353564809,374.462142321916) 7
(585.5081741184413,64.96602008179431) 2
(101.56734087477082,157.99085910066535) 8
(205.44535742865688,544.6047559714767) 2
(439.50536394537187,723.7653566828496) 4
(55.71547517622477,642.2650363899395) 3
(876.8411829537922,154.03656344498583) 1
(704.7601388371235,981.4186457553808) 2
(473.5018300455549,388.1956589953798) 3
(675.9179535689026,103.32959426746946) 8
(860.8754877204938,199.80403586425476) 2
(904.4016896870245,478.88214138764016) 2
(590.2073999074519,185.1311801605293) 1
(696.8093037743387,487.5872568986066) 6
(556.5110230488475,941.3881466886477) 7
(287.67413981323256,9.849736219929905) 3
(187.04288829714977,732.8388990700643) 5
(605.6805755540028,769.5688728454213) 10
(415.2234875981205,725.9335885577951) 3
(345.13477622008725,716.7918102013799) 3
(160.12198371076025,996.3336471939006) 5
(166.73602259987797,233.48958019405174) 8
(881.7953515080358,433.64023665927164) 2
(71.78240212510745,973.7264698689404) 9
(462.8857388410702,29.80057224419397) 7
(912.8145696696837,805.1416544407608) 9
(606.28475765483,229.07645606936444) 8
(994.2649727402624,524.8922816794939) 8
(966.3702279561935,154.74818642070076) 5
(95.7092451530922,112.87847117650807) 9
(555.5836196436264,110.40879511817036) 9
(461.9409497631332,759.5964074737169) 9
(180.28300840338153,202.50532798792952) 6
(615.7331842897734,143.7748240216673) 3
(427.23832909731317,425.94868810231424) 2
(309.8847663249906,602.0455986906145) 9
(567.1722511426256,975.6646102302859) 3
(504.73743316673716,829.0297490962242) 4
(320.9327498759749,124.22888536993948) 3
(858.7900743354832,494.3269568908173) 10
(521.0706395736286,150.79600931751526) 6
(211.85737765476375,350.1182741116223) 7
(895.0691682227726,776.9810279151615) 7
(120.70417808167777,1.13443398675106) 3
(932.9983285145275,825.1127000966384) 1
(953.419142709975,449.01948094172303) 8
(417.13730619397063,520.6281989093602) 7
(246.98073156524057,203.37347790724715) 6
(906.0634859699517,892.296137102393) 4
(676.7084154786709,681.0025814108391) 3
(534.6360690559051,770.7294753567949) 9
(473.5481597728185,766.6067807385525) 6
(168.7438218321612,350.9294805301617) 8
(354.88492879704717,448.27193100540285) 9
(267.345325308059,306.3748272018448) 9
(676.9527100749738,207.81765342401047) 3
(717.5412843530785,31.129350575127223) 2
(608.7579244661482,659.9736621919279) 9
(606.6515756723275,319.0719325140694) 5
(205.69653562654688,177.3793279055873) 7
(877.8269297574186,934.6680907948385) 8
(355.34941075655615,564.096932159315) 1
(976.6521083542068,559.0200229108567) 5
(277.05740735172867,852.9030708681262) 4
(455.34347126969845,336.2782092672214) 3
(271.35895173904834,854.0026274629066) 2
(201.63391275935206,260.66687390736934) 10
(427.7972408294926,895.3631534266134) 4
(273.48403511328246,416.9799508833503) 1
(717.890067358733,840.752395126588) 4
(464.1422496228602,652.5499320040722) 6
(315.7064330481528,980.8379555991232) 7
(427.1878358572416,377.2628640901491) 5
(997.8405849142814,667.0406974992122) 1
(489.25254230979067,61.614987692215294) 4
(287.02757610272613,74.68052270079983) 4
(61.86117128308477,728.210764766788) 2
(911.6090640868513,108.66010556364014) 2
(594.9620454540587,366.89755742070076) 9
(539.6867868543541,198.9403925549942) 10
(483.0785752568656,100.997459912598) 5
(312.5936220602072,920.0193252683949) 7
(708.943261961626,626.3048510989987) 2
(359.4268925575751,471.8451275572402) 3
(118.96046603202626,466.2129692428837) 6
(514.3597045457426,561.0411455611528) 3
(635.5803649595973,403.0060092489627) 5
(578.6926287942209,532.8088414548732) 9
(407.62948242628414,395.42713809088013) 9
(165.02892366121213,796.8497478735162) 6
(693.120037813683,138.66805464219522) 2
(841.1448377325513,14.54559069593342) 3
(619.8592299915578,694.5072310835438) 3
(49.164128398552556,367.2996820354595) 6
(356.8446688876845,72.12973364210107) 8
(202.05844529316607,754.2085356264964) 8
(398.9660252655396,917.6589860074313) 8
(541.6965715904907,395.7022023940878) 10
(620.6823708231764,326.57925661005817) 10
(843.5970783718298,769.1593504698205) 6
(4.192686587828787,977.7569006022363) 9
(24.57695400838511,699.8929644504243) 10
(271.2378049080635,756.8080811512576) 2
(62.94615201820586,422.7087983955606) 2
(379.0722316671721,429.72801205971336) 9
(444.3607280358144,674.9476791126048) 10
(633.7363871830169,458.12582526830613) 9
(213.81671405186066,810.8293622066445) 5
(839.482961599935,97.70961343635842) 1
(628.9545600457838,665.1263782798466) 4
(553.8083760931763,135.45040373030403) 2
(814.9654576743781,984.9496029826227) 1
(495.1883592985563,965.3810629292475) 6
(330.14869405577264,746.8266060604861) 1
(207.87526123711487,666.6315796909973) 9
(285.5196152049222,781.2424604758008) 6
(916.8967786895638,217.50667037738936) 7
(357.9266141818689,519.3560028508765) 6
(636.7536455835459,690.4207066764557) 1
(730.8081904176943,412.37535904259306) 4
(40.44598355017604,529.4394327060285) 6
(317.5328273352023,160.74249746504887) 2
(83.46785604925321,485.8516388473001) 3
(62.238436546624975,626.6787855278553) 2
(360.2905524607798,249.52980708436445) 5
(727.7793209159603,456.66887952634625) 4
(926.6788033462786,307.1035695517118) 8
(8.657450458781192,616.9702075590158) 1
(365.24772909170025,426.7288388804309) 9
(824.0894516283602,366.9971998545242) 6
(373.9224012740403,777.8250511019604) 7
(932.6418311955082,845.1605448610418) 5
(13.72291027048278,511.16052427828686) 9
(501.62710186236404,517.2991993381069) 8
(895.0879775757983,989.838113375304) 8
(144.7113109966096,802.8495688997347) 10
(928.8603246261981,766.0796071864037) 1
(953.3006736265119,830.3998400910291) 5
(378.42006956906727,764.3318754474074) 8
(650.7470641704523,80.23226093747726) 4
(398.65387427733714,561.2675508486496) 2
(585.1595523741735,888.5552166988127) 3
(301.3946679896263,188.86955485244505) 6
(984.6285903122531,156.67854032754025) 4
(48.60807903090036,464.1503917367047) 10
(887.247425715724,911.020172967195) 3
(250.78991901160364,874.6291500418747) 10
(798.6479044273174,800.061735750007) 1
(137.5219691293037,986.3985321897509) 5
(627.6480363726951,5.670633430462257) 10
(603.9583470982884,23.490366711456655) 8
(928.5399844411767,124.93867720631857) 2
(474.4710153778172,27.177092798354117) 4
(161.61808157531632,401.24573901475213) 10
(366.51798362128153,213.29907959943915) 9
(612.5228723374095,910.7939399291864) 4
(885.8914698358399,64.55990527604982) 2
(279.3511909055225,608.2813558456478) 10
(925.2716819163594,459.3899185986251) 4
(644.0645905196471,933.8903280230832) 8
(146.18303909087837,392.79609913408717) 3
(97.28597850980624,811.1356874409537) 1
(375.94738120984215,669.3890585265582) 2
(58.49673324251414,876.7285229753136) 1
(85.88401483212671,431.01313482178836) 6
(340.1707012102821,684.7966379936486) 8
(934.2803949740808,385.01369324825964) 2
(744.1853743970936,291.55176033901506) 8
(152.01424366772721,981.4852221106007) 8
(266.77957126244536,518.2884275133757) 10
(924.2563473522152,678.1252623017557) 6
(591.880264813437,765.8863731553098) 7
(257.22771538677205,736.9142125042114) 6
(616.3359355842292,777.7085588435059) 9
(853.9679985428628,44.344655329260796) 1
(436.17159610148724,58.708829421491245) 1
(402.10398055920194,2.5859647351009762) 7
(558.713680829122,79.06574257823517) 9
(263.8162794733285,810.8872533887328) 3
(766.7550795605075,612.7699232177584) 8
(550.6761767600138,849.1149618274299) 9
(942.6156852711187,624.1089623284947) 9
(110.55312464289257,794.8066209368424) 10
(492.9817202094269,841.3363088893701) 9
(194.58290177304204,301.1989733262291) 9
(49.091459424447706,616.9664647965801) 10
(493.00416602601706,428.14725968577284) 3
(432.54091463207243,341.87651662208305) 1
(977.6290795462743,950.0411230711379) 4
(472.15864295837184,494.5061381698582) 3
(816.8271079943171,55.89991910288716) 7
(409.8723380734933,965.3860830832537) 4
(85.22121663628025,286.7436227528658) 4
(562.9298683927927,521.1318937461832) 3
(698.0926323445856,237.49076696186367) 3
(911.3876094510337,686.3357024535264) 9
(971.0429446159031,697.3234338451573) 8
(974.5636990582159,988.2156648367202) 1
(318.5336287505233,524.3019162705223) 2
(468.8507123728346,547.6263498186036) 1
(92.0622044400512,295.07995262501765) 7
(48.75503625521604,124.84171234741636) 2
(947.068014715962,31.00921547810509) 7
(991.629728460336,249.78372035427276) 6
(663.6866398563429,635.2575228316803) 9
(944.8100675175173,871.8698193573284) 3
(538.5503531153566,433.4123491392181) 5
(989.6560089110355,790.0563606916785) 1
(331.56177473583193,143.59675740237432) 5
(513.8302260177774,47.81169079877401) 1
(161.65836570711866,729.6354851316077) 1
(139.07629286471666,155.3023661486881) 4
(635.327883123199,874.9246191487517) 3
(455.77429451905795,244.9734404323577) 6
(336.65468445200963,748.6129722818918) 2
(317.303795413993,166.34816152415854) 5
(522.6197565675583,28.474300986797154) 10
(434.0971781221198,801.300335848417) 9
(226.159303122621,587.3683368991253) 6
(957.4699532653658,28.068143636826527) 8
(787.675644665234,74.64751101375522) 2
(241.45909163665735,701.3235273862156) 10
(820.9705439645141,80.92767097862385) 9
(610.2369887657668,100.27408994471332) 3
(811.9528905702455,475.9897792951201) 5
(921.0645951578643,48.788971971492565) 4
(72.24470545005823,107.94406003381873) 7
(45.9113683436565,692.0217610188321) 4
(510.8872710735505,893.7319283229987) 3
(27.010967338856553,48.59488856188576) 7
(384.41071516070656,527.5127339477218) 10
(666.2236202152358,322.0381770872115) 2
(665.7137482417348,797.137654891461) 4
(165.1121064562503,728.1466877564436) 9
(544.2245539995554,792.3388203258329) 10
(969.5726445315601,243.44922179682538) 6
(757.1673344287029,541.1238187754162) 5
(414.2046161755901,630.3598467050454) 5
(46.09749226450399,928.159120507091) 10
(331.79198948489943,454.02151939037685) 7
(753.157913479889,197.28437517992813) 3
(395.38253971057924,727.8665938991202) 8
(810.0110044012612,384.00356254524047) 1
(850.0595755145486,826.3932013484583) 4
(180.68048294682671,505.47863864254373) 10
(48.67580376422198,368.59242093017775) 2
(621.6417166243024,610.3428889455632) 10
(904.7339869221339,616.9920667165807) 7
(358.41892701083987,179.2987896147866) 9
(292.5302685108389,839.4819890910279) 7
(340.75412378176304,123.26306136696586) 4
(84.95200812471893,433.0802409414447) 3
(71.8608758253434,358.8941290590779) 7
(432.0089417990738,934.6364318596443) 6
(483.44627532299944,473.3444206622176) 9
(873.5384230987833,220.63912125651797) 4
(738.1422744956412,825.9270517541485) 7
(16.015711029000567,125.84493581858347) 8
(627.5105208215451,146.4950678237339) 7
(292.52751526655453,144.94400324761602) 10
(453.1228653360433,445.8754866169659) 5
(747.6020976903837,4.6222268724344096) 3
(864.7947763823704,471.2056538736695) 7
(25.96621284298395,97.44552294391995) 2
(324.3732844362238,626.5312739926374) 9
(190.35216178054614,223.60768541815946) 1
(615.769240787685,522.0243389629551) 4
(486.11050190780014,411.6605765355375) 8
(391.41741553681453,898.5879929010352) 6
(730.2842114548653,205.67554352540628) 3
(275.49256644400776,634.6764369029542) 7
(321.58145537457193,171.2523355282304) 2
(246.13421971546512,740.9158439112216) 4
(513.7019848084965,957.4010433312509) 4
(366.63948617013295,712.4031791648349) 10
(285.65747680961016,494.8528886079662) 7
(418.0697420733962,229.04943901153652) 9
(561.3245767004403,247.42955536647548) 7
(898.5682590332931,186.5540827181539) 7
(715.3134387268915,121.69865809493041) 6
(659.8963677430304,29.510048763904173) 7
(138.31885845094993,257.6247667668702) 6
(568.0230720138175,49.12269988363671) 5
(673.6850924562206,894.7517139303073) 4
(250.30685343853486,640.6749044415023) 4
(721.5623882810112,876.6749868710823) 3
(570.6003328751972,32.72708815605474) 5
(160.108454798939,473.91780392014937) 8
(377.03413641569983,67.14100025176828) 10
(890.3800562635088,871.4242862561583) 4
(714.5209066726738,409.22836583955245) 8
(11.102170670502787,385.584189665392) 1
(157.8929292141551,863.9560341005476) 3
(147.24711982916605,954.5507628497754) 2
(644.867720995507,950.4813735038515) 7
(351.93792179588803,401.3946365117743) 8
(982.9374761677632,397.98290113536694) 7
(698.2246957918743,527.739519592143) 2
(338.2779133035156,757.1778337329391) 5
(337.07535285059976,345.6499544366546) 4
(194.21583328129975,748.4737228270416) 9
(552.9662541263747,616.165001592004) 6
(972.3467594582753,367.7123299142234) 6
(820.9125921785519,799.7391008307983) 1
(105.98800026804955,944.618764780159) 4
(976.239201973148,76.48499360669415) 5
(710.4853753333342,892.2178702189136) 8
(345.12905946465065,401.7158932921584) 1
(645.6871458491197,510.6287736167825) 4
(546.7967993701221,613.3222325658053) 3
(751.586793016869,40.956456486854535) 2
(875.5676370176577,961.1430849082425) 9
(473.2509328196116,435.67985634260475) 10
(244.08551610835138,282.3444963690361) 1
(403.5158880483235,825.1741470080054) 2
(606.8998333900187,878.0913651791734) 2
(965.3878564391023,115.9832447896666) 9
(856.9471945041744,837.4976681993998) 7
(651.7525281682671,709.1003356121734) 4
(738.3055685175057,57.66468286048865) 9
(720.9444723565716,204.85024485056925) 6
(198.52398624982703,628.0751644541923) 5
(435.76480678074347,365.7551092793285) 10
(886.4752121224907,212.3496246894695) 3
(299.2272517429414,443.0020465803748) 9
(432.7822806680117,734.164184582531) 8
(163.2581820307132,140.26770161580592) 8
(154.8600197479031,542.5968915949477) 5
(600.3625345893346,824.9512941910672) 3
(128.6520732943741,266.4501913426772) 4
(933.3319491981401,563.8844917859465) 6
(821.4170736628757,538.9683515811647) 5
(452.2176723609527,344.2260683313201) 9
(890.5782717220274,589.9782853632034) 9
(925.1172164539382,433.03804873161255) 3
(60.063212593266634,175.95170555164697) 5
(919.1478734258235,390.03536822493214) 7
(914.7699722029226,151.0817660662823) 10
(931.1596504452998,654.8876985903304) 6
(960.6400296480805,251.1128898121131) 2
(437.60092591007384,558.7108913470031) 10
(933.4067678408503,540.7850917168388) 8
(63.0588449387971,430.772750644309) 1
(494.6038729053903,721.1958336720054) 6
(517.4605263686292,545.4331365138248) 1
(780.3557705988776,820.9101637378488) 6
(239.8643380757809,510.56829191392393) 6
(216.10690076292315,113.65064480420762) 4
(581.8504249321255,550.265201203145) 8
(35.905979573409574,302.73780068796987) 7
(870.1448938327766,577.9468366451348) 1
(536.4468345174159,935.7315145047203) 1
(332.85953267472115,936.3550254697375) 5
(917.5823674041552,643.8475578902636) 5
(919.3200001106993,31.205129725475512) 10
(729.8450605510153,489.30610464525836) 3
(941.97471411004,895.9622118333762) 4
(19.98271714451516,598.6291443162556) 6
(83.23073052194397,781.3475138208953) 4
(89.74877128803071,237.1544633676823) 8
(763.137989463591,382.05578640694813) 1
(585.745873374692,230.97072171272924) 4
(363.5056199700579,932.9367870158346) 9
(490.6990750386279,754.4661088410096) 3
(357.5687049647862,682.2491118826936) 8
(613.7891886754793,413.8386587531411) 9
(496.78201178447847,433.79675908976566) 5
(491.5434217481274,234.70042533631408) 5
(490.76953577876094,414.2296248883468) 7
(147.78917616870822,844.1010503314301) 8
(689.1561901317328,948.4793254857389) 10
(463.0888040824218,291.5631651641509) 8
(917.1264517011288,328.1153915716778) 2
(224.68816691257055,878.593668012556) 6
(28.515465819595075,34.217060274341236) 5
(564.6462998628516,481.33498192496717) 3
(925.984289038683,494.882403755818) 2
(662.5929572975602,474.6242094091707) 3
(194.44188376332949,492.1444119899614) 6
(660.1618984733586,472.84555651811763) 8
(907.8931984158901,49.4972081733307) 6
(351.7291600001139,783.6044397097177) 10
(321.7545524302932,870.928249622134) 8
(628.768934013046,583.253578735943) 10
(477.3145432655689,706.6506514415948) 3
(661.1486670182281,380.03639938388136) 2
(462.7516786440851,825.2998395865532) 1
(545.5924549678705,597.6097708726401) 2
(909.6991242495358,736.2478216794836) 3
(456.89691537518485,409.8100451747072) 7
(424.87850057157993,804.6272457014705) 10
(291.6740879213009,361.48663950973736) 7
(735.0281519435217,193.26267066603575) 7
(311.4573462920993,522.5473506734774) 2
(658.4469907757273,71.35396007591876) 7
(567.4052663547412,183.86611132168574) 2
(85.8261889080052,461.1558489467361) 6
(331.189821462602,366.60812594186945) 6
(841.6983415451191,27.56781767700234) 1
(395.10592967428823,18.2563449741191) 3
(145.10156480060533,316.7121670214853) 9
(153.83464161536742,690.249063470965) 8
(965.4952558630533,35.14607239322165) 1
(51.63703552138277,476.5617513395295) 2
(873.989955650489,283.42885456448073) 6
(842.7475892006761,633.0725727916415) 3
(266.95340249705134,826.7877390781122) 3
(686.0544440299949,517.1920802113627) 6
(527.0284555387935,958.1343583427403) 4
(777.2878687226405,860.9171657088685) 2
(76.86387261255278,170.43325374903085) 8
(634.1607040346892,634.6888973806756) 9
(289.0563357463206,120.90930009768253) 9
(216.74480337868508,30.04570795218642) 5
(567.1151169374001,894.3659003126185) 7
(218.6083582399312,404.78850490149443) 8
(316.50263174824175,868.7006148403858) 6
(642.9669284027377,287.4357635588799) 3
(844.0657890751901,996.462076761216) 2
(334.92944335214094,89.46184945177616) 5
(788.4860265621232,971.359812185974) 5
(167.78902221029225,26.060162258994435) 2
(194.88199466219868,899.5944104472719) 1
(139.35847063408556,916.9999312965215) 7
(400.24600909655084,723.1030275486673) 3
(283.692548263469,763.6925053448731) 5
(115.6605631525206,519.621579675087) 4
(340.29486362231955,860.5508935282736) 6
(513.426396139754,291.369153339855) 4
(634.4434936239669,261.0454379485153) 1
(679.4187533415799,87.40713711299186) 4
(270.7524965585493,511.1615307474923) 7
(16.345099185507973,845.7091092464015) 7
(900.5271842692484,655.0616036164473) 6
(750.0012368127174,990.2865157148585) 5
(419.04446992082245,818.7511917764684) 8
(115.52756213656534,313.1958994952706) 7
(864.5545397423368,940.752423592959) 8
(753.1691773214645,11.005906374028985) 2
(614.7351622304769,921.594580771193) 1
(907.3931859697439,759.921280650294) 2
(159.84700240500283,176.57380203378358) 9
(483.00650757314645,852.5559500160848) 6
(673.9577459190114,913.7701406275229) 10
(204.04893005278745,292.8045945636923) 9
(750.5245990011667,855.6351802323439) 10
(116.8041812528553,614.2126126674759) 9
(9.282100922909041,815.3513930450982) 8
(288.51284441520176,404.34241062502974) 6
(203.44077312059915,375.03410792117677) 6
(359.58279036132524,662.4041104864104) 10
(371.9069303922676,560.4586480927424) 10
(754.953712528148,985.2688058481251) 5
(47.99948728402592,101.03383547081324) 4
(286.8722898327989,108.57653337162998) 7
(980.5372932644625,758.8616153017546) 1
(334.6245970308711,611.4549302199695) 4
(184.9026795791242,421.55642427896555) 7
(797.5488188052228,314.57983830175806) 7
(907.9633502236292,537.4324521217686) 5
(277.9283490782631,659.9165079761592) 5
(409.1081008530281,939.4407197885121) 2
(902.098174696334,112.47409486737081) 7
(78.0124300006776,162.4798454973977) 8
(699.043949962702,156.79299911780166) 4
(114.6032706475163,97.72654158839377) 3
(544.6097556844668,662.6953813651255) 8
(524.4883229278406,868.3164274171583) 2
(840.3108791282799,652.0058102461569) 4
(112.51718212780659,888.4312819590272) 10
(283.5276023638169,967.9406044079108) 6
(646.7758592125953,355.5615983645013) 2
(405.3353610313061,249.25552779202863) 2
(368.9167667528086,388.42230041068547) 3
(124.53348297962307,395.77333734741273) 8
(416.96508585268145,351.717666245187) 4
(338.79293410247124,739.0143873829642) 8
(141.53500365012695,541.4971971263784) 9
(188.60296741281002,110.66182180762773) 8
(55.59560595767054,203.18264193262735) 4
(774.9114067505261,751.0916319990843) 3
(6.567918006235907,880.9683726254691) 2
(51.5529600118555,612.9932932042484) 8
(935.4481925658445,633.8114742371386) 8
(54.86602993745049,801.6256530864794) 2
(457.9331688517582,833.7889844524088) 1
(316.36588383808174,828.2187980960234) 3
(348.43992520354016,176.8120676718089) 3
(200.13742524550503,4.1031359657627275) 7
(287.42813200642604,424.4067828818949) 1
(811.4804526686107,346.0466215777983) 3
(855.0540782357441,211.91658268375735) 6
(646.1592879914407,793.3399847953866) 6
(739.4671921734742,819.6930752203539) 4
(265.44272765138055,784.5118035866183) 4
(187.37034542692476,703.1393557464618) 6
(893.6649916708488,628.2855526009688) 4
(309.57524034530724,726.598537625281) 5
(278.72443136295277,238.61603908426977) 9
(30.007618225350583,360.2753048581507) 8
(483.5291910524742,411.9659086484361) 2
(862.3903293794326,719.9575813143151) 2
(623.8927959397598,379.92324669991837) 4
(920.7892406540209,578.4666596898596) 10
(942.8908684003967,819.6640034156443) 6
(315.3507482374058,890.2324194515484) 3
(939.5563110224584,528.3123328719278) 8
(59.08937825978355,181.6182563761457) 5
(960.2479880708305,859.9433863867686) 6
(300.936975887129,617.2503718828488) 4
(137.23651185921182,386.71823838296484) 1
(813.1238489585752,89.23235677690988) 3
(424.76490058347025,868.6503603391499) 3
(579.6683222115937,198.54233138058365) 6
(51.3360342588276,963.8029903502763) 2
(884.0297193362984,523.3566132896939) 7
(918.1746613393425,241.33101457359018) 10
(143.24224349599223,22.02986302623988) 2
(112.28592357318246,640.64491063259) 10
(317.7324229646279,870.2080562918323) 1
(619.1900487807437,771.852270219913) 9
(982.7099757138566,664.7309810044561) 3
(311.0951743981497,809.4158254945352) 5
(561.2894629165153,95.3131410252548) 10
(835.9282824943599,217.8401880430405) 7
(924.2936612294184,103.27705491378391) 9
(246.64645088795146,292.7198296570853) 7
(553.1247118643457,40.36795061566223) 10
(268.372016482465,516.6379213455632) 3
(158.61357637077134,348.2990274933911) 2
(426.87202288106306,256.98761501384627) 8
