1000 1000
10
(0,0)
23 80
550
(347.31986959365946,43.98316373662892) 5
(673.921090534814,673.1311522862239) 8
(877.8798247956164,100.86814609947936) 6
(224.09651848092395,974.408366571585) 8
(850.8163369928983,58.24264121107936) 1
(48.15946946322891,663.582649589006) 10
(921.7647331383639,22.9036013878704) 9
(7.74925328606213,979.8706944045367) 3
(740.9613902344694,378.3030948767395) 5
(341.7999554003143,82.86220104441789) 2
(619.0856948643897,938.7908553360064) 1
(984.3922065386408,309.4354273979498) 10
(12.64367641409514,988.5070928089278) 5
(32.70876046100302,976.6658651393776) 3
(394.54234914398836,758.5447202757053) 1
(922.2446803829282,962.6743726853059) 5
(353.66531431721285,666.1519202159925) 9
(108.2915850876658,559.7932656831765) 6
(539.9002599794868,116.49221987883296) 2
(465.7311972049868,652.0165244984464) 7
(145.2222158203147,277.4746599959063) 4
(943.4132277945746,579.0931789864924) 10
(306.0224960080026,567.379634097509) 9
(908.8571888376127,510.69508455295096) 4
(587.0169821970188,136.29737838024425) 3
(268.4781482667302,229.7771302538152) 7
(436.64017707783984,439.51169604905436) 4
(888.8211772215466,65.73621504627603) 2
(549.4972394654302,605.3929703201791) 2
(999.3309561456092,34.538482932431556) 2
(8.657776648145155,184.53048241203095) 4
(435.92700088655323,939.9254412773648) 1
(710.0734914763593,759.4887735250907) 10
(282.80305624056643,410.0278996416763) 1
(159.05313466146853,81.81209380606414) 10
(706.5324983378744,809.4403468032878) 5
(862.7205225006695,481.553198397349) 7
(813.9974544945175,231.19388586952084) 2
(222.6700140168225,688.7211326791673) 5
(314.5691435302863,388.6871787584044) 9
(528.7092961370822,322.028771423707) 3
(188.96286793393767,21.61517011527114) 3
(52.99273101518098,886.9448341765202) 1
(172.94351515471973,725.5121965844315) 10
(336.21027215783795,537.3739056428514) 2
(937.5121258947128,865.2455840253239) 5
(817.7954507136402,116.57879684292082) 9
(624.4792368452004,59.49384798912649) 6
(424.5694948487544,735.2516178543779) 2
(320.58089647164365,392.5436855638709) 1
(786.8048875064007,540.5823688236424) 2
(406.81368216604506,734.7344218262787) 5
(303.3783729812737,105.3268980454487) 8
(448.8548053968181,537.1600488552526) 1
(723.3590059485198,818.4865008198198) 6
(902.9291107875888,481.0195433688789) 7
(483.00374215751185,693.9481113906837) 8
(947.0447739968934,431.94504910236054) 5
(805.2034011493442,139.38540106203024) 4
(557.0877654489107,22.108794581430892) 10
(787.1565519671325,325.7494130646428) 8
(798.6083540453782,574.6303070914482) 3
(680.9128685265105,425.3501973436018) 6
(385.9719054715378,944.048486675472) 7
(285.4513709676848,616.4797769507735) 6
(413.5130065542546,416.26119538539564) 6
(263.15206022875924,284.0546678523457) 1
(48.68419898281806,803.7841067121851) 7
(849.7499010509871,288.49203118534916) 3
(33.976650211167694,909.7561814984579) 9
(156.97863845094872,145.01774774798525) 5
(247.43092475568474,879.2275379251821) 7
(196.39676656537375,733.4894386860379) 7
(922.8199288318064,211.1583526420535) 3
(351.8647776131931,448.5796557302305) 7
(312.15108513682554,149.6953602198926) 1
(64.44934709977413,466.6227412138854) 6
(278.4017564703386,847.8968525027796) 9
(639.834289022423,611.7329986946485) 9
(891.1580650336338,582.2432177208509) 5
(981.4216669814111,501.0581951929212) 3
(389.34533699483933,454.8514199037953) 8
(168.64361666041728,640.1164379829611) 2
(831.8895122634669,400.3112789576835) 7
(93.87349298842929,674.4924666775098) 10
(190.6947441541863,656.9483159793858) 7
(456.6890344552198,556.9571876875299) 2
(737.4266845157739,950.0038279846318) 9
(131.61062484312026,465.91708918021857) 9
(964.8056566313365,54.13200200739776) 1
(727.8402550420607,333.5392991112045) 7
(964.971379673963,592.3073152969209) 9
(954.6208838698498,998.2044911530489) 10
(180.26565816804307,306.97077085022215) 9
(505.11466278650107,274.23801032660157) 7
(354.4751540767244,103.50468523038869) 7
(80.62037822385105,958.4813413223525) 9
(574.4464088573208,453.9459149087414) 10
(882.910515089838,799.3108415312157) 1
(500.83710214505714,600.3640136290478) 2
(491.50362018079187,633.6496542038171) 4
(750.5962885055837,277.6423854929918) 3
(643.5724402278142,775.5373930349557) 3
(889.294572125417,507.7956603796263) 2
(335.9540127246733,344.337876950107) 5
(676.8692791694249,396.10360025869574) 1
(47.48582165851312,553.8910790745041) 9
(176.60395460287614,977.0833356210595) 1
(24.927678102347528,873.306294345081) 7
(604.915333818767,796.0467361596498) 10
(164.03172652528752,584.3761075269753) 9
(405.30010089012256,555.3634339371972) 5
(15.166192312549898,668.7148095552074) 5
(71.6753921038974,805.734711102226) 10
(294.2336869942278,927.6724902577881) 1
(579.3307413025251,242.68778432132032) 7
(914.0615867337347,554.5290710989788) 2
(468.38906009541506,515.6647375291067) 6
(703.847148395307,137.24624204019108) 8
(619.6731922890963,424.67061224483496) 4
(663.2928944309639,355.87808045566806) 10
(259.3408818239249,888.4093463484046) 8
(555.1845126527246,384.0773898728952) 4
(364.0253646089973,392.15659148843906) 1
(461.55859314787904,165.31046142575656) 4
(692.6640542827164,37.279245597445) 1
(545.7152775126842,527.8611408382135) 3
(782.6657826654176,791.0380475813223) 3
(802.7592594712562,366.9276224964596) 7
(366.96637771260833,918.5528694295082) 1
(448.8295009806764,465.25180044354363) 2
(226.69527888303077,997.1715757895143) 6
(265.5861174357006,500.5414446932208) 6
(539.2670223371799,530.4077761230021) 9
(892.5681807328295,143.66656859869698) 6
(482.4114289119069,499.405690760381) 7
(769.7185784868211,241.90566840173554) 9
(430.2005345485823,541.5141705772315) 4
(971.208798375464,730.8272356272114) 4
(928.3034693561012,248.83663601814754) 7
(71.07974261669725,306.9238084985517) 10
(652.7608677536255,450.20364865546003) 3
(640.1118234021297,154.05032595395184) 3
(408.6942138474529,768.8085119140014) 3
(455.39320427945404,31.30104656724775) 6
(344.65551203443243,17.507850833129446) 1
(685.7683829180595,822.6855012132248) 10
(416.48594210188475,577.1160213508476) 10
(235.34653312891174,666.3718957658245) 4
(631.3414982890768,62.39000968540853) 10
(274.5612551854888,621.4354148676675) 5
(213.97665392885966,586.7939544602141) 10
(822.6516096771412,402.7547265761838) 1
(1.1212052540379158,728.4493321162629) 7
(403.4055927452815,217.74839858434157) 4
(252.8036458363677,215.39268330945137) 3
(677.7504321843471,288.25286927553964) 2
(713.2588230063387,893.656336472783) 4
(167.41081406572366,23.6020650650407) 3
(142.08103682543648,51.90512313231854) 9
(214.86754971166377,609.6505833501137) 4
(253.53245395383783,960.2146356097828) 5
(3.4308169123328236,671.3913053767775) 10
(19.517452511039536,191.621664629686) 6
(977.1797482659211,165.63819212506502) 1
(434.53495941114795,191.02614319274358) 8
(323.29410344358257,740.4158555299529) 6
(869.5976037984151,102.23351836256289) 5
(343.066803181756,391.5235499316194) 10
(621.6880389534477,929.2806817666614) 7
(275.64804813897524,900.1386303966184) 1
(972.5682898423264,2.1194660164928214) 10
(557.993901699495,475.5722530573851) 9
(404.72868643537475,388.5704176258643) 7
(759.3366425997308,672.9212543722344) 8
(267.1791082263343,553.2745159413497) 3
(419.9641848460963,405.7922812413565) 8
(902.591390138088,836.7736203532012) 4
(904.5851664770873,796.5144157367833) 8
(869.2328887024216,594.3659201650245) 2
(611.9473055227395,50.47038879242238) 4
(831.0451465013819,476.36378768460565) 3
(361.78980919816206,108.80313329855417) 6
(786.4743418016304,204.4762780217132) 6
(19.499818655596247,444.14949459353403) 7
(580.8659346911008,734.1142147518271) 2
(23.99123188612895,650.446101672607) 6
(466.8692043689085,129.0362271820026) 5
(450.3985579401815,54.98308768607829) 2
(64.65985599409596,880.1970447175925) 5
(37.30935356904297,741.7175648669833) 3
(85.81795635368606,420.39250647853896) 7
(845.1933025094941,231.16394057886203) 2
(2.5974847900479547,86.63843212343991) 7
(644.3000831933673,961.3736990102338) 10
(459.5258978095241,82.03243961831186) 3
(448.25538245574484,557.9326474572233) 5
(312.60464016546075,527.7044856545006) 6
(983.140519727196,592.8911580004724) 7
(319.3393698119824,753.4962342532823) 2
(804.0706992836542,602.6292033537042) 10
(584.3012104808922,640.4694633807648) 9
(652.6333465430625,643.0912852954704) 10
(396.67760712587005,732.1244291886127) 2
(106.68019119208849,612.4543018983904) 2
(724.2614170710274,41.87640451132746) 4
(846.7312334413753,404.29397157932914) 1
(798.0206670606655,179.70641695402313) 7
(933.6098407254289,833.0491025409016) 2
(566.0404678639624,898.7251011009866) 9
(836.0581688481798,924.5359348804869) 6
(506.1894136938853,549.460164012122) 10
(81.29944831457891,589.1603562078127) 3
(944.0718909181401,231.9623374278309) 8
(186.0291555191258,637.4547203032598) 10
(698.60437116516,144.71582454629439) 2
(918.7950420984331,747.8488662525464) 8
(805.4289167695799,274.3828810238179) 3
(83.71025987731096,589.4435144642318) 5
(587.6183339127598,513.4117002345656) 9
(298.782043022046,991.5548949325963) 8
(904.5989015130386,322.2125993526403) 10
(922.8986191001134,494.09830912280574) 3
(241.94590158689832,412.89188929613516) 5
(165.6327136485921,334.9673585258857) 2
(69.50389321201378,317.6044341446637) 3
(881.3362479711335,458.1085296584591) 3
(734.2180451351991,902.5741314333541) 3
(723.866734002281,890.0295059341254) 7
(386.2589307118315,200.26505273152284) 9
(898.2403791891337,50.268232652449726) 4
(511.57677409529856,350.49276901110574) 4
(136.56828408356725,963.1299080154894) 1
(910.8533054379684,552.3253846198711) 8
(670.7294090484554,7.170349606739346) 6
(854.5653501085984,375.1682213032196) 7
(658.1909239027488,24.855884939441133) 3
(10.876043765017052,92.91685286765417) 9
(224.95915614500706,94.62006411473378) 10
(421.5913581943375,431.70325813833443) 10
(993.8222154241354,418.0966466876072) 9
(766.5365840112532,75.35283416836647) 8
(912.6397954883482,418.7999525252253) 8
(57.91075692744607,99.43523726447268) 9
(936.4580655804366,260.47542855233144) 10
(788.721082756878,572.0708097131592) 9
(118.96974802667803,865.5373063224844) 10
(439.2019838388314,918.8454266182345) 4
(383.0995019955388,19.518564320889276) 6
(219.4476314705127,58.11274901417063) 4
(240.83821531570925,461.7073349716827) 9
(148.3571797169565,735.9900086743588) 9
(394.50131416377667,272.3989310992549) 6
(593.0816376149869,88.91534367977572) 1
(665.0488475807032,329.2101221252736) 8
(76.80540664805658,562.5301351896105) 8
(461.5294971993078,830.1991027774227) 8
(540.38986725342,202.0289194415992) 1
(259.73442158004235,449.0135495602668) 9
(697.4183770070725,522.1880739967429) 10
(709.4188634641761,838.2456296000789) 8
(796.4487847726481,522.9326308425264) 5
(531.4183356058526,467.91235308930436) 6
(465.0598338796388,958.8479996666531) 8
(921.9333846525637,569.7964428515509) 2
(799.0518251153329,289.9005669268845) 5
(319.0905265765239,868.8136773555361) 2
(307.9732921503614,80.28966671528038) 1
(311.32224725636695,712.1084889787279) 1
(201.4283576039282,352.4175508937396) 7
(656.9874459254397,51.19009297899457) 4
(39.371270373230516,131.90625158137516) 7
(665.2579536846101,942.3559743859881) 4
(305.47824519091125,328.82941614011463) 2
(130.09380769201294,846.8486359499828) 3
(463.63581062236057,964.1909836538173) 2
(234.64891089590157,711.3453177970845) 2
(543.3138007512673,496.0034141195006) 6
(363.225438894492,147.10808548772025) 4
(904.8567979529131,85.30513200661571) 4
(709.1563621389827,254.6939306284668) 2
(632.6127921617536,785.181565118448) 6
(379.0228176677635,817.8243780691696) 6
(517.1653578992242,125.99128572996288) 5
(634.2095963037148,179.86745445673557) 2
(234.6343912873473,515.810099815061) 8
(99.69669415715376,835.6351754127619) 2
(754.2099075904621,426.04259609064155) 2
(451.01890752287454,426.53341172288117) 9
(676.3525513764731,829.5098289339829) 5
(812.9398701600658,840.4615997969333) 5
(138.6806904634289,556.3454876303895) 2
(994.8565703580367,446.4141055619869) 9
(867.3225523330609,487.16980227381987) 6
(694.6861702440594,925.8425886136537) 4
(225.72169691691403,700.0061487084084) 10
(761.4217407633959,710.8733463553834) 4
(739.599941999085,684.4486803226662) 5
(597.17490491464,219.4262497359335) 2
(260.82736841290324,0.4636989003905523) 10
(78.50855786660583,494.3252385449357) 6
(723.1867262150587,298.4741804378295) 2
(845.6711372626789,240.15731532080608) 3
(231.11389130906045,264.8015173684497) 6
(23.55226378991082,916.72381652823) 4
(904.2309454219906,334.0566951258719) 10
(667.6975979663472,383.0138768931248) 7
(396.07292360392364,489.6634775419061) 2
(106.62966059881474,597.6955982588001) 10
(843.9348556400228,749.1490306302497) 5
(615.259713494965,278.58773305114914) 8
(285.7200941916952,516.0888026340665) 7
(627.5620210924108,383.7239299202917) 6
(985.9491978661785,611.403527271931) 4
(811.2430680732612,965.5698036386723) 6
(249.84807386189055,486.86627663152416) 6
(524.4763116241708,7.48257034122124) 9
(715.4883750578697,846.4468252300203) 3
(244.33503758143448,853.0673044609721) 4
(76.55811400831092,465.0597906238989) 7
(54.452244354580515,676.9845508154707) 2
(782.7760596414386,503.6937136323417) 3
(501.7246788334476,591.6748175835215) 10
(602.2841640042157,920.8654295358606) 8
(726.5261764185486,371.5894689110105) 9
(818.9824815132504,911.9203605723544) 7
(179.27528834583185,366.2774149670058) 3
(848.5944251893211,641.6370901112075) 8
(715.898207355412,931.7257451648583) 8
(665.9711424090266,14.887663482680114) 1
(387.3321551704235,267.0589820818413) 1
(632.0138734235823,698.9806831073515) 1
(456.28044970108607,493.80365098776633) 2
(857.2272642817233,296.18006568481536) 1
(476.02257495496167,324.77303247830326) 10
(601.7729371810982,733.1115061922781) 8
(45.43913178176362,735.2979733182134) 10
(343.11640453599676,533.103631847199) 8
(981.6117248294282,588.7271523768306) 7
(654.9719714795219,556.2704243803419) 2
(281.52645192026773,906.8475878714562) 3
(535.6244594030823,97.70873292692383) 1
(415.98898509877466,338.66827564648116) 10
(838.3726988467222,132.38032618109196) 7
(139.88534783816576,578.8881633939031) 8
(103.16088020379799,223.623130397558) 3
(27.037903347232884,441.4559446349299) 1
(399.68967017962643,980.258718169229) 7
(128.43266801692354,447.5477532471605) 5
(335.4148614585992,753.2863537474543) 6
(539.5174545964428,576.7532315971293) 6
(632.8011263363043,665.8252867025535) 4
(315.5823574696501,165.49461173162084) 3
(647.3694596489278,580.9912361658021) 3
(872.5499187144085,729.3507983383857) 4
(845.8208081795752,38.29629222145914) 9
(270.7005894170114,821.7496546937547) 6
(502.93913053142614,29.40124205828387) 4
(196.78911146920163,215.74450062913053) 1
(807.8389645707052,465.7471201939168) 1
(329.42532265159065,462.5999534095854) 3
(347.31579969425286,770.8847106402923) 9
(153.21061363584909,259.9619037089996) 6
(475.94846502562007,544.6580434197041) 2
(177.27704356778727,338.5715869485953) 3
(557.7144130823876,41.39730973890232) 10
(343.52867201506945,745.950737513576) 3
(656.4069877906801,327.2187078119246) 4
(428.4081216223462,670.6395695659513) 9
(3.883145074776384,616.0860061840075) 10
(389.0493113537621,644.2014044897239) 10
(98.1452624257606,815.7363250275985) 3
(361.32975860051977,96.97084703475855) 5
(284.0316990847033,789.058502039337) 5
(168.9433458607653,653.4894751506156) 8
(970.4656943283463,468.6684663305035) 4
(186.90449069253134,177.37689407389502) 1
(804.0507152812186,886.5041558692132) 5
(38.120079187499826,166.52272068237096) 2
(258.4018684120372,557.1155347971248) 8
(73.03639383269056,467.31467052237474) 3
(766.4224610837234,99.68136176898568) 1
(986.4172177041087,999.9321414053551) 1
(982.6390724018587,912.7406652302104) 2
(789.7199532866675,133.7128755938415) 7
(898.4173181275985,802.8470113545311) 6
(991.022746749188,987.1393189910801) 2
(132.11652362499916,841.8469221779933) 8
(685.4198785609977,464.1206925471354) 8
(638.9597750834424,231.04311534376353) 1
(582.3868186311844,139.09151123328712) 5
(645.2107200455855,98.70670510930645) 10
(58.572946716958455,85.404784073839) 6
(108.2663926702474,910.8593375691651) 6
(821.8321887653165,943.2379562008553) 7
(750.0354669387821,142.3283218414656) 3
(588.4562433832073,232.00676073191906) 10
(403.19868624030863,796.3246166921285) 1
(29.720286093387504,488.39321114710685) 4
(385.1248767381671,998.5211156263513) 5
(619.2876713711364,650.9332738058798) 9
(795.2748096148632,746.4021799097062) 4
(487.07055349475723,110.68894177958532) 6
(630.1732271018573,260.42826700778033) 3
(501.2842538788782,264.63547534095244) 3
(312.128877691996,693.2704020981557) 3
(861.1793881588353,401.1465895912415) 5
(614.0914638433335,681.1578096373387) 7
(180.05327365716073,307.70140972738324) 9
(21.691884602706658,714.6720945628005) 6
(133.2683125165849,437.53348417310525) 8
(51.03247489719098,177.7313704813499) 9
(22.150767124022753,800.0823322249024) 1
(628.7634913900395,549.198512291768) 4
(781.8265748331642,633.4485827593674) 6
(963.7233628514648,269.28494391002266) 6
(447.7581861773863,909.9490188334097) 6
(895.7850816387349,429.6573561657484) 7
(564.2713511300186,387.25224885625533) 8
(611.4520706308691,145.89926426108835) 1
(522.6981164491923,583.698956756435) 10
(794.7083818854618,15.26925638922194) 9
(421.5513457993477,368.9515530333287) 10
(107.15672841142843,226.28613155146405) 2
(495.03520378038166,961.7849615234596) 10
(724.338661720169,255.06550429231646) 3
(61.94804060404901,785.3197049229663) 9
(813.5150624620592,410.4113329136484) 6
(805.163636168428,865.4430138828575) 8
(936.5288511056943,655.6870552823561) 6
(449.16275367152025,131.3539112724138) 9
(76.54289932795865,24.167153615346493) 5
(399.2858521448246,731.6578432488086) 5
(223.3287524135108,512.918054643739) 1
(467.800866799307,527.1174238198078) 5
(636.3466582923802,938.2274149579454) 9
(624.457070472028,510.410807013303) 5
(357.87431680328973,622.4167420857723) 6
(287.82828315932994,453.33628926798394) 1
(133.38468796072667,269.4219758251692) 8
(581.8026886471997,564.1987970145208) 8
(958.0045001781674,680.8972287008843) 8
(368.60695202852855,3.8190863464722113) 4
(939.7382045076313,276.54963156339073) 5
(485.9158432821983,896.215721216039) 4
(756.6956711008215,888.4729998763748) 6
(835.5409039281337,704.9288890812563) 10
(265.0404761856977,664.9495341189396) 7
(154.65372306454228,511.9343619323756) 6
(809.185094077893,14.81193344904186) 6
(389.4205400631585,42.80834254548027) 5
(147.2188236920269,61.21470998805256) 2
(943.6717734886832,312.9543055740728) 1
(378.6572706677739,339.61510747064625) 2
(489.1188037113643,571.7224365625945) 1
(593.6687651174055,625.9593617966042) 6
(691.8427096312685,608.4188719576907) 1
(966.935782789056,937.0546790820014) 5
(955.0038939954993,529.3936200155457) 7
(660.4502258659132,702.0326350564254) 3
(543.5785457233251,394.2677703051959) 6
(280.3455356261719,733.1839779662157) 6
(934.6477498734627,57.399060262866676) 6
(285.2965284713405,635.3464928622695) 4
(294.5368580703912,382.1477676187461) 2
(58.235990897094304,517.8997946926896) 4
(45.9982561125436,388.45081733961274) 9
(532.2183737539656,375.4773234908394) 3
(587.1484963261403,168.43893680591572) 5
(386.7793767252121,658.3878715649643) 4
(961.1939683999677,75.07676722556889) 2
(399.49293258104524,347.7045534349632) 2
(252.40822643446194,768.9739543161188) 7
(81.65042032081682,756.6374256703356) 4
(516.0765295223957,502.4350968319008) 6
(176.6026074807935,839.938504803454) 9
(309.67488579693804,984.0660981539172) 3
(422.77316522990304,135.10597488856467) 2
(253.32390205301957,707.3581879725695) 8
(212.4976398085131,761.5550550997921) 7
(580.8614822220361,938.7915191979698) 2
(947.2654166187641,60.20443746653192) 9
(887.7039228677777,494.99791472464307) 7
(934.3639403215282,163.11439540716188) 9
(924.5215085919589,777.0871453372066) 5
(577.356051057455,942.7013086285327) 5
(804.7569381321058,696.3361961868621) 6
(293.31290971492774,771.3595907396428) 2
(178.45138475941445,538.7631476407) 2
(665.5648121562896,730.116347414511) 10
(434.30717252773445,414.50092282138263) 7
(58.2280028568537,107.07178081592849) 9
(238.9534970436712,965.9827687951301) 5
(627.2144645753583,246.1030874124428) 5
(316.07158621701313,619.7823238203111) 1
(211.45425326461432,183.68189959990832) 10
(752.2876614104647,149.89047154890932) 5
(833.6322485949053,75.97221783356677) 1
(105.94823625940408,957.7309231523329) 10
(469.1417752173932,114.98652969936607) 10
(415.77652578976586,482.01915002036213) 9
(909.7157507066362,571.8028533420496) 9
(33.117262961679714,826.4407927523313) 10
(781.7176227606797,443.74259896542657) 7
(869.5340208513808,98.51073504155772) 6
(464.75426345102545,499.6041664299026) 4
(349.5746324338047,553.3973822259655) 2
(730.1878890981818,981.1154077847759) 10
(428.29204113238217,765.2506395119697) 6
(169.6970112017392,110.4757430355613) 4
(603.1536096359074,962.8473771399788) 6
(323.73894176339326,538.5777710812948) 5
(709.7398999964499,714.1156315511995) 5
(390.0737507635248,68.39256111992364) 5
(84.23348181101153,1.7992828491305568) 1
(735.5808806280141,285.9457508026014) 6
(260.8668478527527,615.5365107154121) 1
(315.9660387163909,739.9444155790641) 7
(948.4506956342552,421.10034533345043) 5
(157.2158357945913,762.074222373256) 10
(947.0303905359026,55.5364645477906) 2
(843.2756384888388,76.29016990716731) 5
(1.476503414441166,967.4686024509085) 1
(338.6495362999321,672.5295097886277) 4
(142.2648059031194,544.4736866167706) 2
(843.0829153716775,253.20063132827931) 3
(407.87194400496907,933.8841961890865) 4
(365.4165134422756,210.08174857226936) 7
(258.62550454879505,523.7219561832429) 1
(552.5858894230114,999.9108065868113) 1
(452.65010516506754,674.9149007619338) 6
(796.6622217919042,869.7424673548132) 10
(804.827293798869,194.36060715924364) 8
(513.5451876986472,406.7982761618832) 8
(365.305657398441,971.2192401703743) 4
(694.2140979451517,213.56078607559058) 10
(858.7820531092146,375.4629169908874) 2
(440.19839943479997,610.9241891380734) 2
(272.0004646803834,134.29389326573704) 5
(668.6265948953675,368.6913312852664) 5
(273.45889489686505,929.8662863701807) 5
(419.9946472756756,459.3740266891325) 4
(734.4921762306295,534.2749007314951) 5
(897.9055320334619,542.2656992739716) 4
(73.97916348458044,935.3160672832589) 1
(390.187846057221,23.66926715707629) 3
(598.6804794218915,249.12581170470438) 6
(603.1777308953216,514.9225817265041) 5
(163.16588791098874,729.8118403617119) 9
(919.6811486523357,36.74908559104306) 10
