1000 1000
10
(0,0)
15 80
200
(877.0865136797745,904.7049535900164) 1
(385.23231510747104,763.4286937550692) 2
(101.8564136365847,440.3095736350603) 4
(0,1000) 1
(648.5451939797726,274.26340277507825) 1
(1000,801.8752142825116) 1
(190.5915562100983,0) 2
(1000,452.7812764534203) 3
(1000,488.39432888668745) 9
(190.7484303892046,510.3309565891591) 4
(283.46280898763365,497.1922697095223) 7
(365.9858944011912,0) 1
(525.3533772691184,1000) 3
(533.829208118694,539.0277905977139) 1
(652.9955054818195,252.50949534680583) 2
(605.920090809831,266.07522034997675) 10
(299.8881871160133,0) 3
(780.3563749846485,0) 2
(828.7944084814267,252.55800470700015) 5
(835.4441418231065,827.9625410558308) 5
(1000,299.12603984023247) 9
(0,340.33519089648337) 8
(765.1221620931503,958.0888716481334) 4
(0,401.4875249420812) 4
(279.1107366063769,784.7244809310735) 5
(403.79296569480914,306.78774590061903) 6
(725.0001778572498,842.1362168098816) 3
(566.0664128035552,292.0395473433497) 1
(120.71611021295246,1000) 5
(279.8027666934561,572.9193654244508) 10
(346.26752225918153,779.607769062869) 7
(687.295224293773,649.773091340204) 2
(470.14615573671836,457.4428698363063) 1
(1000,434.99908061243394) 7
(649.9584706249134,113.37958500555266) 10
(769.7024464015662,0) 10
(399.8571224362787,547.0705429401105) 4
(574.2291728223163,412.42957494406494) 9
(325.3069950252862,901.9067770711727) 4
(821.244319954561,786.7771380192121) 5
(24.406633335395554,554.0059131482849) 1
(480.66141228518956,943.2767244801743) 6
(368.39448799652774,742.1265645399493) 1
(869.7476583735448,176.66976631245092) 2
(829.2755770514109,524.0644169094281) 2
(914.1161904374467,258.0854027803371) 10
(675.6344735394971,273.0203933478208) 9
(387.52242265956914,278.50842109090604) 1
(433.3324051041541,692.0537642297934) 1
(589.7200077543954,802.4010616975497) 6
(50.33012895111926,790.5033256431843) 4
(740.6954044442837,483.6224360879541) 6
(424.15789078048493,414.74086887637) 1
(532.1772351453429,977.0333978734116) 1
(0,219.24084135239923) 8
(162.4137156507635,535.0171396461684) 10
(564.2169342417701,274.3569493195281) 4
(431.61743644164693,393.54888010639644) 4
(229.1715917717857,1000) 5
(553.5493649351821,506.8009423037946) 9
(854.0002364938514,181.14013142908902) 7
(462.3356987398509,885.1125485969537) 8
(592.9622535166774,1000) 1
(485.80742419895745,371.0142929081681) 1
(273.95653899812135,696.3058518243662) 1
(6.5077757609957985,448.9978178716068) 4
(932.0895046686966,418.4074609126307) 4
(622.1142525792875,320.4321747727737) 10
(49.50298727188175,272.1879183589925) 6
(115.90509670789453,523.2263836357653) 5
(579.6337671921384,44.75851940668656) 7
(517.4957309454453,808.0317130778221) 4
(877.6126864000021,997.4074897201981) 7
(187.83925165664755,125.87890279609178) 10
(991.8447021120298,712.7012643790401) 6
(449.8819396604647,92.29514940359525) 1
(510.61443298381425,765.245946699886) 5
(486.66449467709384,993.0283806285183) 9
(116.31532078292582,0) 5
(987.56360680355,799.6295094799384) 1
(445.94865201686196,1000) 4
(850.4378112473898,782.3946555864727) 1
(379.73786964724394,517.5662878184568) 1
(620.7934696163716,751.4477369576513) 6
(42.64504301905578,485.3875435441504) 3
(184.43142028674777,440.5764719715591) 4
(1000,605.6165012128171) 4
(933.4977283946027,532.7995546261802) 3
(839.7665423250377,981.9833806033615) 9
(529.2211689143433,0) 10
(373.16727972966265,0) 2
(805.9961286668071,32.272720056930325) 2
(280.04678832882587,761.5998203719269) 1
(954.1465329886871,0) 10
(539.6230854295205,276.80715420342256) 6
(291.8742827132483,660.3394337550816) 5
(460.06079769416704,358.08077056629446) 7
(237.8849807579129,251.21544995058414) 10
(628.6829644374245,83.30797038380337) 6
(647.0138241955702,520.3391937640628) 3
(628.0613500759271,365.5760967423003) 1
(143.0524075908416,708.6344006727543) 3
(328.93679518597946,525.187258354863) 7
(372.23672745163014,0) 1
(915.9952879893856,923.2717973382457) 4
(0,485.3328290679091) 9
(105.3333970422778,438.06056505757596) 5
(1000,931.9569314710035) 3
(151.7572202203533,37.677998999438955) 9
(448.7389854630864,340.8779236479003) 4
(1000,7.281348809794281) 5
(853.2030654402345,490.1942057049972) 6
(84.11064139912395,852.8036547158799) 4
(561.7677610119792,582.0173242205673) 3
(0,331.52536397908216) 4
(0,0) 8
(145.44491942851442,618.4923710562268) 4
(400.8522538287114,296.37564797977046) 10
(659.9580924600975,942.4158919032695) 1
(701.2152054081236,395.3631467532068) 6
(794.9585750258254,204.2486649373456) 1
(502.24165750827615,611.4159575470081) 1
(873.2269259385948,0) 10
(239.99440738397982,546.1913960258894) 4
(693.8929427723065,820.8390270931948) 2
(1000,140.2400142215701) 6
(626.7378658481176,229.76572142966762) 1
(54.38771106209322,83.57286923918173) 7
(1000,671.915906740578) 5
(331.5520770107184,672.2933061232636) 1
(590.8449091945981,877.5737668762042) 1
(866.8879468837301,445.35472106745067) 6
(1000,0) 7
(16.805703137322496,844.313816492751) 7
(1000,782.6952559668414) 7
(761.6854294119801,0) 4
(667.6240829121579,1000) 4
(174.7070073656863,877.4476920417659) 10
(725.7334080339174,576.0643442140317) 2
(334.5847286432154,759.2759585653966) 3
(345.0095121841334,440.41863738326776) 1
(323.2685790770538,1000) 2
(379.76984325073494,227.7674617719466) 4
(1000,519.5719500749015) 5
(970.6883246114405,257.1757194584112) 4
(247.6733651433283,600.9733759739357) 6
(811.4399657825803,0) 7
(672.9215510432313,1000) 1
(761.0330278683416,603.219655064929) 1
(153.58482487980257,0) 7
(289.4988332714978,503.84817792181235) 10
(742.5816005392031,720.3290765838225) 7
(332.16588542401144,753.6744318019115) 2
(720.5680972167736,937.3345394001846) 10
(616.6546504779633,650.2693154225001) 3
(1.2101220478596133,383.5270970785764) 8
(720.2067033204985,124.60398496664658) 1
(849.0655085461365,498.50988572223633) 3
(169.6515210327815,836.3950213439311) 2
(792.2476915991515,268.0446942773984) 3
(423.1418892081562,317.83443657896765) 7
(459.6879371150184,675.5880710621236) 4
(588.8336792255002,505.0184285346646) 5
(369.00228012815273,762.9919353573521) 8
(506.9608150728332,490.87447278527065) 5
(353.7798769748457,770.2156064044798) 10
(750.2692916799556,374.5133276705225) 8
(466.05532473591256,304.3154917212836) 7
(574.301463188857,697.4381660028973) 8
(105.08411005100902,80.37475909935307) 6
(814.9226807495446,409.2119997421415) 2
(336.2885904742177,699.8551301301045) 1
(722.1128320741077,228.19099119132454) 4
(753.3059299741312,41.46849432561925) 4
(708.902636038898,100.88610105139952) 1
(1000,729.2859350630175) 1
(596.1334502644111,897.5941737494197) 4
(241.7601063172092,391.5983433851677) 5
(583.9160740752152,156.12453475659822) 4
(957.6177117667601,859.1130026439025) 2
(638.1035738640203,1000) 6
(748.9315846246518,601.2224162076315) 9
(242.2656285289442,226.13222227251026) 6
(433.3250141299693,383.73659348610045) 8
(805.1775672265967,209.21556657454397) 10
(453.05980395881875,755.1082882401308) 4
(948.6086467166549,652.2813623602165) 1
(102.0503474134332,0) 3
(0,130.79041959205694) 3
(279.87015860306263,79.6014131121301) 10
(588.8590841558399,322.24339472143186) 4
(522.6549526843482,935.8067244127051) 1
(11.873091708709069,245.39211416223284) 5
(443.27071728138594,586.749177087288) 4
(358.4671532784673,842.8833887204637) 6
(213.34121584292882,1000) 3
(0,536.8859264819362) 3
(566.6423297722921,1000) 3
(708.6340361493493,370.57207222313923) 6
(639.5317232079105,694.7916994790975) 1
