1000 1000
10
(0,0)
15 80
200
(50.59564068859794,129.03938355180134) 1
(98.66066643888007,578.731874034705) 6
(675.9581445460445,524.4504906469567) 1
(168.92964931317397,583.6046568182489) 4
(626.5668049101299,288.4563161041327) 1
(59.76800442202267,0) 1
(791.0161148611428,633.8123476281397) 6
(202.0021781193239,220.53828190880375) 4
(573.8712878379708,330.0341539703186) 6
(491.37845712656076,279.83643452228125) 8
(128.5061436948817,839.2355615143131) 9
(738.220226239079,782.5080407317467) 6
(0,18.162345937415296) 1
(471.09368755046614,117.32762730470364) 1
(845.2503120852688,1000) 10
(154.98946867044776,214.5458475072519) 6
(942.9681481843409,812.4172963002686) 5
(436.8114487501518,541.5528872247381) 5
(623.611471439102,1000) 9
(409.34554389777315,302.1953182980553) 1
(307.179825469373,0) 1
(724.8640833277968,0) 5
(895.1522144718551,0) 3
(0,286.57846601891765) 8
(19.182237408675746,0) 6
(1000,333.07204891295453) 8
(970.2498456590547,598.8491466079751) 1
(670.0400837889872,302.5337349057654) 4
(287.16082133808186,0) 1
(422.1264657910383,526.4722865413834) 7
(1000,459.09680392790546) 3
(0,0) 3
(353.1315097337251,638.0166636249113) 8
(960.2921036278879,227.05414254040812) 3
(349.82368745414453,376.07875709552025) 8
(234.36107839234717,192.3131432582079) 9
(491.07247063034447,104.82344772270073) 10
(58.03260622768596,483.44140122215) 8
(796.995523140133,354.5266380436251) 8
(982.052066437858,760.6019625853864) 4
(90.46491527107446,568.8854194696509) 5
(135.19301601958944,792.6651223394115) 5
(800.2364778507558,710.9045410901676) 10
(928.1228768512049,274.3355479245338) 1
(813.0502141915156,772.1920343847048) 5
(845.054708610963,608.7626592213027) 4
(217.42778545388245,392.1415651563426) 5
(717.0347223699945,464.7650637717739) 7
(237.98719958845845,561.9162775930455) 1
(965.1188585321852,619.644060736535) 6
(579.3402108184116,7.019436359794156) 8
(143.16822447103647,310.5684172502993) 8
(887.4121298803145,817.5201435968738) 7
(423.4475694755703,375.66255727305736) 8
(747.6891093114948,140.7699480635324) 4
(0,639.1886061406642) 10
(132.58357990482568,529.1277114379662) 6
(837.8819791596675,457.86508321408655) 6
(733.6575419731431,324.89434936827104) 7
(499.08612151217585,0) 5
(211.2816651606392,701.0267370058183) 1
(773.5763784413409,108.0705602529286) 6
(368.7012402996819,1000) 1
(787.9187012041236,869.3980312605515) 2
(405.32510948677475,724.9714451001378) 1
(192.68914969628497,570.0216355735754) 3
(562.1716106453724,1000) 6
(733.3753524944664,39.66811706084701) 4
(304.8806639888336,857.5537571644311) 2
(507.80797537263675,906.8250739609769) 10
(387.5952688883722,844.2306587738568) 10
(1000,860.0413340850873) 5
(795.5451319287436,180.0671047713647) 5
(397.76457845993565,293.32414793330474) 3
(83.44047867206797,372.8214946896064) 1
(665.8297000946021,534.4051671909133) 1
(837.6366380080958,584.0493131773048) 1
(584.8407776148518,204.25694124168803) 5
(719.9357115060994,714.1557134952461) 8
(272.51908485723635,763.7719532959469) 3
(1000,496.50022078555344) 1
(19.706804002565093,356.25688512920397) 3
(352.3323919707896,549.2221305940368) 3
(181.26227830533213,1000) 8
(455.7572374653456,770.4986732806219) 4
(562.5104385160437,116.95819626615702) 1
(54.69690687370388,851.640735522416) 1
(848.9751330971674,347.1280012604942) 3
(524.5657084496698,31.935703702265414) 5
(590.2568336236025,442.8744004031955) 1
(805.6248771937345,348.4134323227346) 4
(338.36287617021924,699.1367315511148) 7
(185.53152745094576,0) 10
(453.38754738783507,0) 10
(813.1048948150203,763.6328830740695) 3
(1000,1000) 5
(519.6935953439413,554.9448046143191) 7
(23.846966731818952,315.32031335927326) 3
(540.2548611589427,460.64227771654737) 2
(751.2832769688417,358.688077489437) 2
(234.0567598321124,128.69837940573217) 6
(525.8715587071974,0) 4
(601.5002468262498,320.7631267986052) 1
(0,480.50546877062385) 6
(0,468.3671950753806) 3
(586.3852958233718,631.398514777537) 7
(782.9993332812514,526.1904745721373) 7
(118.65617725381986,1000) 1
(524.8202429384945,297.94891887176084) 10
(673.0788998404155,412.26702256071104) 1
(602.9105730375827,444.45891135843146) 1
(562.7988046428817,398.9402152675502) 2
(206.33150471038226,579.4216297875721) 5
(843.3356794234492,760.6218322287136) 4
(151.99906335579493,1000) 5
(78.6767295992396,683.3176911676285) 1
(409.0875229895746,268.40281005535326) 5
(662.7311217903848,668.9309341598581) 2
(763.0680347869625,816.191935357077) 6
(167.52479881457106,704.32156444596) 4
(330.6214421456108,203.79667383681982) 10
(273.3573168218039,472.5813339760883) 2
(1000,864.1370959770026) 5
(441.12722864180955,478.3984550615179) 1
(238.55899491484996,893.05010378655) 7
(557.0629453292863,654.0274811028039) 4
(591.929534368678,707.1654728552744) 2
(895.855573472432,228.32347156282617) 4
(272.97922945900973,713.4856177855107) 3
(627.384224842161,563.3014265710179) 1
(253.35734845951524,128.90661715836694) 4
(254.46050521528034,749.3790619681533) 9
(501.2322858065337,1000) 1
(583.6160412118963,837.7199852106426) 1
(95.43269432420107,430.3963877585164) 3
(0,842.2674441569441) 3
(358.490812386294,185.09207287149854) 10
(351.70371857470104,792.0109654019604) 4
(451.47441764107003,749.8099980288558) 7
(0,143.3471979513708) 7
(363.88091589304486,434.83767373794234) 6
(661.141711372677,41.27546262776798) 5
(254.66090897745897,973.5575524173647) 2
(304.60111158897075,875.0727180482982) 6
(147.151079872077,809.8637880559435) 7
(453.6199526688517,721.053100495155) 4
(760.9689103751759,553.9814168414482) 6
(509.28452590854664,1000) 3
(584.7786758832601,593.1640345535958) 2
(611.3123621743197,603.9064557339132) 5
(766.9678948049568,743.9861756401546) 5
(699.3515545603619,92.04659873007819) 6
(180.03616877497933,642.6119955450988) 9
(1000,594.7649642960143) 4
(794.1174083555803,487.80828807689403) 1
(716.9107263103264,638.7079395529538) 1
(732.0907746599572,489.7583054716272) 7
(1000,195.03008985477106) 6
(1000,704.5520679716028) 4
(1000,480.0452941653666) 3
(631.222048014769,287.88031843669285) 10
(827.2427154612767,0) 10
(957.4609764233569,365.3690343402161) 7
(65.00693464225645,659.4719075582898) 6
(0,922.7556473697947) 1
(1000,439.00684379883774) 1
(797.1519327566109,169.01097223473187) 4
(595.6665756698197,639.4104216576508) 1
(288.72094232808195,596.9302782463659) 10
(608.1744162747044,256.42785670460074) 4
(453.15053881334694,1000) 1
(0,604.8477583004532) 6
(782.117222093636,1000) 1
(154.32938499773246,803.610571970009) 8
(556.1144411199339,193.4524841941937) 6
(203.10265048301068,754.1947852825964) 2
(99.7455225887179,916.7732367488468) 7
(63.662581102976844,777.6097724535994) 8
(697.5350772118505,515.3169139108644) 1
(311.76014089234206,0) 7
(437.52207009577654,700.7805678517551) 6
(291.2334472303979,0) 6
(383.5452971331331,586.8154382298685) 4
(421.51137026745005,570.5483498228771) 1
(573.5637947086178,20.7274888799148) 6
(0,770.9072867997869) 6
(0,492.0461329276383) 4
(797.268728330872,642.9311522930659) 2
(228.66219607895118,369.135793420808) 7
(377.0985923446219,714.5263265716017) 4
(642.6583906932808,682.1222976105378) 6
(988.2912682496017,545.5550293031762) 6
(395.34460663531877,555.5255437648977) 4
(706.7647287525597,0) 4
(611.3974819757252,542.587471604013) 7
(371.0174977866359,116.12816222296391) 1
(942.3860340230024,702.7237278177581) 7
(1000,0) 9
(712.006709374665,703.1292261484591) 3
(170.67583145907957,1000) 2
