1000 1000
10
(0,0)
15 80
200
(394.3631604859728,961.0922357168638) 6
(876.9335552410903,378.1806166358676) 5
(711.7795356109386,681.0748066481777) 2
(659.2647451530883,372.31416987376247) 3
(196.98502254866906,285.217654970882) 6
(0,709.9071110745487) 7
(306.2676039317326,730.6373530215047) 2
(80.41694966799929,37.39526604520864) 5
(963.4568407502792,327.0892513631894) 3
(104.01792099421363,366.5085378549668) 1
(590.8327019214638,448.04375760753487) 4
(72.06583840113734,782.2334220364876) 4
(313.98377536732573,771.2266795297238) 3
(71.93970293123988,580.0735208535953) 3
(1000,606.839153577935) 10
(658.7430174201254,260.3807781700442) 10
(485.622777622179,207.49210298494052) 3
(60.41009307868802,0) 6
(79.48029525605278,106.47343814222984) 5
(0,471.5887480755158) 8
(817.2681223961425,156.77764640191026) 6
(692.7256501498973,946.0118815843925) 10
(242.09112084154606,851.8710175957966) 2
(703.0703421760801,1000) 1
(610.8138204072301,669.8014430535798) 6
(414.54494965935515,190.17417339149176) 4
(548.4984594320023,889.5396533127205) 6
(660.6910939978382,826.6072223284958) 1
(651.5936623560262,459.07962421513975) 5
(859.9734752490195,656.7309197103284) 1
(370.1291570030994,255.19806968042897) 3
(547.2982173135355,475.31831963980466) 4
(414.59554863177425,215.59662689886665) 4
(102.98909760300597,256.95415415887715) 8
(856.6021648470589,248.2202113085228) 4
(651.4808790062777,965.761901042523) 6
(244.88372168287958,0) 1
(577.9789175302549,490.07270031009057) 1
(463.40530394392175,443.84440000908376) 4
(458.41468107278445,365.37310954559916) 10
(342.7740956420692,1000) 8
(727.0115169613075,580.3072818521498) 6
(588.086629611707,0) 3
(1.7786173595378614,190.29018387512434) 9
(546.7840423308085,300.2221963608283) 2
(527.3082405576173,381.4801621933094) 4
(1000,690.6910023158746) 2
(431.0988481040602,692.0023265051416) 10
(884.6436723304706,558.5218072270012) 5
(399.76366546150564,0) 3
(316.4583909651271,0) 1
(484.57771532314115,573.4354631730127) 2
(592.5423279919236,1000) 2
(582.9352724406466,0) 6
(271.2130833131713,206.94233978139795) 9
(0,914.816711598246) 4
(334.20184305383185,459.56501432584935) 5
(746.2795994019052,0) 3
(694.3756953208557,899.1817863761315) 1
(478.9343693358249,250.71128168705593) 1
(367.5788520487016,176.0169654421445) 6
(747.46956537701,549.233814546832) 9
(1000,348.24189392322387) 7
(495.65078014858284,228.17722669649953) 7
(0,0) 5
(663.335851869109,559.2347372516406) 1
(700.5578612019026,896.8892704521008) 9
(286.5486468046866,551.84447643808) 9
(807.506658723489,367.74383351491633) 9
(512.9483121995685,641.7033890157463) 1
(732.4875394970211,267.89913843291396) 4
(483.289233961001,416.22836499849495) 8
(560.9750695269169,1000) 2
(492.43849195148334,188.37493852113994) 8
(269.4454147262834,576.8050490394812) 3
(271.7518350999899,1000) 7
(441.96004267139233,899.8404103799103) 6
(115.88071188028744,662.2524477343384) 8
(775.5867536559058,574.4992144248803) 5
(230.40308538487426,417.78241515440817) 5
(1000,537.4662199705474) 2
(1000,164.17877973613133) 5
(419.84379235608674,363.4584330293093) 10
(248.86845501401876,513.7829888095765) 10
(501.92860248840043,397.9102099288912) 8
(301.05403796752,172.95675332756787) 5
(46.831658189147674,637.0520494795699) 1
(431.0847657926086,948.1865469595573) 2
(142.53765825405617,285.19447575613185) 5
(1000,675.8390652690883) 1
(702.4649284463042,408.9949057292929) 2
(399.31453092461,1000) 1
(705.1548787142979,1000) 6
(766.0135488638086,530.9357058473397) 7
(226.60513775507582,437.0920436998771) 2
(564.9103585901084,0) 5
(1000,1000) 4
(618.7879096000983,38.32949683692584) 7
(890.3581313980092,838.8625314194226) 5
(901.8853166345432,461.3063438510276) 4
(375.43441216375055,841.5556806708793) 4
(469.15355434784925,568.1131884124364) 2
(572.1725381148015,228.04202213125404) 1
(711.7100485348928,628.2385206582194) 5
(586.5745996630736,241.62522947887862) 5
(884.9722297166456,0) 6
(0,204.90862997279436) 3
(585.5114364877927,257.20563934531856) 9
(640.8418387462577,265.685902404506) 2
(248.20558041920492,745.710250035515) 10
(837.9552621945475,211.98490529827615) 9
(834.5936691739612,621.2372517281095) 10
(0,638.2271065780637) 4
(868.3480760015916,832.7689894423776) 7
(92.55919859115033,1000) 1
(349.8966352705588,750.8317586785612) 5
(252.17834618317752,1000) 4
(1000,368.0731934607017) 8
(843.437198424458,891.1942262272868) 1
(1000,369.47451508392527) 2
(485.29290634362,752.5593193473584) 1
(474.1340110091202,419.485770608437) 5
(291.61554412246016,439.1778436176512) 7
(624.1379290027776,80.45280751947564) 1
(762.9300556755993,699.9497696425212) 1
(1000,777.3370942308804) 1
(872.2479160443604,1000) 8
(723.7693713952758,954.2052193114293) 5
(445.2797918739814,1000) 5
(713.7570270960962,783.7156019807053) 6
(197.44078294401692,708.0705306216669) 3
(0,273.8317080376928) 2
(143.86334936781475,225.5626510618918) 4
(955.4265244972619,865.4581664896876) 2
(0,527.9708573643733) 5
(706.6740450424518,325.50314371485854) 4
(632.0975951007732,551.6664443433061) 7
(0,695.5967856548216) 1
(734.2941684737646,474.1805326920121) 6
(0,8.695985529359405) 8
(193.74584213990494,575.9798230074401) 1
(247.59333651915554,233.51534439051972) 10
(355.8977398285927,339.9622426860657) 9
(396.5418300411377,235.17054193180172) 10
(0,539.2989620171471) 6
(1000,933.6965034758454) 3
(95.87594837265885,343.92590957649054) 1
(36.682510099671845,657.29345341839) 1
(814.7750002131027,110.15775802135249) 2
(332.5217350282438,465.4336608448179) 3
(972.1554832028006,727.262621201871) 1
(489.576264701553,292.2362104810021) 1
(0,306.8247397388544) 5
(356.76298900941816,326.1531281138697) 1
(175.87985131341003,622.7437961132704) 2
(197.85856295614843,126.71593662414483) 2
(102.33953285913378,1000) 1
(260.3218139802034,928.5209746039347) 7
(499.61315550893335,252.3198593260816) 1
(880.868829432766,204.42682964334784) 1
(266.00707955990623,585.7126581041018) 3
(948.9519747779457,181.98484962840405) 3
(568.1017071492905,234.91520257852983) 7
(296.1535693909548,731.0053055795375) 3
(0,960.5712170990134) 7
(459.6574869978012,844.5864398172921) 5
(97.53172680018218,848.35952693642) 1
(467.52525361547714,810.182710266969) 1
(217.46374077324924,514.9213612503405) 5
(353.26414386028443,675.1389923504095) 10
(453.4531875707205,0) 6
(325.15344506049183,3.419371502953368) 7
(237.07234840377367,264.8890848974844) 6
(630.4442149318967,0) 5
(0,440.979171750972) 6
(679.6601740519868,408.92293574218866) 6
(552.8950081604563,144.75576180576695) 1
(870.0063578959041,579.0181975189562) 4
(81.12400277217256,396.4674859835268) 4
(623.7819479269434,120.96660343830882) 5
(631.1056047369884,946.9507915050484) 4
(687.4597970787329,1000) 8
(956.2075241881946,1000) 1
(0,896.2400104188976) 10
(673.7977352474119,733.4280898169932) 1
(676.2208371801547,990.7322317415737) 5
(354.3877423427176,786.7381409542868) 5
(0,687.0433104022618) 4
(764.3892894208577,91.03460042354743) 6
(496.5167602206119,803.0276614460707) 3
(446.8803703156106,658.6488387310396) 1
(519.596863248229,1000) 4
(1000,308.0783356727312) 8
(360.0977667082684,235.73733546506446) 8
(269.63406510807147,111.9115756082827) 1
(577.3254241917624,311.3122245541364) 3
(525.9639898379103,106.26199916531579) 1
(597.7063807844883,401.469716379446) 5
(603.081857562993,599.8237006877008) 1
(830.5649835295794,341.7886088451028) 1
