1000 1000
10
(0,0)
15 80
200
(596.1866610644879,807.6281051441856) 4
(209.53584568763642,402.1690565118355) 8
(346.5377763701566,250.55977862421787) 2
(957.704547444401,127.55586501228038) 1
(684.7870041515946,567.7192515018507) 2
(295.06797469751564,316.51338344646973) 5
(788.1425618950016,346.7987581926225) 7
(508.86530874842333,136.7616977377412) 1
(202.2443720815388,546.6941697877126) 7
(213.0464745800918,297.67761830231626) 2
(404.69793418108304,26.531586728348543) 8
(556.3443412138188,332.3843419542116) 7
(527.1457012509286,347.6446395130014) 5
(4.504537122757085,391.3539233669544) 6
(452.4828346418048,421.77340207244856) 4
(458.1208418674387,360.50987108783636) 5
(18.006811786884384,857.5357064337165) 1
(583.7032741325471,337.52609337253966) 2
(344.88131705035926,508.3870395453472) 1
(1000,328.44253549623863) 2
(558.4506186689539,190.76974248663265) 4
(423.9075554967219,318.9132275034009) 5
(395.5533891464338,126.6337133555898) 1
(254.99007172473242,599.5430064593082) 1
(172.7675856381174,1000) 3
(197.60733324483988,341.49517115957684) 5
(397.0517771630086,509.31683965393313) 10
(786.0193557111932,135.64101690064672) 4
(616.0231601966177,758.8809166704978) 6
(399.4212399589332,662.6916122265766) 7
(0,53.52016825234881) 1
(297.66847719571393,246.76013373404916) 8
(676.0598611843434,592.1393803379327) 6
(783.0985371524614,628.717914660733) 6
(354.27819088458375,1000) 6
(572.7378274336296,374.51464558693397) 6
(436.1100146977591,825.4942240923882) 8
(848.3927015265115,157.9080298203299) 2
(0,380.43578048914475) 10
(642.9149053460299,784.9411174748893) 1
(254.07335839835264,1000) 10
(639.3836317422846,905.1850267108666) 8
(400.2309849758494,87.81142958892178) 10
(1000,591.2074861231446) 1
(74.72651501852528,223.6967505065004) 7
(566.5681526954397,722.7226110615238) 3
(670.5857164993513,792.2834098967244) 3
(619.0451804455669,169.5534128994974) 2
(196.39290667443396,571.5412314528659) 6
(1000,42.54198378055764) 7
(669.2423968851458,433.65520398590866) 9
(675.8083836345073,650.317567952977) 2
(567.8031203830219,770.9393021606288) 9
(551.8345384308728,287.46986018676034) 10
(452.6686905490027,256.88071368224735) 4
(385.72330441576406,379.02266343211926) 5
(289.4812963055185,838.2840257973867) 2
(423.51907959588505,384.927182631207) 2
(811.6483127361821,978.7301430771098) 1
(21.053450645708494,756.3657803931314) 2
(636.4558238641105,435.23435044033056) 8
(326.33920288737744,292.9868773574813) 8
(196.76640174207023,996.6525920814676) 2
(314.7876229803101,352.74181863084584) 4
(124.83828993198875,466.58713844051044) 8
(0,748.6508197235601) 10
(743.0065150249678,568.7788801812062) 7
(872.6093644543935,735.4412711957825) 3
(717.1936634569007,1000) 4
(0,999.1825499324218) 4
(102.68676458620973,444.4703749129691) 2
(466.1570536383461,464.9483395606752) 3
(834.167853695705,0) 3
(554.4365230298353,422.3063532046998) 1
(620.9776887760667,588.3690371295227) 4
(821.9390903590961,705.3445259297166) 2
(260.0745010342729,577.6534084673419) 4
(48.70404536372223,186.38542046949635) 8
(95.19313748629577,428.3837329733781) 1
(634.7993581541505,500.13137389071755) 7
(101.85127167233509,524.2172561515677) 5
(961.0633779206744,601.3034568225044) 7
(142.1958642385879,233.45911062682785) 8
(375.153303578492,591.5932717832118) 10
(697.198062477505,699.8782282930729) 8
(407.7904662646206,462.06810339876995) 8
(543.0559661551937,681.8659472656702) 6
(484.37221369583665,878.0545436125713) 1
(351.8832213832747,626.889855052936) 2
(488.1917560199869,497.4798033370577) 4
(527.5646006887602,313.4820112975158) 1
(410.8758685482199,1000) 4
(1000,194.6448994826377) 5
(182.44275648461314,294.52805146753303) 4
(196.93183337980935,845.2716294900008) 3
(0,263.74409786852425) 2
(420.95959036382186,1000) 5
(779.2875330213219,598.3130106502708) 6
(359.2870129924936,724.2507803000701) 3
(68.16277255294511,270.2673350295938) 6
(233.60213705354164,1000) 9
(141.35630702422338,561.6091109085296) 1
(590.2420558154076,741.415643420291) 8
(527.3836547829684,888.460464689311) 1
(0,307.06176068094084) 1
(220.14565058470828,504.41506112391727) 1
(795.704025917953,203.764410502055) 1
(427.9794090491757,0) 5
(822.6962547828168,272.49163555633027) 6
(772.754997744071,0) 3
(178.04925711573281,300.9487269224925) 5
(844.8387867572868,307.0613454523082) 5
(396.0039921686181,807.4189872439654) 2
(491.84191424003154,371.1713377620015) 1
(626.7447692266559,1000) 1
(0,1000) 3
(1000,564.9038643700447) 7
(713.9065725473786,768.4370635855804) 1
(498.1691782773275,525.4066444365844) 6
(656.7715751807184,1000) 4
(344.1940825058784,1000) 1
(144.05231589558787,143.41241635813304) 7
(181.67806797391432,812.5288307508806) 10
(101.96720165220859,176.7037211006106) 7
(304.66921737229075,478.55376957162696) 1
(558.1132580100254,1000) 5
(511.64495972284647,186.50691030699528) 10
(0,803.6760305160647) 7
(540.5852956860706,943.662908536304) 10
(788.6447203459215,1000) 1
(626.8310397910781,321.59284765574995) 4
(477.51744336116127,444.07880569286107) 5
(759.1750461606189,1000) 10
(725.7201778721774,205.88110252545255) 1
(815.9408002465836,0) 6
(360.8782962352558,289.8499505119641) 2
(425.21089558541456,682.5679644969098) 2
(412.04886856886446,504.731027546726) 7
(357.43675561830196,498.3729213501916) 1
(135.58711768343085,753.5606748742758) 1
(953.0994312634768,536.9114748592758) 7
(471.88338441193997,901.5916457997865) 2
(388.4572167237754,0) 8
(593.5055825080696,503.20040857977256) 3
(477.83964541151767,346.3206939333558) 1
(14.688820275713567,594.4854458950633) 3
(316.1736305945637,557.1577952799826) 7
(686.6030524187772,131.98352412742628) 4
(362.2287709129397,407.5197268675763) 6
(684.5928474914463,127.60962877554323) 5
(226.33155033960094,179.4295294668375) 5
(485.33083039736914,811.6772408274378) 10
(216.0244546141945,634.5688841943762) 5
(690.5426755785594,1000) 8
(313.24517491254926,422.51590182364663) 10
(231.83549542321924,367.9458193526392) 8
(248.53252463887162,980.1814097397064) 4
(277.43414221629735,0) 1
(67.58486150504541,456.7669080011307) 8
(339.130536293844,274.07640894271753) 2
(714.6988771791259,397.9776450740461) 1
(1000,483.48712132919377) 7
(687.0523656115922,363.69584937968887) 3
(478.4215897684674,1000) 1
(1000,689.8330731649239) 1
(678.3038884390326,0) 4
(310.3994417981485,918.3348837054742) 1
(707.2265449628794,701.027556091934) 9
(373.7371750943755,292.2830587533018) 3
(183.7985623100434,146.50020913601924) 1
(643.035107832194,564.4487981554933) 7
(222.79285404902367,1000) 6
(721.6191574256325,328.6337520117821) 1
(319.991970723324,385.2327494375487) 1
(774.2428426483855,238.33049392923834) 6
(674.7438067661992,948.9130988297491) 3
(363.4281585230977,0) 1
(497.40004394384647,533.6679396563062) 8
(43.11267187430764,643.2093168846798) 1
(572.8235536207432,1000) 8
(274.62183259396863,683.5286930069846) 5
(1000,801.761526782695) 3
(786.0607364755047,0) 9
(556.6676433066939,300.7788417281835) 1
(815.8201537532609,32.74378997595403) 1
(838.0138157859501,1000) 9
(167.92168370318757,437.57012944636386) 4
(74.77966708104037,0) 10
(409.05411587061053,1000) 5
(714.0370337726035,607.7676302851406) 10
(734.4682448124021,828.9045501420474) 2
(614.1587566358143,902.2224337030698) 4
(192.06207862494648,789.0930834881399) 6
(817.7605056277355,731.2243164314457) 8
(913.3211198550666,861.7419375378956) 2
(772.7012860163279,428.58771813144824) 7
(979.2966822675344,0) 3
(660.9230130202402,108.06593671944046) 1
(199.30288751784428,623.8328756934101) 9
(364.65313648968254,462.4036228374325) 7
