1000 1000
10
(0,0)
15 80
200
(290.5885491631781,637.4764820632795) 6
(296.42072546658267,133.8142740048748) 4
(242.88990231782623,320.46248763743665) 7
(440.1605323798631,430.8717382739386) 6
(583.0070002677725,564.6958908910169) 4
(0,1000) 9
(388.55168055990526,0) 1
(0,548.7082319175852) 8
(789.127953380787,507.2751159718884) 6
(310.3783546866998,580.4216833517058) 1
(460.8258454092608,263.6654753140201) 7
(166.0880071801347,529.2561252008409) 6
(0,449.3938119359654) 8
(780.4853663377319,919.2054653559544) 1
(311.90790947415235,794.7260475523668) 9
(525.9841011941618,995.7924960360383) 3
(394.16113417099035,773.0259166070539) 6
(1000,724.0779502161173) 10
(426.19253314924856,552.8693300043345) 10
(971.2510374069013,0) 7
(547.0719074010681,686.7644935396308) 4
(606.1352166394595,442.04502668516653) 3
(533.6319568340934,301.4360654298828) 4
(774.1161564520444,60.16125526097585) 7
(364.1735896239293,469.4819689819312) 5
(388.04640638474353,104.97739542501387) 6
(638.062950279641,467.13489468391487) 4
(672.1758501402683,445.0494189414091) 1
(218.99529285570287,192.6640311218515) 4
(523.4377504457823,415.34673214110705) 4
(1000,0) 10
(648.1001186482283,325.3644851153218) 3
(32.6689180273313,681.1653330911591) 1
(383.64345899675334,682.6359882881516) 5
(632.1145169446265,1000) 1
(640.7262566679497,1000) 5
(465.74859063242303,637.6049508663806) 1
(897.8369142523177,847.4420202329528) 5
(775.5285395090175,1000) 6
(495.7506190754838,81.31905894602573) 5
(148.19911902301703,161.87447545647427) 4
(841.5686166425374,246.19975341534743) 10
(412.3664151407865,529.1883987310649) 3
(1000,359.5798717226535) 10
(323.5005765580792,1000) 1
(327.79638045965385,455.80923448070996) 6
(457.43285138344015,863.0835224233348) 2
(125.96931759650795,930.3393927817572) 4
(1000,499.14160229164656) 6
(252.7382961983518,512.2436386929053) 10
(590.4280699866526,80.90970299692015) 5
(454.1620369203747,233.21935685066995) 4
(353.98030254054896,1000) 8
(0,631.7371893347399) 1
(779.8110521428464,882.3404758487262) 3
(1000,150.78760848954528) 1
(542.9212477162582,322.2559801032428) 5
(62.18542461286796,643.6318863108027) 5
(494.90290490430095,0) 2
(630.757260628314,522.0731280199434) 6
(99.29498139428358,840.5741281856531) 1
(541.732598931122,273.09993849004394) 10
(143.9339043865528,920.1203100819329) 3
(457.49856059551126,730.618379814761) 1
(1000,411.9364946865757) 10
(61.79056397838394,636.2921196848861) 3
(797.0041054723545,454.84968036376466) 1
(631.7811263278265,850.4706079358032) 8
(633.0371330917856,618.6495917888407) 1
(861.4523615542723,674.098628736811) 10
(335.0409775544299,306.3940110047938) 1
(526.4886285175717,991.203499196252) 4
(522.7344257960566,272.6813214296085) 6
(298.4692397268974,1000) 1
(708.5005278146779,541.8123761987365) 8
(211.27133010523931,824.6785569116298) 6
(558.4713021951242,746.5683158544228) 4
(185.83444098842176,863.5822228717911) 9
(695.4055355900496,279.95224247417775) 1
(354.6798574063014,724.1758446248631) 3
(1000,712.2669391770236) 1
(222.21489540719244,467.3914523376099) 3
(0,443.1298165401528) 3
(883.8701899931982,1000) 10
(518.1045620663862,608.1778560616615) 7
(651.5263177275001,748.8521374254217) 9
(563.5855802485471,646.872677377446) 9
(518.9229934054595,836.0289291764864) 4
(1000,306.106926662431) 2
(587.8392138739958,995.5515202303512) 4
(367.9469783244275,421.7845600031412) 8
(264.24952066278377,677.6312238959298) 8
(889.3552794781048,365.10300638449996) 10
(306.1842374254674,65.80355094743123) 2
(582.0359458385404,544.3812468326728) 4
(553.6629610864526,862.5312573272278) 5
(393.4315164364769,637.7306566143038) 6
(264.4234684966767,106.12159095351848) 2
(531.0187369254301,540.09488447738) 8
(1000,927.7708676122443) 4
(175.32028864344073,645.7627372998957) 10
(848.4489554828308,1000) 1
(567.081131935021,707.0557499658094) 4
(451.8260781718856,483.69940951193655) 3
(110.11008233443721,226.8453519861032) 3
(520.7039820889357,682.4228453596968) 5
(521.8835190201221,736.2703000432814) 10
(399.943585302546,305.2013317839537) 1
(687.5003494492867,1000) 1
(600.1958915873814,557.2054259138204) 1
(449.62337517608563,761.6230717013647) 4
(44.6888351677207,718.9830406420213) 1
(344.0152773010402,1000) 6
(433.80171929832727,238.59570596725473) 2
(715.3568744115347,471.94940736597965) 5
(77.91136817464121,516.5188459172847) 6
(335.8287236751955,67.73967166921085) 7
(1.0109702642095613,1000) 3
(402.43166824144623,1000) 1
(533.6984791477455,477.8184621091729) 6
(771.5192319179903,511.97679218516475) 4
(246.51192546859858,103.93012461130292) 5
(439.63408779889295,472.8328892948786) 3
(446.4091670558946,1000) 6
(566.5618681532611,55.58719252383082) 6
(98.8883658178346,507.9778873578885) 8
(750.2632965323107,595.8081975547266) 10
(725.0193516876302,858.2525121002009) 2
(983.0472965291845,1000) 8
(218.4446835758322,114.48484539479779) 2
(192.29000080027947,73.70556879931564) 6
(586.6890081943577,110.50015514925963) 7
(542.3050195749307,476.3552755029723) 3
(906.3932943767834,319.53314406092625) 6
(682.5991820167562,440.4041514967522) 1
(464.8936826761434,620.1095982750393) 4
(918.4114523616638,161.32115434152405) 7
(693.478115212716,96.90502735133953) 10
(623.9482484364671,211.75279633564833) 1
(827.6827195645427,1000) 3
(261.72179961951963,995.4936876671261) 3
(248.90478018093344,1000) 9
(625.0552578002134,646.2666067804364) 5
(1000,310.35461957226926) 2
(476.05502532714956,332.4834482733106) 2
(530.9292971686941,494.31279311475004) 5
(324.811184422906,268.76977879765275) 5
(858.2386126429915,0) 4
(512.7471924296177,836.1130692011642) 8
(49.61979596914824,435.913690257539) 1
(89.64687747331266,70.79974383612534) 8
(307.72714862275063,563.6980285230202) 6
(836.5250179776556,469.3865287217309) 5
(79.18671222790846,442.35450715645266) 10
(819.2932494211016,40.07990264446852) 8
(9.434985542068318,475.63160798367977) 1
(722.309645247967,74.77976546221379) 7
(692.8199158898626,580.4910588434544) 3
(885.172217332007,249.15809513873745) 6
(640.9007112664043,364.60854830829305) 8
(373.5461664656258,449.5065435466387) 6
(402.1277813815402,481.86515621108407) 3
(356.8991396823443,336.7612364555973) 5
(574.7059178055603,501.09922600248314) 6
(166.86639327526143,238.1834901464042) 5
(821.9876434577025,0) 4
(442.69085663036503,494.1253841387173) 8
(858.1972567659639,253.9561920922071) 1
(842.8889481581268,956.9797552507109) 10
(195.82999929487806,1000) 1
(499.00962791846433,595.1841213325571) 4
(793.4697744891628,739.562321459982) 10
(1000,756.8326119387277) 1
(436.6756113560661,351.09530640941716) 2
(496.5595721085756,692.8652647225875) 2
(587.300428082226,623.8700818548525) 5
(593.4110041773391,478.6550818311654) 1
(378.60660166393455,806.475444065303) 5
(941.8032781089676,572.0700016189047) 3
(1000,288.5657031000578) 3
(1000,832.6028362081574) 1
(523.2478733201052,593.9177808872679) 4
(293.7357652674516,734.3840066308622) 8
(727.6320452892201,344.0319094299764) 5
(454.332131352059,216.2586486120972) 3
(566.8960284319046,0) 7
(681.8845820358437,554.235365926691) 1
(573.5612027992025,284.87512989637634) 1
(0,0) 7
(0,337.78394415395314) 4
(258.06494413227324,535.1423216515136) 7
(456.3145023626138,242.3990392895496) 3
(0,414.6653709602103) 7
(806.3256999857197,1000) 7
(591.5524382638722,755.0959266986166) 2
(461.3316749208777,66.40207579725302) 1
(0,717.3766682717196) 7
(383.3328327231335,503.99936910331365) 3
(759.1703002109152,768.0980333109624) 5
(585.0089647433783,1000) 1
