1000 1000
10
(0,0)
15 80
200
(585.1915736169026,274.2768391769272) 6
(633.5556615274886,1000) 1
(556.8859831648635,388.71141192260586) 6
(17.445043338227606,1000) 10
(1000,87.09409232206394) 6
(233.25760243019653,820.5029380110609) 1
(0,402.7176403958709) 1
(371.38628123013376,32.38849687049657) 6
(207.358868558786,958.0597406417783) 8
(516.2771087052884,211.17789345385944) 6
(830.5885779943412,896.060953869902) 1
(468.50563507492427,712.2711555599701) 6
(296.38359426587954,0) 5
(600.7247269365096,111.80145330905509) 6
(864.3136170051619,569.3747107112928) 2
(0,26.14687031382232) 10
(482.29740242982325,1000) 1
(462.3439761015973,110.22387398579593) 1
(788.0048677951331,482.07288481972967) 1
(471.4163295117437,641.471296145812) 1
(431.6265957783161,924.902134489044) 1
(177.21136289215337,544.3111739656861) 4
(872.9034193041302,0) 9
(975.5125191782074,738.1786126319138) 1
(398.8440004776249,202.4635010542711) 3
(718.5637584991717,358.8065865551931) 7
(378.672549587322,929.6880306128966) 6
(695.4819843781177,683.4659060254767) 4
(866.431019321361,744.2482138080796) 6
(0,598.5231165348567) 5
(640.2356783634699,513.121431544008) 1
(389.44442297458716,353.88497745906443) 1
(478.02329472498775,609.5355568337997) 2
(1000,1000) 5
(209.89753314595862,161.63625528532708) 4
(548.6751311202978,430.5031790356842) 4
(659.9910321268183,583.4760840834158) 8
(878.3552751611215,287.1180990730112) 3
(754.3959644171089,334.3825435282075) 1
(335.2539775358879,636.1469670166459) 5
(585.7587815564956,27.59633344197823) 6
(329.89736199858135,711.5480626573762) 3
(304.23122152984115,654.3490128056583) 6
(503.7071559498298,473.74558236452214) 9
(1000,563.0393665985404) 4
(642.2653873138852,774.1016512129465) 1
(691.5665644477411,220.88375252877637) 1
(581.6172125101735,0) 4
(486.6355415864956,498.7113269084335) 7
(400.93616709897776,761.3613126848687) 9
(340.26154167201526,1000) 3
(458.45576465841646,304.6714474212663) 1
(496.4737626836119,503.849934886651) 3
(518.7463169657242,496.71292506404905) 6
(568.395281690741,285.90785598323527) 1
(1000,901.7731987912512) 1
(621.6804427379459,483.0225479837991) 9
(307.60313088167266,533.7486158654332) 4
(427.7608042868164,433.9184418640135) 10
(819.4253403936416,930.1929216842262) 6
(714.89399945222,829.7486290650311) 1
(1000,620.431548316408) 6
(427.121886513947,719.3460691882688) 1
(674.005545265221,907.6184427175965) 1
(802.6838870317843,0) 1
(368.0584335547484,823.2602582357956) 9
(1000,229.4583326558319) 3
(263.32882316329665,890.805905669818) 7
(516.4219465326661,1000) 4
(272.1667271267778,11.849419495816278) 9
(463.04405377384643,249.14542926098125) 2
(999.3121936102336,456.06684774455965) 3
(999.9061000372099,440.1346956632635) 6
(852.2105452438141,413.3178847522199) 5
(474.90282062127153,496.1020815517501) 6
(512.3887923721519,554.393185004786) 5
(1000,0) 8
(399.0819861660216,0) 3
(0,71.62568759337648) 10
(1000,622.0863635503583) 5
(754.2450512508519,569.7113667823807) 1
(130.8611996130819,778.3169628298552) 10
(306.7332245837357,672.6495631437533) 2
(961.1973267037145,196.41125642728105) 1
(334.6678891330069,581.2067957142069) 4
(123.06074011063015,63.38422948843237) 6
(101.15594850796225,0) 3
(1000,807.6116118647758) 2
(889.6844875563581,118.89496822588552) 1
(343.68592558543594,850.732872899471) 10
(0,573.9707810235138) 6
(685.2886443463353,626.1861259379301) 8
(656.3945622305675,432.6810981674655) 4
(920.9180185498706,72.165262074054) 7
(526.5925442599258,136.73921859886985) 5
(700.1996909311789,93.85093280936377) 3
(187.15157881554086,293.072654487454) 1
(824.7263015639849,599.3555170338979) 1
(0,599.6564380200113) 10
(293.65290605547693,321.761259669179) 2
(476.58370181262825,313.09384019726997) 7
(529.3520435658759,413.6754614573485) 2
(623.8794216316887,660.9177621003586) 8
(341.75570834181167,460.6694331383434) 5
(750.4984841907918,474.51390722724375) 5
(723.8549848943608,0) 4
(716.0626970421612,543.7191095593845) 2
(561.372013957237,597.7431715138194) 7
(84.59677131985478,870.0192359142085) 1
(114.2524728907814,396.9060494127919) 1
(778.3107141346454,0) 1
(850.1036949628324,741.0815792347897) 7
(431.64201550186266,526.117303805955) 1
(0,3.4931262357858373) 1
(668.4321932758096,572.2979606957689) 1
(0,489.990634708142) 4
(0,876.9594950856599) 2
(0,1000) 10
(242.8523641061082,158.833380180463) 5
(0,107.63578823199163) 5
(838.9116894852693,593.0099788960988) 8
(109.35709793822957,500.15298608051876) 4
(591.5411187359565,616.4754970633533) 3
(480.3096854846025,200.15618624960445) 1
(296.32563757483246,392.07782818359124) 6
(81.65040697094076,675.2494247155863) 5
(272.63526552309736,492.67628246410965) 3
(1000,688.2899128367734) 5
(0,808.6535980262256) 10
(636.3762835552913,850.5103323658864) 4
(648.2999497052002,392.14021389849995) 6
(316.60336257119593,889.8969796931873) 7
(580.0298135459843,762.7290582918274) 1
(149.5531859674295,391.00292959057657) 2
(427.7507560771765,723.502787165479) 3
(496.892601019468,196.61399066195133) 6
(0,306.3131534813401) 1
(77.66244455307464,346.8522160910535) 3
(291.7054305644049,425.7297975000914) 2
(488.1357791023367,232.53312781946283) 1
(537.6051176679293,518.695071518537) 1
(662.2997222399949,541.4192979871701) 4
(539.6842789513054,899.1425079166614) 7
(635.0004259950276,295.25191763621973) 2
(739.461991054426,368.08637869082884) 3
(188.56875124133876,578.6792188976995) 7
(480.0555897385502,210.68546800641093) 4
(315.81141012741364,480.89877401045294) 3
(245.29066667560934,1000) 9
(1000,969.3435994297388) 4
(743.2042693827981,51.702408770778334) 4
(1000,351.31821753689275) 6
(59.92234807463865,0) 7
(350.55492715897003,774.0051452284933) 10
(232.02970400637724,386.072883600477) 8
(970.3585047746308,707.8273161921214) 4
(666.3471172048587,910.761631682235) 9
(1000,591.312476586371) 3
(313.5272367250903,192.11440157547685) 6
(868.2546926241148,805.4373759637504) 1
(254.8423865940161,456.6487041527711) 6
(654.2352394459529,577.0166589841408) 1
(429.6026753320796,94.66347424775637) 10
(504.58540243327064,792.2553021291089) 4
(271.002600381371,635.4490546402424) 1
(675.7198315173391,260.4185261111743) 6
(609.0639534942727,213.43917088203398) 4
(49.77815445441985,625.8242874854101) 5
(227.26548016865928,213.32675089528817) 4
(526.1685534091774,0) 5
(706.5294740326756,215.87981656488324) 6
(497.25564067836063,480.09011316278253) 1
(470.51217985364525,24.777612507922356) 9
(517.5972460576968,13.517076530625616) 1
(320.57458476785246,521.4082980739356) 5
(28.612445511242584,309.23709973571687) 3
(616.0708912513439,180.40850127442798) 7
(447.4547815691037,321.196834877769) 4
(0,293.3617757802367) 4
(978.7392268122762,677.2519280577848) 1
(0,0) 2
(0,983.7459160135523) 2
(552.9399628473277,96.4499411845049) 7
(357.26701803109813,22.399785632180283) 10
(497.82023886836777,424.0959161669342) 7
(198.39556068015446,595.9935032297639) 10
(0,986.7343332680759) 5
(1000,463.75903183376215) 1
(1000,440.6482472562166) 2
(434.9928248274863,370.63206690577306) 1
(1000,504.4072822827098) 6
(469.94517060029875,791.6404240196825) 1
(1000,519.3209013011366) 1
(918.210835010193,444.19559052693705) 10
(311.04961636959047,568.475945279504) 8
(829.96579339392,700.1524903918053) 4
(760.9664371966971,646.7367801265158) 6
(231.44754419039492,490.90367009651226) 3
(734.1392761778126,0) 5
(793.4903089930065,0) 1
