1000 1000
10
(0,0)
15 80
200
(668.0401273943032,0) 4
(269.2690504526788,686.7620110244218) 9
(695.2976692817646,768.7064398846835) 9
(336.295099045606,656.8116756837958) 6
(911.2529696733657,0) 5
(568.3190013741636,363.03174499042746) 6
(890.4203041644818,599.8772643715475) 5
(890.4095905716142,615.8569275146114) 6
(0,0) 5
(696.9856517786357,268.2124565449193) 1
(357.6393267950118,558.8419941558761) 4
(1000,729.2955126926421) 8
(393.1367318936417,413.9662262469066) 5
(961.1619922481588,722.6344089198586) 5
(1000,64.02940444357881) 6
(402.40470297904363,693.6499024461691) 8
(124.6902556975603,323.67436905823763) 5
(31.42141935678052,669.6627114233249) 7
(233.76110564634433,1000) 5
(243.72356748179516,633.0308562408397) 7
(754.4458502748369,941.0482001459468) 6
(86.6636153003268,508.5500451780459) 1
(721.9894071951475,421.84301099411795) 10
(0,399.40208274142515) 1
(1000,564.8174129883207) 3
(494.29267738883976,981.732352022229) 3
(0,463.53037379943214) 6
(278.9042350916276,64.5933234353567) 5
(283.13612515511704,577.8432032615277) 4
(194.54493893441975,298.4863219013663) 5
(161.23512942989964,436.83761323340764) 6
(658.9817999247376,383.1939364568455) 1
(397.41107657513845,447.64452891482995) 1
(223.20258786984238,357.30610009701786) 4
(920.3702215148014,529.2060452768295) 6
(1000,1000) 7
(684.9020973894601,669.4623256411642) 3
(318.02502267171064,414.48894452740944) 8
(479.58963775393084,238.90848659200907) 1
(142.6235563678154,643.4889234403228) 4
(720.4545047456701,690.2923201334714) 1
(335.49455116370535,0) 7
(566.9822225808059,750.9432269765127) 5
(0,337.72927927505145) 4
(518.5153285842842,280.78011245371175) 4
(806.4143553614183,217.25173677157272) 6
(439.8519923862961,834.8339181754) 3
(0,261.8546706214021) 8
(892.3515362012693,479.4272187582465) 3
(434.32564436050666,582.8971393592836) 8
(398.12697276514325,478.28662297736776) 2
(0,575.3839296924509) 2
(983.8860606116714,317.0131811489397) 10
(669.7070784876875,703.1945391867962) 3
(924.1661134675495,693.0487682179997) 6
(57.41459685915726,133.75011561091122) 4
(391.50524314539854,699.4949805047333) 10
(223.156210794277,528.1265750069101) 3
(847.9347355338734,504.2721691605776) 1
(482.5096683742474,398.6723970574602) 6
(534.2564502337267,1000) 1
(251.5042963745204,271.9963923191461) 1
(85.81035658259566,557.7340971636245) 4
(393.2389985958615,465.92261667557466) 1
(125.89600304002738,216.20501068248024) 5
(508.2651057229059,515.9068270604973) 7
(409.5974564747354,0) 3
(898.9497841646094,106.66627683949156) 5
(653.9199805133355,382.1243959081821) 4
(299.59995847812104,613.6014051199908) 1
(246.94534078309243,402.37836174275697) 6
(294.0331629611913,31.040194036337596) 7
(937.5364251577921,531.3366199276534) 2
(514.6534622604257,911.1907422980886) 5
(150.1933281539101,874.5996221028622) 6
(795.9494446185754,398.39217546875955) 1
(722.3870852615719,997.6539828167229) 10
(149.05389158169277,802.9560584101591) 7
(292.4661368789999,574.5328866135991) 3
(414.3651444192889,797.4263326572438) 7
(147.5252810723715,656.9229888103634) 4
(489.92848297680246,914.0939792032534) 5
(234.63669915505238,1000) 3
(799.4633030147872,344.67395203156843) 3
(493.76402036231815,400.482068041783) 1
(397.1708872592028,635.445380624981) 3
(625.0829149192793,150.01988769428084) 4
(977.1798394983525,137.91304704590783) 9
(657.3597812026867,797.0825827926379) 9
(0,150.1861419136394) 3
(713.750370623355,1000) 7
(686.7091126607553,0) 1
(195.42980754453106,557.2740111468877) 7
(318.5078003565626,715.3752845003587) 7
(496.1543935149643,798.0307261474796) 5
(501.6706716622117,0) 7
(934.8811730458749,1000) 1
(709.400907727749,147.89753968019608) 4
(615.1960036930926,217.28344338910136) 1
(904.9408548653696,444.2333935423859) 1
(657.718156518484,461.54602188226727) 6
(266.1093638870493,220.7384650773892) 8
(1000,739.4342556227238) 1
(462.89869079282255,722.8249204757124) 1
(223.99670280938682,1000) 1
(838.9511236429593,335.55309822865433) 6
(505.46988094348666,488.6521305157767) 1
(828.8659850247313,0) 4
(964.6055941554932,801.6259534796424) 4
(698.2222197878718,698.6151343484507) 7
(367.73100857799295,0) 4
(3.3280823204907506,318.18141011193086) 3
(513.8768236005178,442.7890754991393) 9
(97.6050462673577,233.2875831108413) 7
(494.50341593786067,0) 1
(556.0880093195334,482.7639306272407) 1
(342.15925676937127,0) 3
(290.5195002749407,848.6199991022606) 6
(0,160.9608097144784) 10
(532.7055505452017,703.7244876582082) 9
(44.671554931610444,278.2942794332759) 10
(334.61437594684014,369.12198132365063) 8
(705.9804827061619,578.4013280749242) 5
(1000,548.8930925247885) 3
(427.89512096935044,235.28004507171357) 3
(227.30824276469406,798.5777807349359) 7
(540.3288886655934,1000) 10
(508.32932172893373,38.36691424503755) 2
(931.8033289439877,798.8337033906828) 10
(426.26897444308423,212.9649143249872) 10
(174.313743418365,826.0138543429102) 7
(678.1117847094564,446.819142828658) 1
(304.34583501123507,471.5488779322176) 4
(285.2475882504377,1000) 7
(54.60791520245749,1000) 10
(597.7425777022565,0) 3
(510.06670109383265,1000) 5
(289.693171194674,620.7378376740944) 10
(384.2982375844724,835.9295058571726) 8
(386.32475057755704,559.854592944124) 7
(426.2305866487089,822.9902828966727) 9
(14.477937718049986,371.2873093121352) 5
(368.92596363229495,0) 1
(512.9258827711127,690.9076644181555) 5
(356.2466353198804,402.55834625215834) 5
(483.40450940396926,327.2367424338142) 8
(428.9497805595142,639.0675376046296) 8
(978.7541140344139,758.1819229355531) 4
(478.2563577845149,387.8469370399589) 1
(713.4742970559214,691.7755374529031) 3
(1000,570.4813093904527) 1
(571.109418942079,0) 6
(184.18647430303145,516.5616521616035) 8
(0,554.0765502794858) 2
(0,283.42076173515204) 5
(617.2593935062816,474.6145431047704) 3
(919.6478506603685,705.5970452751313) 4
(144.09707825025185,521.6258392629162) 5
(958.142169370507,183.99679544595858) 6
(830.3454743280979,302.785698648442) 1
(896.0305296954696,752.6936246542244) 6
(974.75757872298,233.32047772521577) 8
(0,221.7402178988388) 3
(829.7914534384706,246.98530815323326) 3
(808.3555784196096,39.57245510841972) 3
(565.5015148548334,918.1585485059254) 9
(311.61406449940773,328.2813103762593) 1
(1000,495.6374668410589) 10
(0,257.1520256214735) 9
(6.149447356980829,0) 2
(426.35853287477266,756.0284684881536) 10
(438.81720355601715,92.71838568496224) 10
(61.50607655234501,328.5321932342192) 3
(307.7980969640025,625.7081541616908) 10
(760.0268893170826,683.1125616602365) 7
(471.8596248107356,374.8801398024175) 7
(589.9185311783071,471.3106662018207) 8
(601.6747839181301,498.4376026110547) 1
(820.6819154872574,312.12971495683917) 6
(636.3677891018808,918.8819302218697) 1
(728.4389133019487,444.6182608789568) 3
(782.3755286631371,705.8462356802844) 6
(466.53798501831193,746.0772988140741) 7
(209.43111160099454,54.78887682041028) 3
(875.4891851533663,855.6074461013268) 3
(380.1784743131012,702.3620603903644) 2
(346.3610649961191,743.9198358478143) 7
(556.635435203386,835.1472895339131) 7
(256.7233204986576,860.470025609086) 6
(622.5646161216235,0) 7
(263.00221323918913,643.7188055197965) 9
(563.1372205823576,382.878160265374) 4
(234.67164830944404,319.89651895657255) 1
(668.8619196176933,1000) 2
(808.7160800882644,476.4308360173083) 1
(755.3671374162087,83.84928279329824) 4
(505.7277616131417,0) 2
(947.0636883507867,60.10529623066293) 7
(1000,515.867934875263) 10
(575.3054782049066,112.2756077405985) 7
