1000 1000
10
(0,0)
15 80
200
(699.4427075000392,287.282241916953) 3
(317.0751079399611,509.48641251104004) 7
(332.46576723117903,678.7912510078133) 6
(1000,571.8642789218271) 4
(533.4075731799855,109.06185147048097) 8
(1000,648.235436971094) 9
(57.73279237194265,521.1943440647652) 8
(0,0) 6
(492.39800250600786,669.4873839662912) 3
(294.85523150021805,623.1489226737478) 7
(468.89048118035976,862.3991161900627) 2
(884.2110197803113,386.8702541484696) 7
(676.9775711163442,581.6119890180946) 7
(758.572205899746,669.1311076587654) 6
(408.1050442659408,552.2499395454487) 3
(1000,390.74004269278134) 7
(277.8006971800322,537.3271447383349) 6
(404.58989594349896,451.309480570195) 10
(802.107389904103,881.6355598713542) 5
(933.9975427584711,845.27508162349) 2
(493.81339870728993,842.3667080757679) 10
(1000,745.0739434591806) 4
(402.80064569889413,121.94962536862812) 6
(415.497602146311,249.04428824520267) 8
(226.05972299970608,805.5302859136102) 7
(475.4416533950317,231.5695933696004) 2
(17.81488942149838,456.1127818802513) 2
(659.5917681885636,1000) 8
(845.4690033025381,305.2870952121332) 1
(717.6117708019115,750.2028596132958) 10
(0,95.91661803238873) 6
(398.7468546362112,592.2804288627204) 2
(529.9514659565633,758.3296275817927) 6
(274.8479026750225,760.5339745844178) 2
(0,632.1234897475839) 7
(460.11324515433154,187.73238323004455) 10
(692.6756161942048,241.37017565114598) 1
(565.7082111568601,344.0258465997845) 1
(326.71148660973944,650.2729312045647) 6
(594.4641133399207,1000) 1
(302.88168350546573,655.4660155172926) 2
(291.6309059904962,243.3461133807436) 1
(962.8314139162455,638.1524537330738) 5
(281.8130200137367,458.5799137230161) 10
(968.9949740200609,0) 2
(403.66449021443185,667.2651086459475) 5
(619.9598129854951,8.734571088314851) 5
(835.6929855798076,428.1485244496758) 5
(431.24809932255016,252.93326516177765) 2
(888.4076384231681,1000) 1
(723.1105008833836,609.5566096655647) 5
(0,1000) 1
(308.3684177341571,435.14761775632985) 4
(669.2977390757871,1000) 1
(659.8873445397346,504.0775161315175) 8
(1000,457.3687789163263) 1
(494.6947726162124,382.7060500993816) 1
(465.4314952247575,591.1528805001092) 2
(521.9793398240039,743.1541350437271) 1
(425.3485303595226,640.8868898235123) 3
(755.7601085613434,398.19772013224417) 3
(895.1521772788751,216.13811123702283) 10
(1000,504.9418545970898) 7
(136.18447873099626,0) 1
(421.38362637673794,381.53116167992704) 10
(487.4589576453764,267.6760142649182) 10
(703.9431805943284,0) 3
(201.5664838026098,826.7734845656713) 3
(286.5643413578913,424.15629640625656) 1
(696.1769591547302,440.193489134745) 6
(371.5088464294638,883.926031866414) 5
(621.6883359414442,258.82713679630615) 10
(669.6017185520947,175.13265945865265) 3
(364.7784193502206,295.79829570999243) 2
(867.9910077200138,599.1193266246123) 10
(500.57490404201246,834.676641715437) 1
(586.4290614579118,837.8911017932269) 5
(481.23652697945516,569.8891785503127) 7
(732.8126049888983,275.58813250325346) 9
(394.1191253913791,521.4344562106851) 7
(629.5836226153857,42.62419964399601) 4
(264.29228800248666,526.2203953530178) 5
(906.1864186709776,879.5250133925215) 6
(350.44687948703444,0) 1
(644.3850302195358,544.840915174752) 3
(834.5827804148112,1000) 1
(0,183.41541687851947) 1
(260.54472595367747,0) 5
(773.0668389880607,732.9806640866287) 1
(1000,638.352556027595) 1
(706.0531265400767,104.14422063165921) 6
(77.249461566631,574.7868535347664) 4
(1000,63.011917940519425) 7
(657.9497225692272,0) 4
(584.7154502956149,1000) 4
(311.4046084591798,1000) 7
(1000,112.22258322672417) 3
(677.8195713595148,1000) 3
(421.6148074121744,669.746288058928) 5
(143.42896235715807,328.3690151650861) 7
(810.8391740898146,28.84079266185273) 6
(425.7825559810278,808.9276713348366) 3
(224.16089692148842,853.1934315185729) 6
(322.39023262558624,598.2365340250232) 1
(856.5848143773828,0) 1
(704.3674939191866,575.9868618409297) 1
(596.8763363668215,722.5632336566957) 4
(888.9049784870067,405.6206977976557) 5
(427.6999699882617,1000) 6
(390.27106452295584,1000) 4
(1000,662.6748292535485) 3
(911.8405966786783,281.6047271243936) 4
(0,700.6066458106084) 3
(101.11102112039953,516.4938176475866) 5
(559.0018549273028,710.1670143988615) 9
(429.0548374481596,626.7472840721224) 4
(600.7873465368259,601.9070122376003) 1
(304.7217678186829,1000) 2
(392.4680053979282,812.3424503037143) 3
(500.256070951488,96.86789500032756) 5
(0,94.0088838229957) 3
(625.8987085878972,399.8511897906682) 10
(170.592551666956,527.9659118487331) 4
(885.3449066718426,7.056369451510193) 3
(792.8827324860138,494.8219926528115) 4
(460.43491637988865,286.94923784844684) 3
(437.92905144678576,567.601066846767) 5
(49.17662599275275,692.8700230853353) 2
(478.26677710473734,0) 7
(341.910083438891,534.0221620397763) 6
(389.1787239720681,224.7300791334423) 7
(483.95295271671785,532.8084731214319) 7
(819.2000044207977,505.09081131655773) 1
(34.602354808956534,539.9808909746284) 8
(1000,433.26036267899667) 9
(1000,505.36956111203403) 4
(749.7517013628542,551.1411042551398) 1
(638.0373447634364,370.17628837154734) 7
(992.5788680632436,740.9392176942363) 10
(676.3066264079957,0) 5
(461.81263879496674,506.4456079500634) 1
(325.1308016361846,57.263856056737666) 10
(409.7117845445545,1000) 8
(838.5108700906605,321.77698784253164) 3
(629.1138552536286,19.256335782324186) 8
(898.6611325126742,198.93671768466703) 3
(340.9081723048664,223.53164062332132) 4
(713.4068431458525,680.2279245153377) 4
(48.59651700659424,754.8928718470797) 3
(389.6422401172723,0) 3
(848.8522096462711,180.55379133658863) 10
(181.79465522856844,752.4448315706379) 7
(119.15982009190958,310.6555705477026) 6
(619.1283668905231,439.3175262671833) 8
(295.1362106782159,470.3428955722208) 1
(146.67810691078893,657.2784244514876) 7
(1000,126.56300520918256) 9
(687.1913386977279,499.64821966548413) 5
(433.37435196890044,574.5823718962506) 5
(338.57662930287694,706.9589278549931) 10
(697.231723977774,484.09572144997173) 6
(0,309.47360145447857) 7
(544.9136985755996,421.9219288686196) 6
(698.9412615226547,941.1892291177546) 3
(461.0076610622891,196.2137596052487) 5
(0,677.2424178182548) 10
(866.6047410882829,345.92842247349) 7
(581.7508158884743,899.9851835653417) 7
(767.1445464011884,1000) 7
(16.330478477516863,250.2335905051196) 7
(663.285272426757,285.56864128154336) 2
(163.58806191841347,912.4841444622862) 1
(652.7277952738182,896.87073441244) 7
(0,308.6996627987736) 1
(496.64225574531076,385.72139904357397) 2
(606.177110046678,0) 10
(369.03408835563323,661.4629290164296) 7
(739.266301619263,237.7906262754534) 7
(1000,318.80199144138504) 7
(551.3306595544709,408.00984563108) 5
(901.9318416796339,287.6606575613332) 2
(559.763488513812,1000) 3
(467.19651894268554,519.2644632049227) 5
(396.3408682607743,376.87387304278974) 4
(21.582082405837127,630.6865225954633) 8
(472.05995857310654,492.29119826161457) 1
(483.3727458309119,950.4096520548501) 8
(323.34000409685444,452.875184485778) 3
(674.3223647585758,616.1003908129737) 10
(502.2516536936242,525.403314245541) 6
(953.8818072134131,299.82516049275756) 1
(854.4462742508676,355.3487691236652) 5
(758.9842319306008,312.2000444364657) 6
(285.19275474764595,48.60175305268382) 4
(43.14121290306235,513.9149449568779) 6
(651.2564445180185,686.7662567544281) 3
(156.75686237421831,867.5053985460659) 10
(137.18453200298842,0) 2
(658.2468625940751,512.5933371169951) 8
(617.6545015045039,1000) 10
