1000 1000
10
(0,0)
15 80
200
(490.4806645030957,373.016993837486) 2
(662.1172312121731,637.4387566041615) 5
(343.23595333654055,0) 1
(380.55282562728166,1000) 5
(368.9802053920272,273.79939083020565) 1
(229.34928464574904,684.824758614314) 2
(857.1498191630902,486.9093981086893) 5
(205.66048540357986,24.10149933750847) 3
(683.3435081895641,302.11164950516013) 8
(1000,470.1070283442135) 6
(192.4136124557524,119.14543788213342) 4
(139.48566600082438,206.5956986461124) 4
(208.8842782117295,0) 9
(1000,513.4702007494305) 4
(225.3372092525005,3.717745078909161) 4
(306.69716242532405,932.4137778432473) 5
(299.8037540601648,259.87460547244723) 3
(634.1617857440676,851.8318508574534) 1
(500.5823361713965,560.358192376132) 7
(409.386645880706,394.3548148822552) 1
(412.7400710056752,451.73076512658633) 1
(0,628.5184989772895) 5
(180.85846640972022,215.403822003514) 6
(463.18139760168407,450.05704914132264) 1
(412.9905277718424,288.0001659269786) 2
(249.43230381972998,707.3817746112634) 6
(413.7531350136994,1000) 6
(987.9343383242765,424.3918341818888) 3
(184.3115537980051,342.72953758344227) 5
(401.9234565738675,214.76908342760566) 1
(755.2908749633749,127.53363926713843) 2
(582.7488029718252,927.6606243421924) 4
(965.9554385184804,102.30376706783) 1
(1000,696.7548912602856) 2
(515.1403384624547,701.0645053907226) 6
(304.6743807339974,449.87322145899736) 1
(527.346136213517,207.85182702316786) 7
(424.02809977891144,880.9975748657268) 2
(404.6850933535915,958.1045803925336) 2
(964.0162340591951,341.9717977149693) 10
(601.011262417027,380.28196737558494) 1
(765.8779516154594,0) 8
(636.2194874150463,662.2084995123548) 2
(557.0049881176765,169.69061003040702) 1
(1000,811.5679012391649) 3
(389.837496592299,818.4769983056049) 4
(664.8186516434153,298.26382164990633) 7
(75.16752695285447,686.1382542435166) 4
(234.3519018336978,635.5303687443902) 2
(160.01798608758384,639.8980724915602) 6
(674.4492541789471,731.4866897824124) 2
(781.3470165040407,27.073535724362728) 1
(325.2833508414124,1000) 2
(349.1394823596704,613.174289955588) 8
(0,0) 9
(0,485.44998198037354) 1
(548.6372000820791,720.6432561680926) 1
(45.29205160840081,1000) 7
(597.8416418119539,1000) 5
(66.66568585280464,671.5341345774574) 4
(701.2829022689101,0) 10
(1000,902.2728215571963) 2
(0.24426501200878192,611.7126632377928) 10
(0,440.40003261830304) 8
(297.10104983255303,448.10892454637104) 1
(0,430.61035417952564) 4
(107.67464163271518,874.4735407602001) 5
(32.17090311708341,264.81625337781566) 4
(366.8386975860168,458.13328785540693) 2
(980.7680752623129,91.13691158351759) 5
(404.3422768822407,320.49178175593204) 3
(406.4351143400385,224.50706128233003) 9
(513.34621723048,181.95756325924543) 6
(617.7511988968693,0) 6
(355.4857428461105,947.0383954897354) 4
(0,872.8965268397503) 7
(498.99124089089213,604.9542462381069) 1
(0,25.44137096476385) 5
(540.7729876995317,170.74041313735785) 9
(79.82927525030067,0) 5
(0,774.4178592622957) 6
(673.1980669805229,726.9710330733229) 1
(527.806612479221,496.52716224830874) 3
(625.6337127770607,540.6924324342156) 6
(0,124.66883620100856) 5
(976.6815147591794,366.06150406668144) 3
(504.96883354620024,580.5514520144408) 4
(327.9299159545076,653.9853307419619) 8
(404.7960334166981,338.3872293325317) 5
(130.52607779114135,637.7107208749502) 4
(404.1543656820897,283.2944136502332) 8
(679.5251516241365,146.33048420750833) 5
(208.25174844755145,818.8974469926982) 3
(410.2104988545973,484.42262069961413) 2
(943.0906716113867,721.8677110775743) 8
(585.5846152613842,210.1601032123791) 3
(828.3658725869403,202.18228031847883) 9
(642.4990248723803,730.0320051141629) 3
(319.7811536129765,537.1345974782826) 3
(329.9106475748573,793.6174464684177) 5
(874.3102403878585,0) 5
(880.6019989812593,326.56478205349043) 8
(703.9963607128029,161.88196348024417) 5
(756.8337330780889,122.54219163711588) 4
(70.34647142516724,429.7553999618324) 5
(713.7656039444238,745.0187699179868) 5
(405.26947708511864,518.8829053325616) 6
(302.05799031402955,447.0233667163287) 6
(110.33871997572032,863.0622947904009) 2
(685.9461262750181,271.8494960997648) 9
(306.77867503531047,451.65353602139174) 7
(560.9308650697353,534.2325783975629) 3
(428.90075367087945,793.5210341380975) 3
(488.73014577956974,254.25840064107564) 10
(519.4010108030792,527.2406142556326) 6
(250.51560248572414,883.730576671335) 2
(271.83230103372813,525.8310696544796) 6
(390.0404917376026,772.7892016319478) 1
(105.11313164081923,99.53601859400953) 1
(224.98229994681947,715.0467240420544) 8
(569.5173448972799,318.5870233000769) 5
(752.6761658743372,986.1478348346095) 6
(498.2243558793836,408.2218836732861) 2
(227.75921742009177,37.766678951248196) 8
(0,1000) 4
(225.28349149753473,431.8946025651514) 2
(812.6929619307291,47.373906138301265) 1
(714.0356788119489,445.53122271628985) 4
(703.474075087789,99.59850083715986) 4
(252.15279646890735,137.5476646482398) 4
(449.152858531984,427.4694159203489) 6
(366.5990407817882,761.2740068217072) 8
(797.1985876792123,275.3955599427227) 2
(889.8638573631448,845.8374748037215) 6
(821.6007461005947,771.2081792343731) 2
(585.1471234048148,87.15093002109239) 10
(1000,964.0939738574298) 7
(111.40184727065713,605.677821788605) 3
(1000,370.61515545287125) 9
(538.9429251363395,0) 10
(588.4005262154498,676.3209415496171) 1
(295.57536835368387,1000) 9
(96.00864623562137,698.1025699830002) 3
(417.94521357615037,111.96456725399247) 2
(330.88735942105524,534.9706865454294) 1
(630.5997405508605,412.77190222840164) 5
(257.9445238660117,842.2292264019443) 4
(19.089138215951436,544.0388088153593) 3
(520.2694981812961,935.3678315892644) 5
(624.2438185215742,713.1093085989619) 5
(788.6048681746811,197.74336105374618) 2
(203.6210639178626,619.7800022748307) 1
(972.0484729324617,183.7347028034369) 5
(112.87402624786085,347.53002241950173) 5
(297.0999418090854,924.3925447434972) 7
(0,531.0638185287585) 1
(576.3539380452697,572.7094471508241) 6
(80.64090469539644,423.04525704481665) 8
(196.96353444458947,624.7449981736648) 6
(374.1699935030832,446.3009755512633) 7
(0,565.1700353379352) 5
(598.1465044332389,160.92008860373323) 6
(51.68385854183538,466.31597303178995) 6
(91.21369600922094,347.2663150955515) 4
(1000,666.4503299799499) 7
(345.8740508249963,511.69857061497027) 1
(787.3827888949227,11.361549664255222) 1
(397.0230603082597,656.9679334670002) 3
(265.78232509751876,396.21648558872533) 5
(0,732.8871404942156) 1
(453.66695829367757,336.0247550980886) 4
(450.44954057303977,667.2200077608717) 10
(597.1273711176794,181.4218692011587) 7
(626.519096635917,496.7605533459366) 4
(37.27912292677428,370.6070987727053) 7
(994.1295255714045,797.097794695754) 2
(282.44396239403375,791.7690642411021) 3
(607.4112655793933,367.396592428189) 7
(450.7776162219782,34.48945025866652) 9
(50.39643306277077,0) 8
(776.8272233756018,680.7450562273359) 10
(294.4280714076099,760.4098817467147) 9
(175.15263202190937,164.06588442151514) 3
(1000,216.23535440630042) 4
(277.2417994590403,784.8171638040415) 10
(770.299587831507,539.6401356971302) 3
(768.9033797900822,616.9128122711355) 6
(155.80227463349166,495.7785006489653) 7
(634.77560203812,948.1280527976053) 4
(854.552337357668,1000) 3
(206.78046985296658,657.5689816692986) 4
(643.3982840218719,938.173744993092) 1
(907.0229701234389,687.4176118127302) 5
(904.6507083448461,516.1835592663206) 7
(519.5641478942888,554.4941375965077) 10
(135.60552542171826,0) 5
(377.8148285861048,471.8823564211329) 8
(622.7418723969633,430.943373817753) 1
(335.57264141800516,1000) 5
(937.5897653171182,816.6473385700469) 5
