1000 1000
10
(0,0)
15 80
200
(724.2259893981275,666.3430372670767) 8
(696.0253761680137,174.38802343747926) 4
(669.1828633470245,514.0179516468993) 9
(739.6778891958504,163.50021991545367) 9
(837.1501863603,344.57608848505214) 7
(380.38437737850415,539.3929917674016) 2
(52.07636229823555,509.18595051089653) 2
(716.7654094316104,264.57601718480544) 3
(651.4821529263388,1000) 5
(568.2342027618897,235.01087069211582) 7
(314.56541995787364,0) 1
(596.7085842974657,0) 9
(954.7342220954465,0) 5
(590.5821508611859,265.5681860596392) 1
(671.6895002671732,0) 4
(849.093457964827,336.8816928583892) 7
(307.02252377709726,757.8957691271676) 4
(481.61899562883883,791.6559071654856) 1
(303.8834554371902,449.8220409212447) 5
(414.78243763062164,1000) 4
(0,217.4582961665924) 5
(625.9969555655364,47.30595348274045) 4
(692.1360297010434,0) 8
(304.1165534456927,471.5071633149533) 7
(399.1684274832223,31.910702429920207) 10
(689.8330973583976,400.73131774699726) 7
(859.3816824963255,8.4597865584293) 8
(570.4623930146411,223.93815551878578) 9
(779.4216552918782,683.2437786572575) 5
(422.9362265243939,401.44555398215437) 7
(447.49627926759877,785.2902016584244) 5
(315.23959241308137,773.7445227957511) 9
(252.79611800559158,569.9243476719364) 4
(1000,358.37831477648376) 4
(182.5747631640395,708.3121812711247) 5
(876.9945936554213,754.6701456502955) 4
(835.0415773959169,835.5793167852252) 3
(717.5611412029721,832.2325258652346) 4
(304.1497366616427,1000) 2
(415.8600525640528,547.9148081885944) 4
(789.1440108901982,471.16774191414436) 5
(443.00942466468746,854.3978714269647) 6
(165.9223889864822,770.6703064568253) 1
(751.5061658569953,479.2743290003631) 8
(713.4252325896106,298.4826452986226) 2
(1000,1000) 10
(193.01954220563937,242.79710573325826) 2
(804.3580714642337,602.9447876292348) 3
(647.9375108328867,883.0236946304624) 7
(978.4124095528518,573.8531764639614) 8
(266.76666049835256,514.8437009594512) 9
(623.9697405775443,344.069427198787) 6
(710.6624366052384,874.4607473052854) 3
(1000,434.5163739039224) 3
(895.0049779013242,793.2865299553805) 1
(66.42629062958304,626.2228820406415) 3
(383.19437761338384,0) 1
(422.7381355469747,278.5939340349124) 3
(144.64685539833619,1000) 1
(824.5196807589742,1000) 3
(336.89054827232394,301.9045878726744) 4
(1000,363.3885128403428) 8
(426.1393400668755,716.168590195581) 1
(851.3156134875262,663.1618708907278) 6
(665.5250057716718,246.62730090678932) 8
(760.2790700706787,713.6939871341802) 1
(809.9228366586464,717.2585746392829) 3
(641.3903463991195,732.6174028478684) 5
(739.6094586022507,641.2550799555513) 1
(582.2631086033298,1000) 10
(653.6519194977207,93.68259473415827) 5
(700.1617880262943,715.6734204966517) 7
(834.3568280361181,161.80369846676) 3
(190.4810090413485,715.076550399084) 3
(629.9656358756163,565.0695903767515) 10
(883.5678008432806,284.0273537777809) 3
(318.28752857206473,605.5575524622765) 4
(540.0678121843747,613.889706334207) 8
(573.6872408443525,94.2271957192375) 7
(596.0308020322581,122.48549652613951) 10
(791.2662625314551,412.4644877380615) 1
(519.2365000732631,277.79142272907166) 1
(149.24334377060097,222.18656555385905) 4
(688.9122032126854,0) 5
(964.579170133136,881.7056880333182) 9
(1000,0) 3
(518.4729891789661,510.8959153653935) 2
(616.9640212550903,752.3525968942512) 5
(712.9708404805674,359.43246495956555) 7
(36.17896379152444,424.6503958835973) 9
(278.83717667504646,328.85092169491645) 5
(143.6963747260059,359.84111049580554) 3
(951.3699102568239,870.4753082295957) 1
(1000,82.28637644892183) 4
(0,773.4079879873449) 4
(394.80761887198094,1000) 5
(138.8931968204418,558.0999571894955) 1
(504.7310217788372,60.364167690097815) 7
(227.66512170188975,266.7907504598504) 6
(169.94579861697275,1000) 1
(412.03841459202323,473.72632253682303) 2
(108.19638154388986,429.39400820553925) 3
(442.3532407818715,405.92302889644) 7
(63.53794665525044,784.713684038536) 7
(535.9626520313195,761.9453803922229) 2
(0,883.385765271319) 8
(0,580.9677236088892) 4
(798.107473151133,1000) 9
(14.327428193571393,198.7370706809079) 2
(107.02041488998509,596.0002089844536) 5
(248.14955850077368,0) 1
(638.843694747284,290.63686416415044) 8
(629.5462499769163,564.7808290984583) 1
(622.3891699679964,658.7720128183412) 2
(841.3852040014269,393.469524257028) 2
(56.624182333910085,726.9518086946277) 8
(736.0147299032199,587.3229551890594) 7
(685.2219435909478,457.57315787838587) 3
(603.4898345716714,311.24920522583255) 5
(521.5868124318511,914.7048308850104) 6
(13.154111117343689,357.5827435851361) 7
(886.7940316004926,375.37080641494896) 5
(405.4456497412749,430.07525643026145) 6
(163.75552803343066,1000) 6
(540.0839032947306,373.95818152590016) 8
(614.9425035152627,747.6397140898132) 5
(689.2735162091568,161.1465121363654) 2
(668.6839139242448,434.26217098472443) 1
(144.73491853015736,229.50477411862158) 6
(490.4907867805429,550.7267932994619) 6
(192.360938322815,875.5402246100591) 5
(510.83609324165894,202.3631867204885) 7
(735.4447943180542,515.0066380263385) 1
(817.1089087265464,0) 3
(544.9178052282017,236.40789110037963) 2
(170.67003038820474,730.1838419227344) 3
(305.98638898780337,4.282261968405919) 4
(407.21783465614493,1000) 7
(364.34535521601515,924.1087302533878) 5
(0,443.2290242612617) 8
(44.50000210440555,521.2500143494241) 4
(0,1000) 7
(469.184395198994,686.9850804376322) 10
(196.33666792496166,367.25512954485475) 7
(806.2757168352455,451.04263634374104) 5
(854.1086413609171,607.9734584609243) 6
(804.812513788266,566.0936652746624) 8
(57.66968677822308,0) 3
(702.7603482330663,0) 6
(648.4542141143324,605.9449632600922) 8
(374.35742082428425,274.8499312925354) 3
(842.9069351304854,0) 6
(652.4990284786466,719.7471718098379) 2
(307.6061080015124,242.56215971687345) 2
(418.32570861489967,536.8943898413131) 7
(934.4534529284164,467.92419061169244) 9
(613.4380659324962,652.7315545659833) 8
(316.56181530328286,4.170275507335305) 2
(663.3858971852383,80.0191924459462) 5
(551.2004401736726,559.6025299783146) 1
(192.22137294671404,727.2437474949168) 8
(872.253093973138,862.5007847781771) 5
(438.04906542319793,826.3593434913296) 4
(174.6203137813108,444.7599650379278) 8
(306.2637620012947,761.6910795414593) 6
(452.67125860712144,594.7294668265884) 1
(537.3115627128442,139.52605539395483) 4
(839.1587688891741,199.53548550178823) 8
(831.9943045059335,420.4681547824536) 7
(1000,386.59213959564806) 7
(60.96653749341965,781.1137851844064) 1
(402.20904537341346,333.757542693707) 4
(568.4598288492588,752.5307512185489) 9
(966.9859708738693,400.44044303618057) 6
(726.4546814540913,838.7912885174599) 3
(158.8755464621649,167.56845171177355) 6
(329.11194917600335,29.915958291111224) 7
(633.4870951951087,369.86421742498146) 3
(1000,728.3784655240809) 1
(714.434653169001,493.4448588102618) 2
(505.43323966324976,651.0622252466733) 2
(830.144809304895,186.57579517498868) 2
(749.4361237299443,592.2653312509566) 6
(0,177.03879242191078) 4
(137.28861473791216,196.32683184438037) 1
(402.65724729112014,736.5471664666546) 10
(807.5566180445078,286.1089794798219) 4
(299.8519062159592,336.4037099690263) 4
(240.2670306529306,1000) 1
(594.2102447778138,1000) 2
(815.7608661193559,1000) 5
(395.9566266207431,366.15234904563795) 8
(315.3759355412408,649.0947191841623) 4
(427.0177985817617,0) 1
(192.24070176616067,331.9722245040057) 7
(153.5635227186837,0) 1
(681.1235731397387,673.5315469128918) 4
(694.3343522345583,627.2910524513736) 7
(352.60681499914415,228.10221924606122) 1
(895.9923159794325,1000) 3
