1000 1000
10
(0,0)
17 80
200
(609.6787104852185,399.64747120921635) 5
(202.98303768140147,241.2330433202182) 1
(371.406781283551,104.1373152358359) 5
(701.2743979215938,698.0941096608265) 5
(719.1448256777643,1000) 4
(839.283943659787,521.3640802227726) 1
(0,30.820152510323055) 10
(0,603.007877158111) 6
(838.8955706625434,246.89975188434806) 6
(812.0324262506458,891.7455335314946) 6
(713.7563354444438,377.49819439008127) 4
(533.009657685144,308.1464859631801) 8
(365.2747376374539,440.93987341594766) 8
(862.9141316982624,316.4058670741359) 3
(394.57791944946916,660.2480088383259) 2
(198.9060224843829,8.032799203174818) 9
(126.29624149862263,612.0064419068028) 9
(1000,284.4747280899219) 1
(955.5014531561577,789.9935324896675) 5
(501.36862510078566,663.4030958692988) 2
(423.0855698701238,766.8031250711842) 5
(288.32270129052074,252.11119005683975) 1
(678.6445418083379,671.3560960008447) 2
(1000,539.9902929013406) 4
(829.984724200864,932.9662970529101) 10
(0,590.217364492828) 2
(594.3742738325071,193.43647963073846) 2
(609.0167942090576,196.42605442667082) 4
(275.80180475366797,0) 3
(184.49381043582292,426.99523716312945) 2
(875.5790027988771,560.3628405730185) 3
(927.309763839586,901.5510156213347) 6
(625.8072694585785,457.7261517694215) 7
(258.8477262441264,497.95682659840105) 8
(1000,377.0455902705639) 4
(0,486.48508648679496) 2
(295.62554868164375,224.9483459221592) 5
(756.7178583587998,378.5771931432759) 6
(719.4372620686156,1000) 7
(57.71192652298208,138.78689536398673) 3
(0,0) 6
(151.44480823390654,728.6145141546876) 6
(407.69432038154997,76.46835967100549) 8
(992.3435096042043,721.8089852201668) 3
(0,329.6481766337756) 4
(611.2571175020051,694.3118692520085) 3
(390.4856091008002,446.1634420637732) 1
(586.0069895436021,613.2671764560058) 8
(0,1000) 3
(236.1723898371298,1000) 1
(482.89045616876433,638.6266931203023) 6
(426.9261563991933,322.25320775938656) 1
(403.7385687837512,209.5052772965871) 7
(452.91526208109656,935.4731300789997) 7
(1000,506.42729534970385) 9
(0,675.1801853251961) 5
(348.9897254231134,466.9643744583208) 4
(239.83663125925102,445.5425246827921) 3
(668.3998678556877,175.64812257739925) 6
(439.4944855054961,333.83464065986976) 2
(373.889941272935,388.784376480133) 9
(405.34332256788986,843.5277661814034) 4
(452.1114958755551,738.7435038677968) 6
(443.10599003745057,161.83477583372894) 5
(572.3376914678755,1000) 8
(872.1097565643181,486.33574616628744) 4
(649.1502555395138,238.1120037755611) 1
(807.4102766046401,504.8787153781858) 4
(664.997713105332,0) 2
(989.4264649591357,336.82162272223826) 5
(305.5936174225486,267.66564655388845) 1
(0,576.084984360071) 9
(1000,0) 5
(95.75743630778476,170.7322277781376) 1
(1000,174.06973896549192) 3
(532.3665294065953,575.569932349717) 4
(43.882516134097216,711.8503502159983) 10
(470.85413788581303,522.666890300177) 4
(0,28.57626813654292) 1
(235.91863607094263,554.1798064899767) 3
(589.8214365466359,1000) 4
(488.6433797598032,529.3663842739031) 5
(397.41286563048146,1000) 9
(244.0144322278224,281.5372684807913) 2
(894.3695895517798,782.1191322023617) 2
(536.3504207530021,841.3442537386911) 1
(596.9489058569003,842.6573938767215) 5
(456.7164260361671,853.9799098629311) 8
(798.809636844185,1000) 6
(485.50232720737563,875.112264222213) 6
(760.9921957834806,0) 1
(352.8966989067985,261.9580624450498) 6
(1000,33.43684421191847) 5
(865.228620851078,833.6678472876882) 6
(1000,572.958202390447) 1
(761.7235290280344,806.1371331964585) 7
(395.98741777762075,4.71763499256798) 5
(660.4815724220905,164.69439652937837) 9
(32.38645056427703,212.66621160105257) 1
(626.9102188376984,510.8081696560801) 5
(0,962.833006577195) 8
(373.5163080129387,834.4145628895661) 5
(119.33803343059316,748.9223754604432) 7
(565.1098861735426,909.3753819512713) 10
(129.88430657784323,467.12827547221826) 5
(302.9265791929891,430.0429907178155) 3
(713.773066274554,710.1950094599342) 1
(400.01925883726324,0) 5
(145.6096371831764,602.0548997886829) 1
(123.16313435585869,1000) 3
(732.1310980532337,335.4934536166344) 10
(326.18150603821425,639.8430677858468) 4
(661.0480206742899,281.5193969817153) 2
(495.92346986668883,896.3950652411199) 8
(904.5122719913136,175.3167836766828) 1
(307.77316534278873,323.76606439615136) 5
(444.4985065294562,309.29699587988364) 4
(544.506927329518,415.48578505710555) 1
(545.8990861384693,470.13920699060185) 5
(273.568644192924,721.1097598278191) 3
(123.16880090481601,181.2355306624823) 3
(493.7622379036814,1000) 2
(453.76950777168724,205.92043293978952) 1
(432.95643252664524,905.943923390609) 4
(1000,446.6422707914013) 5
(296.0460029718957,443.08246863501904) 7
(959.3867178918224,497.303510049726) 8
(657.1978003189992,1000) 9
(566.1377327914184,0) 10
(380.68002187594595,761.7912474765751) 2
(1000,147.35530645282) 5
(100.39086615276682,43.423962293962916) 2
(698.3265431317526,213.3560370248257) 2
(497.7390756957854,253.9397335105346) 1
(826.8122804623213,156.05234247569973) 10
(872.5624222081287,587.1102864018619) 3
(855.5898675397484,566.3520399686035) 3
(290.35278016495545,242.80563665063545) 6
(455.488909774854,831.436487626173) 1
(0,661.2141208863923) 7
(483.6189517882703,788.7032299123325) 2
(677.0549098773859,855.5704842996699) 1
(644.0005857976506,595.1435452942707) 6
(1000,431.76802894293746) 7
(721.004260101167,183.58461230958528) 1
(850.1649293244964,541.3794543253051) 3
(418.409445747655,304.6922884635744) 7
(856.9631228196282,654.5537940340796) 2
(0,298.796564849398) 5
(1000,883.6411939655272) 4
(664.913162632303,384.36478671646483) 2
(540.2250296676336,540.9268004713995) 9
(696.882692447926,749.528689172369) 5
(260.8376732773523,647.6795616291798) 6
(638.6159993638948,139.92086614370135) 1
(661.3864414469454,47.755241421769426) 10
(88.22951440486321,467.5951210965473) 6
(231.87608371320323,462.6537513023877) 4
(786.6053790611738,722.6353387418287) 1
(127.08304914287726,825.3123311089162) 4
(370.0201596433133,79.00515659024524) 10
(695.0076568383904,347.03781006432257) 5
(436.6667571908809,398.8449659890029) 3
(670.8111462601559,0) 7
(603.8597527000974,1000) 9
(1000,1000) 5
(63.47220562715012,612.9564244820309) 3
(616.4274057398677,542.6433239867944) 2
(621.5420170674248,606.4723485027936) 3
(638.8228187005482,463.96111572760714) 10
(96.3809330472784,654.9926253139015) 3
(891.4449273702148,515.4487069872233) 2
(713.837962488009,448.1129797574008) 5
(53.07042570783466,563.6864630436421) 5
(663.499316997371,1000) 2
(500.63058787497084,731.2320374872986) 1
(909.0768022878638,498.9241924143216) 9
(292.59732426407714,0) 4
(469.6742912874989,825.4757071112974) 9
(1000,330.8061477128045) 3
(675.5087498468484,11.685336722828936) 1
(832.7959633332996,380.8608791981819) 8
(1000,572.3259295695606) 9
(436.2054892603464,651.348891792206) 3
(0,436.37384025001757) 1
(1000,454.336343713024) 10
(654.6802151554205,416.3430040764649) 4
(707.9525519409268,950.4336937874103) 1
(533.9359410062934,835.4885269974666) 4
(178.01044123612365,379.6502791515947) 7
(691.0900072300026,571.2780391486367) 8
(602.9576688803653,683.9325100458444) 2
(916.3888818943675,428.1530230755552) 10
(657.8889519926101,555.3572998829154) 2
(154.84922765136633,369.0826273469575) 1
(333.5753360235831,963.7413394788323) 4
(315.1590504021716,656.782082758298) 4
(1000,532.3268322066119) 1
(2.0357058435463387,419.87346495327284) 3
(410.90055201780586,903.5217820988767) 1
