1000 1000
10
(0,0)
17 80
200
(0,427.0443188133062) 6
(465.7337085647255,627.3513458541637) 6
(315.2253764017372,641.0586064012296) 1
(244.19279542958552,350.8207600896515) 3
(228.2423983903363,119.32856849764056) 10
(255.65306920431277,256.33437702075463) 4
(674.4669640719525,1000) 5
(556.5127434401479,207.25609715243087) 1
(551.5256047675357,88.92601600196474) 1
(1000,16.647076941628484) 6
(951.2694276560931,534.0301841024458) 4
(185.1739395062446,272.2354777104999) 1
(73.22192737888304,825.9318300653692) 10
(885.7760774068488,333.80521227335714) 1
(418.2548723781788,677.6084072911741) 4
(237.32767678846818,477.91519765666914) 10
(660.1898018525702,822.4958677328277) 7
(217.4702212947647,336.0282238671066) 2
(745.3473834568379,631.4250313981893) 6
(593.5624154944749,533.3045185388364) 4
(216.344594444993,658.6979150575003) 10
(478.95244592937814,541.3703606614) 7
(250.8000895207475,960.1796141904017) 4
(1000,507.1540136381801) 10
(495.73356753102075,169.56965475909908) 7
(432.8263985932607,534.5129350305107) 2
(328.9039095759887,309.7651480077347) 8
(848.3992570137336,593.7933189626451) 6
(1000,626.4822514560099) 4
(694.8201932736627,61.11576054504758) 3
(191.4551272467877,0) 7
(35.04840593871779,701.7431341802096) 4
(703.4474974217621,588.4453221045902) 6
(562.5780299077188,283.389946574532) 1
(1000,0) 4
(532.9562887172431,679.0656417956735) 3
(692.2311103889053,1000) 3
(429.6445684439451,1000) 7
(36.73040832993968,1000) 5
(120.58193321016756,108.31030161654951) 6
(167.01154148796422,268.4874715796893) 6
(487.82172475702873,394.4676481839406) 1
(529.6143219730272,613.9360197313734) 3
(358.66778316028325,828.339009913664) 1
(331.79219339039594,795.6604258524461) 1
(201.64831483085845,298.52688290835056) 4
(231.45517516452077,560.71686278709) 2
(124.98292546232682,80.02976632083363) 9
(420.987973535606,602.086379974123) 6
(495.24573861621775,547.1345899723675) 5
(1000,277.3826476931173) 8
(569.3328057545433,241.69197467729998) 10
(920.931939562736,292.90259521114865) 1
(520.2593758040335,0) 6
(0,396.72631789028685) 8
(167.94468599152594,670.7130129575526) 3
(709.523728374488,1000) 5
(384.00214231434813,673.6580589009216) 3
(919.0777304718351,864.5588331869758) 7
(0,689.2694475497906) 9
(281.79360813756387,614.7910212363515) 1
(728.1524388233015,592.1415038434106) 1
(616.3061361583166,409.2406289087968) 6
(693.7424904832876,337.00950751130335) 1
(170.5318003427692,1000) 5
(850.9366875240318,374.78922325740774) 3
(170.52155456166884,642.9424893780251) 8
(766.7448294754047,155.48666916480846) 8
(722.1547151029572,816.1690685572217) 3
(832.0671565572261,906.5398660181936) 1
(152.98579536191158,695.1889092869217) 5
(168.97743863181097,148.6614073234764) 1
(337.7676716253321,743.5878087510894) 9
(925.6772848231519,560.6374523620361) 10
(670.487062329759,395.9158040258668) 6
(431.9485024296022,435.39651809430245) 4
(637.4409187658832,612.056536501154) 6
(52.98621363398104,645.6510415252187) 1
(1000,350.40725933144154) 2
(277.66826517731477,749.5182192202024) 4
(624.0946598113753,354.33329729342654) 4
(124.09317406869377,769.5447616456245) 6
(949.448285694737,34.75457716128807) 7
(711.1615119640719,579.3398252012432) 5
(493.24783606049556,866.2013016245462) 1
(15.318065295853216,74.19804221192419) 1
(420.8609401656015,648.2242837668371) 6
(728.8785916665053,594.7355277362984) 8
(571.385385452349,668.1123393993012) 4
(837.8715186978212,557.4585522765469) 1
(412.1313955371192,339.1318408783593) 6
(0,485.6088158784743) 7
(262.86303445000175,877.6098777358336) 5
(0,501.74084853082945) 3
(928.1024540459512,985.0437959877931) 6
(51.52995668602341,928.6610472082036) 5
(924.3394908733586,460.68880518798414) 7
(86.79168527335895,440.474648155848) 1
(131.14794080897877,883.4086739535458) 6
(857.7437804821504,965.559115138009) 8
(423.99698277648906,543.4972868854438) 8
(370.1655411101707,742.1578911837665) 1
(420.9354021754481,128.11002443036472) 2
(261.6809987724021,704.7335594243619) 4
(128.53898078018142,755.0902668637923) 4
(969.1149326527462,621.9018831832001) 7
(198.8055017619585,113.05531291462341) 3
(275.3109226664411,670.9367383803598) 1
(800.0006458439832,505.3972040120571) 1
(911.0038768198949,1000) 3
(333.8184276785711,574.8446399229704) 10
(300.624003960294,566.9094194913407) 6
(800.6305222077672,400.1148264998053) 1
(719.0306836399913,432.8280141897944) 10
(48.54111255028005,0) 4
(36.10408050609965,951.0201155392555) 10
(396.6456250012567,754.8036650809281) 2
(557.6448544917597,642.3158163049774) 4
(1000,259.7400207580629) 1
(876.5486029070646,186.84170892329865) 8
(791.5416347059142,518.2100515507043) 3
(803.3622536125961,392.3271390346097) 8
(319.0942400348795,940.0659789267149) 6
(499.28356855845,0) 6
(723.232972961117,188.0120460111807) 5
(346.23191552402,850.8976840397788) 4
(251.67255638640404,936.3154281478287) 3
(687.6814308842659,496.70422040208416) 1
(550.537636888636,999.8850301872857) 8
(746.2771906075984,262.9692721785596) 10
(554.276145622973,623.0942733975774) 3
(191.44154763418874,439.621567464393) 1
(557.5169609243804,233.5185593575688) 4
(681.4240039479997,0) 3
(332.4691651254491,636.6347602834493) 8
(701.4335333437418,844.3613923083665) 7
(584.0603546830605,952.5748287229935) 4
(136.14598160572802,278.10844246331453) 8
(166.00844723557873,0) 4
(922.6777322686237,913.9019751301399) 2
(545.892772346166,1000) 10
(120.22141698525331,619.8658877661231) 3
(599.5844130416025,837.3585537116453) 4
(121.35464086301033,1000) 5
(876.7793916756115,224.1850802202096) 6
(595.2018080018939,114.95493448715217) 3
(1000,330.64683496645057) 6
(396.372515433176,795.9173554259789) 6
(347.72407889927894,404.7252045366067) 2
(395.2556146530143,424.1569148079254) 8
(695.4435419411395,1000) 1
(564.73780826722,505.3246439981328) 8
(610.4533542929508,502.78972153857063) 1
(460.0588177973073,278.66901364194723) 6
(0,292.6425570676614) 4
(626.3030370581147,343.93597551003904) 1
(636.4597089249529,265.5454719339981) 4
(298.7946521165693,29.742910790063775) 4
(342.76589873358955,480.4753067147587) 6
(496.4573297897525,28.01648322182143) 2
(154.20487410770193,822.648567645937) 8
(937.2653695211668,101.42870383810782) 5
(601.072924966394,301.89805507829243) 5
(1000,266.69043156709074) 5
(481.90271608248827,789.4382061691344) 7
(46.779712632607016,879.4799640776265) 4
(741.2839843125978,0) 7
(321.258691293835,814.132149365089) 2
(698.3820813969442,537.8898428234361) 10
(751.6451695050173,425.59595530697413) 8
(354.8543839123515,366.6020113592466) 4
(593.787248395958,303.23263735658054) 6
(678.5018489805329,616.6013438651369) 1
(179.30785731834828,0) 1
(227.1250194356075,535.4419138997789) 6
(956.6550000372731,418.8170289510997) 9
(581.324462588792,413.21922273030674) 3
(593.0157513796916,501.8374536717077) 7
(595.1806078130318,0) 5
(0,712.9125318129736) 6
(627.8915624911483,53.88800254426366) 7
(650.5720482746203,506.5246237334966) 8
(740.8904239702115,919.5062291585573) 3
(1000,165.5965569635718) 10
(206.63194519677694,346.2865076108901) 1
(67.53909696421647,1000) 4
(443.84723701878823,129.19924999901133) 6
(660.2006422939312,806.6080427252717) 6
(124.26761685544835,757.8387159212175) 7
(182.03697689565593,950.2169419116918) 7
(574.7368956323875,835.3735497345376) 8
(522.6254286256893,457.8508844643894) 1
(651.324318913637,947.2597001730467) 7
(607.7890813616259,239.07444985994994) 10
(836.007973182185,692.4845592729562) 9
(291.10663987248495,577.0727330019325) 10
(673.9625640912438,567.711871823939) 8
(588.7524712907352,649.6598699146443) 1
(614.5910328444834,784.0323219475706) 8
(1000,156.29392162287968) 8
