1000 1000
10
(0,0)
17 80
200
(54.429154687741914,319.10257280425253) 1
(354.91540715459973,1000) 1
(409.7478377590649,496.269955252283) 1
(401.7711529397451,0) 4
(833.391712403899,419.96203486504504) 5
(461.71129720352997,882.9493214859546) 3
(429.3253046901251,350.1962789251604) 2
(430.2475006431067,116.17621045148212) 3
(500.67600320845514,821.479223955849) 1
(891.5374021635663,634.353990756803) 1
(941.090877598473,550.0239636070442) 5
(939.6897627006899,889.2348238602192) 8
(533.0752548747985,349.44428780930593) 5
(749.6594250143584,267.19867247382035) 9
(75.69977835888193,470.2302874526009) 1
(328.5999220938664,965.1617212765423) 6
(645.0886736800221,306.1941273147853) 6
(207.783745758561,551.1286198410596) 7
(148.82693821473833,574.9330216826486) 3
(416.53143357409607,230.06919392675167) 8
(24.023600715847863,275.6926110056281) 5
(750.8805435943352,1000) 6
(1000,139.53165284820284) 4
(704.1065091298337,478.92299010488233) 5
(677.4961462260388,0) 1
(1000,855.7266485803624) 7
(294.4686850760637,987.5954959744683) 9
(595.5561109333516,19.749894372932147) 5
(638.6558142910942,670.5042429594288) 1
(166.29314909947698,26.467890881044752) 4
(825.8983279114385,142.9246709976848) 5
(667.8067993155295,318.86667240210727) 6
(405.8677584743447,340.8515624247689) 3
(404.5064402508791,202.42211939092402) 4
(210.26877998595273,911.5027823198398) 6
(229.21815668230641,199.16734496223194) 2
(534.273227102797,706.3213901005926) 2
(172.22339338599704,548.4052712316525) 10
(634.2398871391849,0) 5
(510.0322200652117,974.2745333294838) 6
(564.4888042603126,747.6409839666634) 1
(730.6422703316027,344.99639177677864) 1
(481.38814960372287,595.8248442264926) 2
(0,91.79014691441262) 6
(570.642317168628,889.4301075366006) 5
(182.65632795337672,1000) 1
(46.785659412995074,856.7047726109686) 2
(325.1683610870184,882.6654256482761) 5
(97.99935086587845,136.71307869057273) 1
(98.6835491295472,216.81109585510092) 1
(539.0503481107235,690.4014812518606) 8
(611.873516959448,643.6584000831407) 4
(762.5616262206681,889.8687593917809) 6
(368.58458764817067,1000) 6
(713.1426800589645,486.0399071923279) 5
(571.1514558450274,68.26535937562375) 7
(680.0069680190965,285.19833894737485) 9
(578.5989796641888,1000) 4
(638.6298229389502,809.688816807253) 3
(261.58885419941544,105.62698741606738) 8
(428.1400309305457,707.0194796689269) 5
(800.230136984581,782.6694658835031) 7
(781.0762251014834,295.5104476407449) 4
(350.8363719800925,65.07201334372627) 1
(0,378.7817472754425) 7
(27.1364555812807,420.5058672894774) 9
(141.59590910572967,381.57385234155146) 1
(281.5957319466433,195.57455790324906) 6
(0,654.9282402911603) 1
(402.457498358768,276.5419920790034) 10
(0,551.9032509828822) 7
(285.816179583483,176.40546228061123) 10
(725.6783048168227,625.5936232791822) 1
(545.3739298825519,900.1517346020826) 8
(0,241.94687171869026) 9
(524.241019776765,709.8082826126246) 4
(1000,244.33092711565996) 9
(385.00714553921273,1000) 4
(526.3272300611463,487.7588381928672) 10
(683.6149151741658,213.76772011627514) 4
(371.0704179774456,0) 10
(256.77718506961196,200.8793799871939) 10
(778.2666028464893,263.15177910749594) 3
(614.1504436168592,554.1484889303332) 10
(263.8587891377332,83.17162689114053) 8
(788.0767288511842,262.4460416039716) 5
(694.767343182301,323.24951112237426) 2
(1000,666.7598700774282) 6
(497.4020769666707,702.93033868765) 4
(663.0124638607581,398.16972199359174) 4
(629.6873554100102,653.719826227559) 2
(1000,854.6514879692314) 7
(49.60542700633067,772.3429582519532) 6
(230.32134831051218,130.7735556237559) 6
(98.7089268165821,0) 9
(0,564.7236784214537) 8
(469.2376500937691,448.1497198085143) 2
(395.563693877385,224.0787431052159) 1
(655.056025555406,470.1836327771506) 7
(380.5110664510591,702.321553383686) 9
(480.17869921697627,292.08471363954436) 6
(364.34957987338976,116.30053304869267) 6
(300.7158446334844,450.81211148110276) 3
(464.1462752920387,473.85652479634314) 1
(1000,966.2666158053971) 10
(335.56452069261286,395.7690293920613) 7
(518.2237487157246,670.0894268997853) 4
(1000,394.2114170271931) 1
(624.2549175284934,872.3571356222517) 7
(432.8840607320967,748.3914560624012) 10
(621.9629737600848,403.43145515545075) 4
(420.1689260912079,316.53178619510004) 6
(461.17610306094446,803.9510508602332) 6
(9.77096379187833,42.854564304937185) 3
(640.4493593797108,122.26578857313268) 4
(644.8591513293816,623.332137662533) 1
(1000,644.9156037653863) 5
(316.88531138705343,137.25990214520527) 5
(24.332007731501278,549.1688637006009) 10
(483.54248364005184,1000) 5
(128.65707226973097,673.9608252361982) 10
(593.5855009367491,354.10228906338716) 2
(614.7949653107253,365.4038606808966) 2
(259.4528685025241,0) 8
(443.38051314838094,636.8443290444395) 6
(941.9002451941896,669.5154641505164) 8
(696.9730952183432,1000) 8
(140.15775999872693,642.3077340372348) 4
(310.3962035721215,1000) 7
(178.46038856536103,528.8693072161564) 7
(508.9014592365579,1000) 4
(447.45564545772334,674.0557401443446) 4
(471.5579464024268,723.6356288629821) 5
(586.756630822347,280.25887812743986) 10
(706.2203450222407,788.028869970515) 2
(432.53126706135015,501.7768608753088) 10
(585.3501453504177,683.4856895542814) 4
(727.1458525590054,206.15264595385122) 4
(846.3613195039293,327.2994060056701) 10
(0,323.15134459579497) 2
(593.4459291636236,501.00881304115245) 10
(177.66854060408133,683.6264922406216) 4
(1000,70.52554863758883) 2
(0,890.4351525215393) 6
(154.50621953620265,1000) 2
(0,483.7693083947983) 1
(422.4128670466232,311.78820700369266) 3
(831.9978565946637,954.6185482004163) 7
(1000,649.745950026954) 3
(346.5186795004447,768.7959755535485) 4
(520.5007619526135,136.36816236393378) 4
(816.2886017062601,828.6920168489793) 2
(762.0969958388405,605.5999753853358) 1
(594.4556926054473,591.9121563463951) 5
(1000,506.2124114948407) 3
(511.4391655267308,926.5878186544924) 5
(542.2830364985696,874.5203378518736) 4
(248.48899180429797,454.24421116798754) 2
(295.4019450519447,849.0737307627437) 4
(159.38758736005224,0) 3
(516.2361740020226,8.396177880060804) 7
(414.99040324862335,229.55099246374476) 7
(1000,651.9574755866012) 2
(529.6455985546874,726.5278440315758) 3
(35.95163772299236,100.18228082953681) 2
(310.2241236649189,211.9612841551151) 1
(362.53236374584003,625.1738185681936) 6
(555.7298826376567,723.0433755751728) 4
(130.81713380755576,452.00401694812865) 6
(597.248563699019,223.9951228949996) 2
(198.6287366472581,966.437045842573) 5
(622.2229175533545,867.9976855640067) 3
(734.7539020777048,735.2381005057925) 6
(1000,894.4320164412868) 5
(306.41144786797327,319.74671868062615) 3
(940.9074682152966,673.7179541748479) 6
(796.8751040455268,615.7669146283214) 10
(103.93568375938435,216.45292163383715) 7
(422.76362087849134,123.95538969183241) 10
(407.50417173657013,213.56912707093875) 3
(324.1116197979753,303.1701588094829) 3
(803.2175749641976,0) 6
(201.80509289430256,199.49529983384565) 1
(240.90035834756014,89.14861183884864) 4
(613.7934232381316,460.88849241900846) 1
(269.7104759524651,223.66624518888318) 6
(0,735.5050694628708) 8
(645.537737327848,61.393533823833195) 2
(315.3965395718557,608.8895628417079) 1
(630.1576034848189,98.97478406943043) 1
(0,460.40388393739306) 10
(245.5100241338463,373.29465200598526) 1
(691.3041545968765,857.0705346070671) 4
(379.0637077571416,608.8711035368044) 5
(748.7371644774239,149.2327974322733) 1
(0,109.18283103395311) 5
(889.6997681645344,0) 2
(812.5026231866825,266.2196904214758) 5
(637.5029355995531,817.9353591365651) 4
(404.17226363414306,643.3702879436166) 3
