1000 1000
10
(0,0)
17 80
200
(279.52096901035645,309.912694439334) 3
(161.6913954281514,924.9714533801198) 2
(907.8308986443323,424.1609824884364) 1
(274.3378925405432,491.7947727580556) 6
(427.43533517953006,457.473581705961) 10
(799.5207075039508,636.0449042576895) 10
(335.68979805061053,214.20753662943258) 7
(1000,842.8774580947363) 1
(649.6147615206567,712.3123846072018) 3
(443.8290384983555,1000) 7
(1000,237.84478638467073) 8
(150.77294394899388,0) 1
(277.11854894892963,881.3786992533959) 6
(539.505082343762,702.457985504773) 4
(583.2933446891707,40.601592921910026) 2
(1000,240.23689448193238) 6
(113.98618969112977,942.4339640880936) 5
(1000,691.7959978895404) 5
(888.7438103769125,628.1499747021751) 4
(490.7834611188894,753.0859318723) 10
(559.3957135642526,923.019396983007) 7
(228.86779322449365,463.42673869982946) 6
(1000,481.31078926443365) 1
(340.85760945318634,859.7657019695403) 6
(143.13719465986736,206.14954311068527) 7
(666.1207790116624,593.3609505265157) 6
(488.91724962091746,372.97720871285435) 6
(1000,398.32283028891425) 8
(623.7288176843673,0) 5
(449.77771072392983,800.5389139616607) 4
(309.4200125304783,450.94785864485937) 6
(535.7624673121957,495.42792040295484) 7
(233.03116494420516,514.9332943471142) 8
(720.2048695907927,345.67227666085387) 10
(533.2795721859322,875.4911666619157) 6
(0,286.4974889438685) 5
(69.26059706497506,993.5100246703855) 4
(801.7929459731757,308.41123972072586) 2
(568.9304951528795,686.2220454558185) 5
(1000,546.1564967941583) 8
(639.1075459034756,0) 4
(42.230103788321,0) 3
(709.2489138024191,406.43460532238555) 1
(786.7977987679592,982.6151529951735) 5
(596.9814734105827,177.21614140923822) 2
(639.7866595511707,714.41795931252) 4
(1000,828.0405306903051) 4
(0,781.5899554203868) 4
(0,32.63522038916744) 3
(98.20648428461163,105.79395778575503) 5
(863.720068906963,302.98993639663547) 3
(1000,522.0413556270599) 3
(592.4024724316398,673.3889595951118) 8
(850.2910471488347,883.1652796771001) 2
(131.12523156045745,1000) 6
(838.7273559280436,512.4937106081567) 8
(420.27691586480506,1000) 4
(925.6276433238188,207.39283476965375) 4
(328.14297286911665,1000) 5
(287.29673131782295,359.069374793883) 8
(0,544.35108529881) 4
(0,88.39135279778202) 1
(0,655.9947840455266) 2
(441.0603342533324,589.0530451004738) 4
(823.6475467282322,664.2645818630244) 1
(988.8747524121388,303.46731595791107) 10
(141.83021581624598,432.3065562594393) 5
(144.42800827922184,0) 6
(501.85251618585306,97.94887760505378) 9
(553.4226695730316,706.9715022514807) 7
(0,303.4282499274234) 1
(1000,738.9892049860379) 5
(683.3133253252984,0) 6
(563.3765220319094,204.68025842763439) 4
(241.10461457929478,0) 9
(229.06464475134777,110.74979145245493) 2
(549.0349649023854,575.0754756311476) 4
(517.255886491156,367.97970807468823) 1
(765.680682664477,1000) 2
(398.19695081888244,0) 1
(87.97501203177796,118.54587232439582) 4
(364.5293800608797,804.4965789480918) 6
(710.2065699690529,487.3076830957065) 5
(205.47768318602596,531.7902072683178) 5
(1000,598.3137997326826) 8
(1000,879.9002773107904) 8
(618.6927213491578,384.24367166797634) 4
(344.35708831236207,684.2660373800547) 6
(320.19697630811186,289.8438671925348) 4
(93.4825028069954,383.43500888134344) 1
(281.03561592460017,849.5276240026149) 3
(326.29346554747275,382.66292030982453) 4
(0,887.0671235561357) 7
(0,465.6176075706945) 4
(357.9385408173411,336.1761093908285) 3
(609.2579065499788,542.5864189533546) 4
(808.5005134682406,477.68908971685437) 2
(100.51435465910276,930.6028475380306) 4
(686.4707574267669,337.50493978020853) 9
(1000,827.3917199206614) 1
(533.5326802242912,156.76155831668234) 6
(301.78230966483085,189.92619762351563) 7
(755.9620416421591,754.7645939827787) 6
(139.1304216484321,466.38722368342724) 1
(0,188.35620558216277) 4
(702.1894732399732,287.9300445680478) 9
(917.9077454715891,470.54935682289) 8
(241.31196465228766,569.7870876611878) 6
(945.3468663020363,1.6867029620112248) 1
(640.1797659264444,8.660181692593767) 10
(733.7272721029453,98.90424958779613) 3
(895.8686307410645,618.7820323672163) 7
(561.4827164749944,474.99397011058636) 5
(473.65714837454095,198.83187629731026) 3
(718.0998240546913,466.6634079080953) 3
(431.6764387372952,126.27553352908325) 9
(280.14465578651647,715.9027537991212) 8
(497.22672104455194,735.7303890514436) 6
(224.62530419383273,548.884857292887) 1
(1000,176.87045263227412) 7
(322.08673774215447,643.1787932103277) 10
(444.6627035325239,890.8656606637081) 6
(799.2391841759791,92.3209102133925) 3
(282.3848679507846,829.4403103276854) 3
(259.77801121355674,796.9103827378722) 3
(735.1924858462471,41.55868595946953) 1
(1000,746.6315815928147) 9
(180.19469528030436,1000) 10
(702.5837724447017,350.1941728872782) 1
(738.938206291068,833.7759157111122) 9
(192.93701482702556,608.7005437639721) 4
(786.2216328586876,514.4676142817015) 1
(981.2946224948149,228.5224737448545) 6
(459.8009099562358,560.6015651675848) 4
(503.87053119856233,864.5830107220868) 8
(458.83359182728486,891.4649434244985) 5
(462.1146202913154,534.9080448922522) 6
(1000,351.2274665484366) 2
(786.427096873946,19.00106507027226) 3
(100.3264378403702,334.3562817285007) 4
(483.4472443007023,67.26549245324486) 7
(1000,515.0675921648947) 5
(565.1563905141425,204.17695137479006) 5
(672.9464976476705,334.1684523948093) 9
(846.4332985903667,0) 1
(558.7500858552332,584.9824976284264) 8
(279.6027772009618,584.2986138002166) 7
(269.504264596569,600.9020012451681) 3
(547.8639686182454,985.7955045534759) 5
(319.2685743010224,498.19490356964826) 5
(462.42046129943753,289.5354275641112) 7
(519.5633839447756,199.22690885352625) 3
(758.450458197655,491.34957251863574) 6
(371.3057101325039,185.67489944454644) 1
(723.1118306114233,610.3829783637069) 1
(101.42479280323579,882.6779783372973) 1
(296.12690814540855,356.1841288814561) 7
(600.6617773234616,876.5495328011282) 2
(842.0034136686832,691.7983582465488) 3
(993.4764414976112,990.1270176278503) 7
(1000,474.56831116377055) 8
(868.9423528755731,409.4993408528095) 10
(263.1278740148356,621.9012581155797) 3
(237.66923589486106,227.89986566812377) 5
(454.92742799439947,1000) 2
(783.169928123833,362.70061283929977) 8
(408.48929768303896,959.231913641781) 3
(747.1562686038488,493.5064585396907) 8
(526.39339847248,597.6234523248837) 8
(1000,560.4086128275856) 6
(106.48244147947815,0) 5
(76.88615992460086,784.8622388349629) 1
(779.4156518589157,1000) 1
(0,867.5845242024391) 3
(477.18872959135103,249.8715485757811) 10
(13.94579056689571,0) 7
(829.8143486119548,1000) 3
(1000,198.63948862505816) 3
(0,0) 6
(316.97042420363334,532.8288889838457) 6
(607.0854131144016,242.35467720487077) 10
(286.91606357047255,0) 7
(223.26116836444362,220.63058108526747) 7
(1000,394.01343789068414) 3
(495.835150965079,481.31553998427256) 5
(276.52402138275306,1000) 3
(825.3102673106416,504.9505969271774) 5
(0,477.2510989713395) 2
(0,405.5617135594546) 8
(877.5779692928143,322.34190471816487) 4
(502.82371614822574,0) 5
(70.09230212869221,538.9851521677557) 6
(272.2589761960263,823.8631299076619) 1
(978.0083855671012,303.79645573165556) 5
(279.85675313223567,938.2173689478418) 7
(377.1255986095747,611.9530988600187) 2
(847.4543792051109,791.1458936147857) 7
(443.5771443299089,76.89180304269684) 4
(1000,1000) 1
(585.1340482164532,385.0610279942989) 1
