1000 1000
10
(0,0)
17 80
200
(367.4804155076861,598.48888178416) 1
(366.29117567983803,320.7682481456849) 10
(196.0648018104019,833.2457218595375) 2
(632.3581562966004,350.0257653678076) 4
(0,802.8567229949296) 7
(425.23907646000237,0) 2
(492.2370124904994,972.4741701104431) 6
(452.5907689676676,208.2723616297656) 5
(354.8415913868686,93.11695942456493) 6
(0,63.993191496877216) 1
(199.20777353811405,0) 2
(0,227.0623188794849) 5
(700.8330283362021,380.81602528041896) 6
(706.7518316068478,492.5833558150063) 5
(226.52952546149396,198.59946885129574) 1
(179.63219513145765,935.7596259967581) 6
(495.7079903654516,532.9770468305632) 3
(223.54860320760417,336.3359871838574) 5
(646.2998028984384,476.16403957473744) 10
(951.1977467997349,361.7778841106321) 2
(161.16832962460427,11.872124982160301) 4
(1000,40.56583012277258) 1
(742.9234546090006,889.3116633510524) 5
(346.8602863497939,586.7887705839106) 4
(827.4208544984945,552.3586974935444) 4
(468.42209138245465,774.9624339616001) 4
(694.8964438060104,665.0642194209058) 7
(407.87238292055395,111.70996621460176) 2
(0,556.654596236155) 1
(415.7289262448543,666.2803596969314) 4
(701.3270364875738,516.8666855123196) 9
(523.8935269230053,484.6013576173527) 2
(473.9448649549103,454.01140275049465) 8
(491.19783674011836,757.448146933448) 10
(243.80834749880796,907.2372371723618) 10
(0,284.6901889958259) 2
(24.918464673641836,152.78307359523336) 1
(288.6129646379163,604.4597094642015) 2
(331.36962363335056,421.21185704260904) 2
(838.6885899341128,877.4121457113633) 6
(835.460601953899,867.9705815965905) 5
(205.11726171780805,799.1379881816749) 7
(714.8117472035538,638.6030119554509) 6
(92.11377391337516,509.6401412151188) 3
(847.6522765087193,511.28951723094036) 5
(34.206882571369306,764.8846546371038) 10
(384.1578276934577,445.1865614617922) 2
(488.90190941142964,289.5017436609873) 3
(1000,328.3197382890926) 6
(480.6225321144837,63.87094080428869) 1
(0,642.4362627132537) 8
(913.1494662907514,210.99072829914275) 2
(878.0191675546027,810.3818943142046) 9
(761.2154400137338,115.57491851166486) 5
(0,849.1771260352607) 7
(491.1790410499877,805.1380444368683) 10
(0,627.1169799547077) 7
(1000,1000) 4
(418.44703174235855,309.1169543371372) 1
(1000,161.63510372744662) 2
(475.11522085503304,46.23615510908229) 10
(903.1267980630012,149.6546279352246) 2
(129.77853684068623,1000) 1
(253.34254079950367,358.66891029803764) 8
(456.4963715975183,171.8120292235908) 5
(322.1209993028236,155.0088840516854) 8
(354.1589264570154,161.32237688791207) 6
(666.4099917967432,330.55222993033806) 1
(925.2949861369091,620.1580402886414) 10
(814.7659656808838,399.1346960183163) 4
(734.6803649258026,725.7058840861141) 9
(592.4770880693894,301.7075226724932) 7
(900.565994667767,995.8724428505943) 10
(585.185576381339,544.8242134035172) 6
(0,1000) 7
(231.49477121839482,583.7298565422587) 3
(774.7963784326736,42.85103927291709) 6
(409.03194866976895,939.3572061757441) 8
(548.4561262789954,853.6170034027083) 4
(708.4110148226298,311.0526099837736) 4
(470.75378613819885,832.5218057149214) 4
(712.4584037594879,696.5818667620297) 3
(149.99998900923265,196.91686356106504) 3
(267.63458484866214,588.6254377563998) 5
(697.9602934565515,260.47868259190886) 2
(862.4092277310563,191.6000918820269) 4
(542.2248753465365,79.16342371492999) 1
(1000,239.9556785236988) 1
(1000,547.2229733152831) 1
(0,842.8691712383609) 10
(221.42181523700856,428.56674144493036) 1
(320.04015400193146,0) 10
(233.9512889564777,661.2819785637903) 1
(1000,559.9167740117324) 1
(481.2189770917831,584.3573079085469) 6
(80.75194085822227,602.5393339294909) 1
(503.8118435783707,210.62774304515182) 5
(495.9593962420749,83.50817958827037) 4
(610.144397601569,131.22662384822667) 6
(547.0609731419152,275.41148221975754) 7
(99.2919671957913,0) 4
(0,541.8220482040845) 6
(751.1104962074597,891.2597839955326) 4
(598.7638931759795,498.3714063945343) 7
(918.9037644303187,801.9206839538879) 1
(257.1261953492773,275.91618796942714) 5
(690.6587970342516,0) 4
(299.8117351681572,562.4447713152304) 7
(414.13962666092146,313.2428956849193) 2
(0,214.0742944918946) 10
(625.1459128540114,763.9511864289343) 5
(684.5651952411118,866.7766939506988) 1
(549.9341414578108,580.6944556246049) 1
(494.90474353999394,584.9273879437678) 2
(444.7281660865497,460.11306980767773) 10
(358.9571101861454,839.4508211981561) 5
(1000,285.0466457896666) 6
(80.3953948917129,603.9653928402669) 2
(599.4821328209331,397.28411599870594) 1
(0,0) 2
(903.9602733928484,466.40172582224517) 3
(0,835.2338488492071) 7
(141.21031659011595,738.2291878852275) 4
(435.0214172113338,693.7123296622195) 5
(204.75535152692714,164.65010638481402) 5
(0,465.0882987304389) 5
(339.96517650512726,391.5971117272459) 10
(143.68028307017232,96.82285448108956) 6
(202.54737854408177,144.36733776607758) 1
(309.8958135425245,313.707096701962) 10
(758.1299339376953,70.6589575215778) 1
(566.5711908215438,773.4967376556615) 3
(525.3345304244783,600.3910071696558) 4
(542.5888538225372,409.30561236296717) 6
(377.7812407028774,437.76083147188365) 6
(680.4278835934738,509.34353944520524) 3
(691.1944073954276,1000) 8
(0,410.97511486840824) 2
(201.4196976880354,676.9088936177428) 3
(608.3894527747567,826.0797176291012) 6
(66.91948394634807,533.5574275381612) 3
(407.3706547873903,676.269215422172) 5
(308.810612834037,312.8454890187682) 10
(629.4172264390456,698.7596636652986) 5
(503.8252405649364,552.8808147623673) 3
(425.62002841379535,217.2026026606846) 4
(812.5244583311471,394.257450705396) 8
(503.198668908158,1000) 3
(0,181.7419258579381) 2
(264.93799825487406,461.87489607864427) 8
(598.5791094519789,23.217424020062765) 3
(260.70039072683494,353.0960895154684) 3
(543.8267891643371,786.2886831719195) 1
(1000,218.44189952676294) 1
(803.2684946450674,758.1226085166222) 10
(477.15041484688646,580.9725514351858) 3
(333.51492875193816,694.0461573312537) 1
(1000,152.60021633179218) 4
(697.5900576317322,130.91770705323643) 2
(312.3346474043133,0) 10
(770.833314252624,447.8645413682298) 5
(156.16380981314927,757.972019504284) 3
(560.8879629049009,732.8608405795356) 9
(992.924082348286,633.160171904515) 5
(758.0998333628324,988.1682618635805) 6
(167.51712937416448,467.91993034250567) 7
(673.5577191004945,376.77416104335776) 4
(634.7270664239226,584.4652564516907) 2
(645.9317060575204,725.0082985282868) 7
(494.44774297399226,720.5692195567178) 3
(344.95932102744547,577.1022947725785) 5
(892.5202770452423,30.514224817764216) 9
(517.4346817463202,0) 2
(255.6732164517441,425.4370710970582) 5
(1000,503.82603390247493) 3
(246.4077833497644,967.5449996523823) 4
(237.2459061314433,739.2114453925765) 3
(466.27129004263946,30.769640944897958) 5
(506.3089442593771,762.6322199565755) 5
(327.4640030323917,604.2116779988279) 4
(871.9059853101974,771.8913038062454) 2
(329.11820180082583,0) 10
(1000,571.4198483004617) 1
(263.9012102212955,0) 4
(843.5901679296645,439.7396637765727) 3
(366.0885530933254,291.95607504883844) 8
(0,309.09165455309784) 10
(813.7447667188416,725.8167214636542) 3
(525.7045479026327,573.6565051444173) 10
(541.3265151322927,625.1430381558866) 1
(481.6488123297749,173.07884561321634) 3
(538.2470040262663,473.6814260466137) 1
(738.2992683198472,728.1959387911791) 1
(19.821865312087937,907.2302531115959) 1
(883.7258712657359,386.64445253649626) 3
(870.3719968187332,598.8785068766006) 1
(769.3132483603215,457.162482360463) 10
(398.48385352131277,481.0460582151409) 6
(873.6545737871829,200.4142929478632) 5
(904.4389630986432,588.9063758829164) 10
