1000 1000
10
(0,0)
17 80
200
(984.0569311063553,212.67415596407847) 10
(466.96364741189944,212.79198340396158) 10
(74.00861500358747,524.2322945753684) 1
(0,177.15747556284828) 5
(419.4237875293019,937.6536756155824) 4
(228.08952139875817,190.98964219873085) 6
(670.2849509185216,13.651163166895742) 3
(389.0392808569336,574.669901053474) 3
(800.268895645928,628.9366715840779) 7
(335.06056399202544,519.8972046804726) 5
(176.27985184750383,409.558852674676) 3
(435.4677464822123,389.9424074797361) 8
(322.28750457065485,501.8521632256725) 3
(479.4052528855494,189.76569420833948) 6
(71.1484081287075,1000) 7
(516.7092699174731,417.5781233764715) 4
(659.6394461094873,934.9892895504047) 7
(605.1745131871614,695.7548194635615) 1
(518.217799643172,0) 9
(68.67710868810536,547.7060538461815) 3
(532.4535428446951,321.2173079887201) 1
(258.75963433710626,734.6294306098187) 1
(318.2670135369774,869.1975981272456) 7
(351.51527705088034,533.3429740070972) 1
(822.7346519696246,0) 3
(528.281565225625,680.2325275286715) 9
(247.18619711723846,563.3851041822724) 5
(597.8861940982233,508.220737491498) 3
(1000,380.8397295538984) 5
(222.2689473552494,522.8124959244171) 4
(877.7865994788608,385.62276134240665) 1
(1000,762.9132622421395) 1
(299.351382893569,767.2366783168059) 5
(152.32399452589942,704.1564343166916) 10
(539.6199643489601,556.6928188330234) 8
(480.68603153325756,183.86709814405873) 1
(63.8504897807959,502.0957746958684) 1
(507.8585820463953,239.49690362493118) 1
(165.0282604962871,571.70507210254) 1
(829.0662939748032,484.7562571529245) 1
(801.3461550864617,1000) 3
(10.75623871090113,315.6306497628126) 10
(912.6461168252815,84.88769537498257) 2
(736.4202682971445,320.23609488604325) 1
(895.0327815654983,721.5355671496769) 4
(570.5016352148036,0) 3
(124.27786077947525,438.05537367196206) 6
(594.5721600145516,573.8055296808734) 1
(426.920965886279,693.1159557010171) 1
(408.41784194638456,402.11288598449244) 7
(721.8445673100007,761.1625599885218) 1
(0,972.7776645231104) 8
(386.33010145239484,72.47673604645252) 1
(108.2546473711746,593.6043706711637) 6
(639.7965685679728,228.74534181051882) 7
(428.16833794201386,666.6501216575325) 1
(430.07458660455677,184.40664140840153) 5
(951.5785908597288,1000) 6
(776.4681022007021,279.6779488220184) 10
(513.984581063465,264.66525188855246) 6
(564.964274904732,802.8340839631271) 1
(649.2026001979664,55.84135407903062) 1
(256.33591238642464,910.6447688789048) 7
(682.9505030213026,315.7106896194301) 6
(346.9130884296488,642.4971818823929) 1
(0,585.9943281129488) 5
(477.6553235263892,188.00132408592566) 1
(207.57162520562525,737.0647261093918) 8
(805.6114630441701,640.5545369820395) 1
(217.21434034344287,1000) 2
(850.8096798480576,671.2458316470018) 1
(767.0930942239638,855.6924977880221) 3
(437.1520601475024,482.4216815158338) 5
(757.5226775584938,587.4006224592878) 5
(534.8017334509542,0) 1
(54.627495633548676,667.8823414363954) 7
(733.5188336832537,0) 9
(0,818.4108037881351) 1
(654.871202930058,539.1885822537805) 9
(380.6928752642829,584.2998157142287) 1
(717.7583097317479,480.2872965306699) 6
(559.8880520381456,647.3559453761997) 1
(295.40059918892814,780.9939529097799) 6
(382.77914456931677,322.66038191621385) 5
(860.2566736618313,789.4953085369482) 1
(229.55241869175256,660.5656705666167) 1
(916.5882822433591,394.0831947345211) 7
(983.8721134029231,142.20986785007642) 7
(648.846538608204,509.96036663070345) 3
(7.224984708411171,1000) 8
(299.0940821908198,322.53951711406023) 8
(675.3168408423418,728.3247185192912) 2
(725.5521626969157,323.6335590651779) 3
(1000,0) 8
(614.471143695093,139.54136512615753) 3
(637.4914069928352,0) 6
(705.4991532225922,0) 6
(725.7757865615237,274.2693441251432) 7
(1000,573.7863719339183) 1
(146.73398369759497,1000) 7
(729.347410414772,773.0555530485669) 5
(575.8316077751501,451.66426555542154) 4
(650.1883643206396,0) 8
(630.409001107876,666.0855231669445) 7
(529.8880996600192,510.7570557449425) 6
(855.7135286764678,404.8225126325605) 4
(457.7052120564766,154.21370030131084) 2
(485.9964489689252,966.934166393211) 6
(588.7366731941958,450.58069382108766) 4
(352.31339209476573,277.515463713686) 7
(609.494585790654,305.69897196552836) 2
(854.1667419322652,379.69888227584795) 8
(21.776690970958782,626.2875075375139) 4
(523.5026824797723,1000) 4
(0,0) 7
(1000,206.29776279538044) 5
(259.69353636923427,326.022993717818) 5
(431.39691993713245,423.4966852204665) 3
(464.4099345086396,299.3007314985429) 5
(273.03002808858673,509.05385518200313) 2
(807.9241115073861,0) 7
(911.0667159199007,454.51240424767) 5
(604.8914562306212,761.1414404409948) 2
(655.0188417609327,2.4134129532363886) 5
(0,114.25595766554119) 6
(342.5483447682543,486.8294145628407) 7
(477.16033794707687,195.82363832736382) 8
(957.761406286081,287.8795537355412) 2
(195.77416273693075,605.5183108248847) 1
(685.6499974124885,660.9220987498434) 3
(125.56819061390178,335.1585767637) 6
(50.12883716702606,761.4716321377091) 1
(252.96554048193232,452.42590093106776) 3
(764.371551605543,1000) 4
(274.47257110271624,298.1846075992089) 3
(460.09292938050163,1000) 9
(621.4411452042834,676.9968922814194) 4
(413.68564281699776,630.7823057505526) 7
(382.81870476821007,378.76478530248534) 4
(133.68306436170053,1000) 4
(493.17196310312744,516.1179852591059) 1
(453.79280842232413,909.6183709329157) 6
(261.9449138716997,499.8942196985414) 7
(205.38090690653735,868.4662903892363) 1
(0,289.471004801983) 8
(248.99265869731337,741.6613277194795) 2
(785.2493453996639,391.38005953881833) 4
(872.0129570162114,210.80188786149722) 1
(559.5067505931374,102.83508935221278) 10
(418.3448091376499,51.25332635934069) 5
(86.9450915781444,562.6902956744987) 6
(1000,139.20703308922248) 7
(492.5955403801018,207.10331569903667) 1
(201.9960094480523,941.8044132240591) 3
(609.1907515680762,1000) 6
(148.20076457779948,934.2287977129844) 1
(788.9701280615312,294.57045454998627) 2
(494.57369822550464,430.017081482742) 6
(487.6431367593274,588.4767781663847) 6
(714.6092052041741,1.954014222822309) 1
(485.40630770696623,779.0444290360672) 1
(931.8239566500147,0) 4
(333.5354571421433,909.6612053408546) 2
(560.1813379218635,567.4507831795148) 6
(0,242.97592722775067) 6
(376.2235952996507,0) 10
(0,578.837285704449) 3
(214.61378416440147,758.736178999894) 6
(545.9174663474478,1000) 2
(410.98728682971694,691.428709529751) 1
(433.9962938622583,327.93202445853586) 1
(857.1161517829661,518.8960306139649) 3
(621.5906580122696,1000) 6
(472.9608771747487,695.2078136503903) 1
(787.3713774691238,579.403633064751) 10
(564.0179080154071,508.98666194573264) 4
(698.6944697321167,714.2902955514952) 1
(675.2965347033962,761.6867070610864) 1
(793.5324703322917,0) 5
(631.5156170082257,676.2245858060886) 6
(702.351259353889,532.6317947978512) 5
(1000,538.6524526540918) 2
(108.43665504757979,216.36451477125252) 1
(103.97990015575942,253.18492460044797) 3
(368.07727182232395,631.5734162939029) 4
(634.2910122833202,326.3556346580947) 8
(1000,380.3276027773654) 4
(308.3922413237069,400.5014406379124) 3
(374.0057202861034,743.5243148804165) 8
(390.82062556464416,821.6012633194787) 3
(716.0574941133685,712.0656623131268) 7
(534.1673905997374,837.8484645610955) 2
(419.4691282710271,245.2628205611864) 4
(840.0013196950556,643.6962258159867) 1
(704.8249272888802,588.6621328009754) 4
(496.98903024148325,248.0979433943916) 6
(822.8723682696491,314.2140630339676) 2
(639.2911887491193,429.9085396915374) 7
(451.82359227540167,1000) 2
(796.2838122367918,890.0833750389622) 10
