1000 1000
10
(0,0)
17 80
200
(248.86768718848157,821.4495891019196) 7
(832.7816393900333,436.90375458988626) 10
(385.1462954414588,883.8170763275375) 5
(600.0952099838611,270.3641290010567) 4
(250.5957016125005,271.8442273878404) 1
(364.0929260117347,1000) 2
(271.50554898573375,474.45200396921564) 4
(745.1858036219835,285.46972557303883) 10
(410.8413001970224,357.90347560708835) 3
(313.21570241035016,492.13509047643953) 6
(677.2498779206841,1000) 2
(525.9074608774467,276.87270477637065) 10
(127.27409035882846,391.5953964624195) 7
(508.34561370703915,232.92163120858464) 1
(73.34730599291458,1000) 10
(610.1851460599073,571.3059768577526) 2
(479.7279035461399,601.1254905347428) 10
(1000,527.1409372352156) 2
(884.5861047168546,168.82053710905177) 6
(816.5683989982845,1000) 4
(986.2481008749096,436.1418511053739) 3
(101.96905594630596,717.1403538512059) 7
(1000,342.4452867263548) 8
(750.4276056510923,0) 6
(511.16318167281287,546.1386488369448) 5
(683.6167088764215,931.2848925921007) 1
(502.0081899761045,467.64403846292953) 4
(534.6035652139653,342.38465802192945) 3
(492.135520181398,0) 4
(490.7740453317107,104.8611766426601) 7
(349.2217474859583,0) 2
(521.9697595176742,0) 10
(711.4654876929294,510.8520684809129) 1
(64.12024434320625,608.7010148937977) 7
(106.08769444581293,543.7432266429007) 7
(267.5931645409843,737.6807600094492) 5
(738.3223505891004,653.1967953206014) 10
(322.9972106432973,546.6019188451594) 2
(0,296.6667726592409) 3
(534.9875753663729,560.8379064132865) 1
(994.9089669810326,889.8553267990421) 10
(381.01474665794836,211.84330623616046) 2
(1000,387.33767074380864) 8
(769.0639078049057,812.1590591705713) 1
(295.06372956001314,760.509331076843) 3
(526.5338425596188,67.3327743745038) 3
(540.4034508735131,80.32983353295793) 5
(576.1180414480409,450.65547852157977) 6
(0,79.03289034230346) 2
(425.3779453085964,330.28558970629285) 7
(1000,581.2399038801581) 4
(471.80986237087126,272.72968456379544) 2
(529.7943184029926,493.05421135083753) 5
(728.1718553799047,474.67734617166275) 3
(148.33063498191206,447.38428058926996) 10
(117.433288921925,436.5914941895726) 3
(855.6648772649952,569.9692461724377) 8
(614.3499058781761,953.6220339807574) 10
(48.974597149707336,45.749276631733494) 3
(707.217758661743,396.06617149922266) 5
(51.216325494753846,763.2812692796449) 6
(360.07612613518165,0) 9
(262.8026125507423,161.24138172475284) 7
(741.6062552067442,0) 5
(96.0330886925259,604.9291774259577) 2
(274.36484348909534,810.0056169204965) 3
(751.5648860892876,778.2772192137697) 3
(438.7912355748993,0) 4
(683.8887709524209,225.56606555478976) 10
(890.4757343261117,233.50157181043033) 3
(378.51097722840586,0) 4
(322.25179961333237,130.50259661228512) 5
(721.9442346834703,1000) 9
(534.2320544513556,0) 8
(405.00052296404033,0) 9
(558.8358892205403,892.1378733867018) 4
(515.8271081841759,146.54051157222466) 5
(772.9521984799806,1000) 1
(883.0641070108561,808.8688238484228) 2
(449.27259907704956,1000) 3
(349.0535152035191,500.99653691257544) 2
(743.5548269873854,0) 5
(14.351394443944116,588.4783615554702) 1
(734.1865926698322,126.05528142166509) 2
(620.0472164125197,254.37643842629112) 10
(169.78398996510447,310.6037632612365) 1
(818.3325201950965,107.93123708161886) 6
(323.39121120274604,607.2861776722789) 9
(802.6910137185067,689.4509301077496) 1
(406.483853388534,83.30898038390427) 4
(710.9852480021707,187.1459423663038) 8
(208.8754331914423,268.6761704027749) 10
(0,857.3507579400023) 4
(758.2382758938506,693.0501560479862) 8
(403.2409886922893,237.43580901021312) 6
(759.2025161844008,30.830596051558246) 3
(62.741134249183744,556.6758313613451) 3
(444.3709025006989,465.7633993244436) 7
(10.631409394615048,177.89386139140106) 1
(350.46822312547056,564.6759553338593) 1
(221.0609721330116,232.60608733074451) 7
(179.80514440995313,649.5024996350852) 5
(231.33766571186516,999.4356909466488) 10
(278.94488561947765,570.9668010045859) 3
(144.80586879621558,240.48616925891486) 6
(118.56953255784794,509.30516303024615) 4
(468.9675110641137,1000) 6
(236.266726823794,456.1757077757956) 5
(569.6930508538663,991.2823842527876) 10
(720.8966402406984,466.16835101814456) 4
(884.6735169040037,511.5480128492426) 4
(300.8377899686392,26.097143293091676) 4
(553.7562710400687,403.69781338156935) 4
(837.7860224276616,536.8146357877779) 2
(931.1763728987522,448.6871903782569) 1
(408.4170230776973,510.0366765963926) 10
(633.002476717273,313.18563284179254) 8
(126.60390777729913,461.1658808299127) 7
(1000,759.4224838318817) 6
(490.9008375055212,287.408347624797) 4
(600.354918501416,0) 2
(835.6517288699233,305.81556629903685) 1
(973.9900820016273,406.49375757751386) 2
(13.529910254513084,380.68675009242554) 4
(1000,315.00726012715353) 6
(774.1210236577175,150.57895543176517) 5
(832.331779930861,0) 4
(612.3134456899382,651.5425208193922) 10
(74.78948592167916,486.5594821634076) 6
(486.87202258862203,662.3333488721962) 1
(665.7182134823364,407.2286362848438) 3
(652.61018328467,444.11766746346166) 1
(479.7161383307775,526.1337262450046) 3
(658.3625919106794,602.6182805140695) 10
(193.07420139488744,782.284388608625) 4
(597.1483574417744,939.8032432628318) 4
(577.9182037952095,1000) 4
(498.0190690176148,174.46147947059507) 4
(0,480.6808119118015) 6
(661.2159661616644,1000) 3
(345.62815557487414,841.933111566762) 4
(945.9620844943682,863.7652152624445) 1
(651.0155134349828,707.3520518528696) 4
(185.4000686561128,547.1856960461473) 3
(374.96465654146255,702.4885922169893) 5
(214.47844572124717,668.5364761751778) 3
(66.67612278379721,829.6100734685169) 3
(0,402.0225465219623) 7
(694.6974005208209,191.28113509419796) 4
(392.1434128062303,157.53551188551182) 6
(371.2252476444271,583.2853581569443) 7
(722.9298088899842,735.2699184317966) 1
(0,621.966205092464) 8
(726.7097988060118,404.8875587273996) 8
(1000,485.6220090193981) 5
(517.2339239944142,382.101159039876) 3
(0,0) 10
(892.8651121240964,50.950658284770384) 4
(519.9195419000997,89.91393402912854) 1
(230.4147117065187,407.23227102665237) 3
(995.9411832716783,258.4853138014878) 8
(597.5672262512842,853.2574739864226) 9
(528.5696987862372,250.36921712733198) 6
(927.1436761393604,463.09032118194017) 7
(0,585.9760026882159) 4
(544.1331420115487,0) 1
(497.9843745257327,113.16367174823205) 4
(436.2179387566688,0) 7
(725.7400178449359,572.2884138100011) 9
(459.1549221004719,60.264259247720645) 8
(497.9482301509773,932.5000972532694) 4
(0,75.04488631129095) 5
(148.1471698082231,0) 10
(311.91829852428134,447.63157909884086) 4
(845.8914586158926,0) 3
(596.7152933951395,1000) 4
(245.78208805753113,655.3174629440607) 9
(616.8172097597524,416.66382831979195) 10
(270.3661561145355,386.84368629228607) 10
(215.57472954770355,734.9204670026559) 4
(355.37350360728874,667.1105125437878) 10
(0,966.6478004855169) 6
(1000,916.2413391968565) 8
(429.49385518108573,588.8244594933775) 6
(1000,758.7132705830466) 1
(870.3110523819366,158.18143940826332) 1
(169.0330300767913,384.3821465953674) 4
(353.66297649270973,0) 8
(0,744.9591873122089) 6
(965.770801592442,748.7722113422655) 4
(0,331.55909327136817) 1
(989.828042827201,0) 10
(0,619.5517217596495) 1
(856.6587356143878,419.190068628455) 5
(662.4394170118097,810.9942207024466) 1
(597.5028334202514,0) 4
(598.019690313742,766.9667630642427) 6
(126.69626195766926,54.43917341663587) 10
(44.457365803123764,473.77243197749954) 8
(594.8018347344045,312.96169767272886) 3
