1000 1000
10
(0,0)
17 80
200
(450.26246191681486,506.0913153255226) 1
(199.41869735478377,440.7452378401768) 6
(628.5627854507061,447.46795814722526) 5
(444.5475360006178,726.4758927792218) 1
(941.2650976126438,570.0248503422592) 2
(252.30136030197875,737.1249137599851) 3
(96.54378251726979,57.37663310441627) 7
(834.2877231390735,314.2527644447999) 4
(564.4086081381339,387.26759242562156) 7
(369.59331643475343,416.14387119367746) 1
(704.434939705763,401.5254476206977) 7
(1000,1000) 7
(207.39302743590468,82.92234510052651) 9
(331.2331549185981,586.4126218683097) 7
(663.5928370387105,1000) 6
(449.72003534895043,877.2374725904908) 1
(646.2589074552538,107.679429976042) 10
(159.27265904488803,0) 10
(676.9441798695268,605.1195450715162) 3
(660.2107968783062,174.6184072414485) 3
(625.7606154620347,348.9675245397108) 2
(422.89802676898023,929.6879640398988) 1
(401.22149971663293,369.7201943268536) 6
(410.8312703308202,323.5211221798897) 1
(922.0775705667124,453.98752901592763) 1
(0,58.8029087325412) 4
(0,677.6061853728038) 4
(471.27320348400696,0) 10
(627.917975182737,1000) 6
(477.2686485392612,524.09326085296) 10
(762.5186796663372,93.29653643240437) 6
(417.0107440167968,473.1102664485102) 10
(474.0408388789301,978.145196891385) 4
(1000,223.49436176205728) 7
(112.66415473622823,735.2906518787732) 8
(168.56776888419552,118.09030043853755) 2
(789.1853412347359,526.7270748366789) 6
(421.9587087808891,608.5166874729352) 1
(919.8804038199746,477.2719455423577) 8
(331.97126482665203,722.026034379464) 1
(0,403.36547932583454) 1
(885.053765891618,84.97041739816103) 6
(0,810.2585892424856) 1
(735.4598328836846,398.4297013922522) 5
(704.1370074436156,575.279750127178) 3
(270.6565540708592,995.8714077319644) 6
(400.91719031388214,486.25823655120354) 2
(12.515433767399315,449.59932699065024) 7
(435.2725218689241,352.9482302788134) 7
(180.78283647060783,0) 3
(0,989.5205850632017) 2
(633.3681699940919,701.3399147768321) 7
(455.88539922038694,231.3574578752328) 3
(173.01644500652276,317.5214707888929) 6
(114.68879054538672,160.83163752892176) 7
(1000,653.9482799976163) 7
(396.1860390907226,475.03556734792033) 2
(555.9081472460266,561.7171698650844) 5
(408.9221776853186,895.552362125442) 7
(366.12621821722473,82.01216522751537) 9
(812.9622725041081,186.91677904648992) 6
(1000,18.085074553674815) 2
(489.8392935518513,770.8616211591795) 4
(324.2458542883937,991.1515378759257) 3
(768.6120146643875,757.5085440511596) 1
(3.7187130221639677,529.090158407526) 7
(609.1395467227082,458.0954746729547) 7
(98.20857896550126,592.5573289437668) 1
(241.60435725207196,465.7458212664734) 9
(487.3994568990025,380.7544938045186) 3
(474.0366371688171,126.34400652362655) 4
(339.1572421141542,373.5394894707115) 1
(474.3358381518158,240.4474480648655) 1
(452.69952899800336,978.9423544470981) 4
(1000,0) 3
(392.933911755707,860.1492536749579) 2
(579.2203126000214,291.73919469742043) 7
(362.71785792458303,537.7933362911319) 1
(698.912966099562,248.89330437424493) 6
(390.2206479285032,808.4275475835836) 5
(558.3705461414337,368.4833892300246) 5
(728.6366587475223,297.6277218903407) 1
(0,345.4744990680516) 6
(950.9520593874406,466.0537847393056) 4
(126.82778491047947,718.4040960552633) 4
(566.1252645562847,777.8241900286525) 6
(0,374.726270272739) 10
(480.87858407472226,661.4162991235806) 3
(639.4709461297105,652.4530251458071) 2
(509.40699247637554,530.0205016819626) 5
(1000,339.56610304694266) 10
(0,543.7332146646396) 4
(451.2990756625259,421.84123251011795) 1
(534.9570270039258,277.28131921159957) 9
(244.65975031923958,156.27366815213122) 6
(190.2529056368549,697.5449097859203) 5
(858.7114284793329,239.72146624021718) 1
(297.87720179476196,315.89639670045597) 6
(412.14620887569805,851.2058256723067) 1
(0,142.95051091596628) 10
(735.0928216978598,728.4301412345999) 4
(0,1000) 2
(508.6812077514424,236.25963320370357) 4
(236.86391450444626,380.8176256955951) 4
(1000,894.7575359536902) 9
(158.15279964964532,511.49095249570433) 4
(882.1699190356811,996.4508732943139) 3
(261.41056434425764,892.9508681156856) 5
(337.4819971902846,292.53773930891623) 1
(92.23014515773417,295.90644043566977) 7
(0,447.4879569425794) 9
(51.83403065158768,152.61693357388322) 6
(815.6774166226385,767.2064206588552) 1
(792.6968277295402,864.6430395286513) 1
(427.1331623121632,1000) 1
(270.366129759017,537.5014863959905) 8
(226.38600059348897,483.437991356199) 10
(985.3015007053122,560.0718456074984) 7
(683.6066182447078,614.4992620686426) 2
(465.60387318590205,381.2928274185175) 2
(637.798799698682,368.16441307574996) 6
(311.7417487461896,415.05955239738984) 1
(0,195.06728182749765) 6
(686.9545676777748,781.7001364488831) 8
(618.057418345411,730.7002989644069) 1
(409.4863210314103,451.8933701203778) 7
(708.1024521289285,55.56522944170746) 10
(707.0828229358043,1000) 10
(922.4572281564466,781.1147212850522) 5
(1000,772.7012798049971) 1
(432.95575786363634,247.87803950270597) 5
(600.2855746221209,838.336703405357) 3
(502.64007867286455,802.5324891642803) 7
(31.733378404648477,723.8532607705984) 3
(201.52210411037674,242.76253456492816) 5
(187.87972156068167,484.0956965578167) 6
(945.0138520708942,0) 9
(895.7303965856518,546.3426421031614) 1
(174.1189300226141,888.0555620668384) 6
(585.8543125180388,726.9016336976955) 2
(563.0234244000836,0) 1
(169.13401491934707,493.31584020439016) 6
(649.7255982958245,272.79992360224776) 3
(191.14592557824932,306.82858467501603) 1
(0,364.88974641552) 3
(406.52485331419945,451.73710413180095) 9
(774.6358210369767,1000) 5
(853.3367330084031,783.2502091353663) 2
(68.39574876904226,1000) 3
(170.440874118311,228.19511983437275) 5
(535.8568059043665,232.3252489843302) 2
(262.5261400243669,131.99734635787996) 1
(659.2369398120147,625.8560237492554) 7
(290.8468589714049,0) 10
(567.3770768207213,382.8713893633556) 2
(484.8742067125244,612.0906505292342) 10
(547.9287259145169,211.1598978966806) 1
(1000,412.5473400167243) 8
(218.38801606561594,275.07056905681236) 1
(757.7735863521498,323.464520987317) 6
(610.3997409489805,914.2021798098565) 3
(857.0770874578855,360.06944684158304) 7
(720.7348371098577,727.4636508812137) 10
(898.059328545481,129.90036356235083) 5
(325.32481410284913,0) 5
(628.0240651474969,589.249584426937) 3
(315.33188110723125,370.98492573280726) 7
(121.14936573410705,178.9666767027249) 1
(409.53526404980335,542.462415278068) 4
(491.83462702618203,0) 9
(302.9164715293476,378.06135601852395) 3
(475.5682284068262,618.3690158057201) 8
(996.2075753358895,0) 5
(653.8345191416234,529.4974039244768) 7
(625.8671324265046,416.589060106917) 1
(598.3981367797659,621.7447035827315) 1
(684.5527088283139,500.7503097149987) 1
(545.2406022688248,851.609619409969) 9
(45.408058471967706,0) 4
(457.245259047244,637.2865596049676) 6
(553.5115739428791,804.4947883845128) 1
(997.5412400360228,603.2725117980517) 8
(678.9538754716763,223.6070001344521) 3
(802.0994862407096,702.1196010287495) 5
(156.07827321928227,1000) 7
(567.8592692141117,38.020706701304334) 8
(390.8541635481847,565.0215795011468) 5
(587.0477681810091,504.935326403503) 7
(646.9800773622784,52.124904831723995) 1
(358.87356241551345,519.2214162326992) 5
(552.5455478858207,492.05657212402076) 3
(392.47030034687043,256.4122661450732) 5
(1000,30.672510918544617) 3
(489.5806538069185,0) 5
(605.0847735395059,860.3486418605969) 2
(398.852298050163,264.0023084128482) 1
(535.8175798790256,175.08280638036433) 6
(582.7602130228123,142.67103560862103) 1
(358.4087058111886,516.4336408796141) 4
(907.5949611286121,175.8404233001491) 10
