1000 1000
10
(0,0)
17 80
200
(467.1415162458841,489.0814702390592) 5
(0,534.8599786287376) 3
(839.725169014232,424.67873075387223) 3
(498.3977435276818,483.5766531349718) 10
(52.685043975051144,991.88670022256) 3
(733.9219564968508,700.7647237375222) 4
(397.53500537080333,677.1180705586415) 10
(123.55625793620788,714.793294715079) 3
(476.3552449154713,665.9020033849133) 5
(641.4543676639958,0) 2
(737.4789656056063,881.5076042611154) 3
(165.38182393332232,684.4250154310632) 7
(582.5384613417968,1000) 2
(1000,144.90057973527007) 2
(6.16870138707327,1000) 2
(0,691.6064542972729) 2
(567.3979009362304,307.40762489438464) 2
(421.6132010787916,447.9223892673693) 2
(177.99366601551026,587.2924072677512) 8
(163.02542724188447,549.8969195846445) 4
(117.97221380965203,349.53538247378856) 1
(823.9425399360551,550.0795817159469) 5
(873.7682076397994,313.91465598029595) 5
(101.3127620952182,0) 8
(105.92089576960757,718.549156944237) 3
(259.57296086550514,243.6853749300057) 2
(919.2683130269425,399.6295057155981) 3
(657.5913904230785,276.5422189506657) 1
(1000,619.4014813777749) 8
(822.7837115531247,745.8630695157983) 5
(480.73533869024135,686.9082267509962) 4
(583.8129531200409,233.66781232139078) 10
(220.1805512492587,679.7405755885167) 1
(580.0018407360042,862.3003925861649) 10
(566.9819667455185,557.9203843264806) 8
(0,927.6331221792534) 4
(698.0159415550962,194.04477128505778) 4
(499.9101513574538,413.4331781697372) 1
(45.13906412832716,587.9927517795712) 6
(100.63684493059918,803.6479674782258) 4
(937.7704497458374,647.3113639543058) 7
(499.41387656116746,332.3217192187536) 9
(1000,746.310281085438) 1
(637.7397846729533,158.85892963367888) 3
(720.4834430585922,638.335339084535) 8
(478.92415166792205,346.070261622997) 1
(0,645.528633885242) 5
(532.3655102155498,0) 10
(352.3671659072271,221.66473137865177) 7
(568.5116376665778,223.64776665722707) 5
(402.40361197184853,899.2598605911991) 2
(376.2597181538778,887.956465270101) 6
(748.6486445403177,127.65426420468992) 1
(729.2948249655416,746.8988274245359) 9
(516.9351230867405,377.37985053018923) 2
(958.709010860684,541.2711425772809) 3
(177.3445159743385,337.6013158141847) 1
(0,775.254977038056) 1
(249.44362073626348,0) 1
(666.3049348196926,450.07412727698306) 1
(609.9124935226001,334.2991860297541) 9
(277.4880595305179,798.4468993050236) 3
(435.227089031928,422.21470820994443) 5
(826.1533195715288,111.03992574199617) 2
(730.4005115293481,12.933685870141176) 6
(224.51693690049393,834.4729630809406) 5
(541.5062317648301,715.828997183824) 3
(150.7033453834269,276.6022306456224) 7
(507.14560073510665,389.12765717080254) 1
(206.89336906527421,316.84618463875336) 2
(792.1326764091489,670.825987880913) 6
(0,647.6575892064068) 8
(64.5887057285745,946.1859286789243) 4
(414.8244091694045,143.69275679035655) 10
(563.7664822872938,530.9147614973651) 10
(153.2341934236369,141.1166539476418) 9
(100.88688084031656,383.5339577905652) 6
(1000,613.9471674251856) 5
(765.9170517665905,175.8242047416275) 1
(756.9862043250894,613.3367602969876) 10
(0,104.72022227507188) 1
(326.22289192562613,207.10340729846916) 1
(662.0375781275441,1000) 1
(252.3972891982686,326.6019875720509) 3
(546.6821735284926,662.5355858799002) 3
(983.4294525981182,728.4815993245616) 2
(479.66414806093223,0) 10
(740.865635394149,727.7774479696296) 1
(694.8822230292539,679.2468659859688) 7
(381.8811056480765,1000) 4
(0,707.7459587008635) 4
(661.670094301859,592.7754038101274) 6
(308.018353619465,229.72463292888716) 4
(614.2403485460972,0) 2
(447.40928545370286,130.36395607689133) 5
(831.4476076784783,1000) 8
(393.75010659771584,407.0192493634355) 1
(795.3020828940328,975.2064854399379) 9
(908.1839388112921,828.0338891912138) 2
(1000,567.039436528457) 1
(0,694.2736175480512) 7
(806.0330541332191,134.93795340277262) 3
(627.9688648286714,414.55519235302904) 7
(185.93391351664332,302.6454998356561) 4
(636.4957821379942,892.7150170370364) 7
(870.8227648007637,225.53284039485845) 1
(672.5639160925055,739.9800081323363) 3
(0,359.9173292162775) 7
(693.5794037230127,414.40240506807146) 1
(763.6801093988381,855.5395591345596) 5
(761.8513779176014,350.28216320154) 7
(0,268.7977075747526) 9
(164.07061425581054,526.0004317236702) 4
(747.9748094380503,1000) 8
(378.56573972725926,177.01357569277428) 9
(402.2450002540658,194.9800407231046) 5
(276.3893334679341,812.2207559081673) 4
(265.47267891920444,577.2064737911754) 1
(0,1000) 7
(510.1011479545475,319.5256231026435) 8
(324.13890685075864,728.766125280433) 8
(1000,377.0781556326792) 6
(515.2004297223625,844.2417565177766) 6
(577.4802667257977,334.0592288420543) 3
(162.34709286371333,364.1417112330224) 8
(711.8816044937325,0) 10
(577.4158906110551,497.08202476034) 4
(225.2598533237446,556.7498019399162) 4
(1000,315.0255439799671) 4
(358.18069870774184,637.4586222922775) 5
(860.9052241669367,96.44771152027948) 6
(796.3974783549285,365.8482917187067) 7
(1000,621.5003242177215) 1
(853.9757332919773,0) 3
(484.53726881204017,302.1961918347827) 1
(221.1462387238508,728.6367645191365) 1
(561.1126870703022,688.8305809205843) 5
(513.9729823175936,884.8711079762863) 1
(679.8808692806592,574.6002298698209) 6
(684.0421615110683,683.852451092704) 10
(0,267.6312455994144) 2
(753.3941741881854,277.73419130370775) 4
(131.97948774104992,282.45074957124655) 10
(391.6563922144672,474.96612273537596) 10
(984.9721520484644,789.445796270993) 10
(0,419.9704065102171) 1
(1000,335.5327630224134) 4
(932.703081343441,843.102326225601) 3
(0,475.1471125897049) 2
(838.9726380294946,1000) 1
(780.8317033165984,463.47967184418104) 6
(409.15881786612283,339.96889710637845) 7
(444.73486902586825,627.3634781158831) 9
(302.91937300650886,261.25221973057535) 1
(467.5266154690572,356.9720100478137) 8
(221.48994520254672,1000) 5
(0,416.93278530847044) 2
(51.89080437696015,824.1514076024957) 1
(785.2710672156263,299.552733809047) 1
(1000,159.18941680747997) 4
(1000,1000) 8
(364.2512143511948,655.3347788104206) 1
(0,175.15633111026148) 5
(851.5873505506198,99.16358760462998) 1
(251.11282249920407,0) 4
(662.5263251716299,277.04436890622515) 9
(0,393.44702775814864) 2
(894.8595700713337,731.6329302165519) 6
(659.8632527781238,183.9198636287473) 6
(135.31630025094694,797.5523896002975) 3
(678.1951718582234,593.1860457225936) 6
(381.3867054216493,387.1306204497758) 10
(218.84815739325546,910.555156310252) 2
(507.62217849563837,453.8313945220552) 3
(86.63201712777732,730.1082494270295) 4
(834.7613749406712,561.4988444353668) 5
(259.89050812176566,689.1322385573674) 8
(0,409.36018039523736) 8
(1000,543.0060115725553) 10
(586.5812857343094,880.9929891370282) 1
(531.9540265397948,641.7010510400645) 9
(253.33231635455684,518.6785453484752) 3
(623.9835753191688,1000) 1
(425.44951278682413,1000) 4
(356.2445834903807,427.6859526473856) 7
(745.8165163530916,260.49796577093264) 5
(918.5467096974244,299.3661198963007) 3
(740.2905644442908,704.8181460988344) 2
(15.381944288487432,816.3667034605107) 1
(0,545.9900737730287) 5
(376.36135483191435,871.3347725439742) 8
(858.2355013869934,376.53597225716675) 4
(583.2537330550296,510.1134893201692) 3
(348.2412833582481,1000) 3
(855.0036406631405,396.18265643498523) 7
(526.0072890391456,515.8624960580273) 3
(244.7571168938798,260.9270905628273) 5
(418.3706552572288,843.9087158079193) 5
(71.39172070462263,1000) 4
(632.2982339450086,985.1750290091746) 4
