1000 1000
10
(0,0)
17 80
200
(256.761604929301,90.90848376138536) 4
(265.8384350037087,141.8362984238732) 3
(45.8894229046104,200.72793013327606) 1
(797.4486522250072,691.087539214473) 4
(299.02829187599923,844.8804704318742) 1
(778.8282860367082,318.0282842488906) 5
(746.7335503369866,526.0933599218638) 5
(187.87802132656992,181.2522386474974) 8
(93.96451251641128,544.404538093353) 4
(805.4625945250302,728.3317798096515) 8
(668.9513528345121,0) 3
(775.9692603273811,578.5999681206248) 1
(506.1361174209535,840.6711450972705) 7
(708.507493249747,515.3349087378244) 1
(243.7904863672233,721.7319645253144) 7
(1000,0) 1
(562.6236292736469,441.7031140152427) 3
(475.60777036249704,389.14786282114994) 7
(496.6472605566832,335.11809359042263) 1
(705.860356165655,395.1164033242426) 2
(949.7873471724661,36.859567506122175) 2
(543.4191807394936,932.9450478683858) 10
(242.59834818793217,519.0086920030907) 9
(825.6077651782792,576.9042399012187) 3
(81.45324620905404,530.5679077910764) 4
(112.7834688994908,332.57157632412316) 9
(670.2154388916053,478.48965165961573) 6
(658.6909446409395,597.3302299160807) 8
(630.5693421946053,1000) 10
(783.7852603460494,235.4371767691008) 1
(597.4462132172514,670.0145270308595) 6
(667.6592081319812,528.6175524111665) 3
(1000,533.3864712428718) 2
(705.9251566229095,731.3893788656833) 3
(859.6698300119026,678.9927264203027) 1
(266.5769540418837,789.2196878031652) 5
(543.1977530691863,423.710574542872) 4
(118.15025333086533,168.5895324239537) 6
(178.3842998624744,278.8173008539177) 5
(789.9303653690333,904.5221004011369) 8
(404.4274575417988,399.6772966886608) 6
(410.19628732955834,603.4469258304457) 3
(708.7992812097617,804.5737880097773) 7
(598.86336105358,487.6771817375882) 1
(488.77785729544325,793.7088875197217) 5
(540.5362063626073,79.61742261950212) 1
(703.4089686494776,912.9353508201368) 2
(946.2290521210263,538.359069110781) 4
(517.1914201793234,368.152041576343) 7
(0,651.489934709689) 4
(807.7014238368164,261.01479682280086) 6
(346.6717579856984,64.5704067944227) 10
(605.0367225722396,647.3666971847568) 1
(513.330831551142,490.5499503190885) 3
(819.664684517363,469.4643946119389) 1
(53.271090388353514,276.09094649256224) 1
(684.141587131877,993.7445545817659) 1
(606.4133953607895,613.6698355957064) 1
(411.05248255104175,833.2461348508222) 2
(1000,337.8050574967573) 4
(627.9262036898084,137.55239244375377) 4
(837.6563336908423,219.3700403429233) 1
(360.1553133136093,1000) 6
(240.97676194849146,517.3521254708857) 6
(963.5959280086806,616.1787030902319) 2
(186.06830018331272,1000) 9
(299.8606296429161,461.2719561725855) 3
(860.1794786120906,592.9978377685172) 4
(165.39964131024584,565.2770539861573) 2
(668.7489357521057,707.720922111961) 1
(432.0970634050091,140.944572000527) 6
(341.9736995718188,0) 10
(570.9078965610338,778.0908266167694) 3
(404.7311770391859,688.5670294972293) 7
(0,372.3870366536922) 7
(0,1000) 9
(1000,511.79291404309) 5
(853.0838206969582,760.870409194149) 9
(266.66297052104017,151.19917477958245) 7
(636.4592060751659,603.4429689764852) 3
(384.3501020399102,0) 1
(387.5843856617722,0) 1
(489.7652708299455,175.94352143392075) 9
(490.16967047270026,209.90344346469033) 1
(716.9876342613067,390.9141542981778) 4
(537.1864973948911,560.7865576473066) 5
(655.2499137676934,735.7665250673889) 2
(655.0899267964135,731.1263712447868) 9
(797.5413667324417,293.49927786541593) 1
(310.7645399941533,766.8605014547479) 5
(344.60921333920714,59.68223879682756) 9
(636.6609724127401,491.2321499672262) 2
(383.13282425150686,489.74235875242874) 8
(0,158.67815325742345) 5
(938.1325826593311,484.1754527349834) 5
(412.2501131925795,1000) 7
(516.9684570899594,736.767733274189) 4
(330.05426707068705,202.13358392165458) 1
(0,815.4356492783077) 10
(364.72173884665847,549.7258036343712) 1
(599.1481729980111,194.831444888813) 4
(669.4349127645944,442.1624408943804) 1
(336.7053187428502,58.32362343592882) 2
(189.41358767942063,920.0999084593366) 4
(908.2817481500008,375.5400102554481) 8
(201.48666400241393,340.72846463235646) 1
(343.12114642932033,915.77800672902) 10
(1000,267.6282127531422) 4
(695.5354654271275,790.3965193525005) 1
(765.5899434737717,126.14714728978083) 3
(537.8359071523165,0) 5
(259.2828711909658,61.181266330861376) 4
(533.0075258627365,393.0118277034959) 2
(443.30657752445916,293.97010383545205) 1
(188.72005650173048,0) 3
(554.4260470676917,1000) 3
(837.8073858714149,516.0455459877227) 4
(541.8438348969496,0) 5
(335.10103500744975,478.4704869209232) 7
(806.2107203674043,450.01589620116914) 6
(378.09495019367284,420.43597307328764) 4
(516.6705285395783,718.3159968205065) 1
(0,363.1610267691273) 6
(398.9947638953802,190.59513974672552) 1
(396.96705977861143,799.9568552755079) 5
(694.3060888265506,422.22168730131676) 2
(902.8915266963667,506.2873191086753) 7
(521.7301127442531,819.1524463169613) 1
(454.0438827339045,0) 1
(1000,1000) 4
(360.3483630600687,371.1728441105794) 6
(826.457282943698,519.7847153056525) 10
(195.69269735914918,141.77806017585522) 8
(0,564.8874114125775) 1
(0,52.05486823595032) 9
(943.5645754511161,565.9768315148714) 4
(782.3042268792763,532.3864880382349) 4
(96.65266508780837,513.000365307329) 6
(922.0830752271734,393.9632633260625) 2
(355.33714096999313,1000) 4
(372.9205219388548,350.48173518967803) 4
(0,396.70297554540616) 1
(602.1246267239851,714.6226240910988) 4
(631.9451756575827,196.4426804439429) 2
(905.7313888346685,478.191775398613) 7
(706.7377688674143,788.7442838597258) 5
(1000,289.98735760527984) 1
(759.4616472551281,225.70320302806) 10
(804.8600056347184,73.74425263699271) 3
(702.4085190192056,218.87001090301487) 8
(561.8433844129906,1000) 1
(741.2119394135146,127.4552670377671) 5
(760.7725681386432,530.6030766777678) 9
(205.2431470136636,528.3506139606815) 7
(599.7161846292511,415.78015261432824) 2
(730.8175673623987,749.9164834639339) 7
(393.70168028444925,764.0156275932848) 1
(726.3130786629993,362.5693206442761) 4
(25.48828425237764,16.530947445615993) 8
(570.4150644136189,877.5051932910778) 7
(805.1892478722198,554.4927623691008) 4
(845.8668503117333,415.3860702709606) 10
(185.8828646108821,585.8257694418444) 1
(435.1974805287893,360.3514927402814) 7
(421.4289617138605,755.7178700135433) 2
(275.597770085595,544.6585029724215) 3
(0,683.2520614011592) 4
(87.97904624121497,665.745780202412) 9
(998.6652215352058,610.6035043459859) 1
(0,487.72221932506545) 1
(799.6258405884423,263.40429796242165) 6
(603.8823680722287,612.1920336086483) 7
(339.2521822118729,293.2131051119247) 2
(793.3714922270769,643.47951472481) 4
(949.1203336335941,823.5346293029634) 8
(426.4047458067281,212.0369645883692) 3
(636.588778192948,489.3114039729736) 4
(1000,627.5279603586871) 2
(385.96219364631304,90.85543560939522) 4
(537.5355250423261,859.1136975208738) 3
(880.0341970848956,565.6084409139551) 5
(743.2388691030017,439.8000073828454) 1
(0,0) 3
(1000,196.29374370620428) 6
(0,839.8318938721733) 8
(549.7894588726564,645.6168187670664) 9
(530.1850327609313,567.0144240336031) 9
(1000,685.6795698366435) 8
(506.1779783672676,643.1081512134035) 5
(778.6032324086199,672.7295506820491) 6
(1000,340.4226863188304) 5
(53.7740919160629,229.33814881146515) 6
(582.7368022197568,935.176756824091) 4
(0,803.6563377668128) 7
(100.55963245400238,437.25728487619426) 7
(390.2419933245982,121.43774184879697) 10
(925.1122484666544,907.4861955856959) 8
(0,791.8538027218194) 2
(294.5406171578154,749.2016068266499) 3
(897.0526749933206,65.43994007412624) 5
