1000 1000
10
(0,0)
19 80
200
(569.4019437757956,48.078884296120634) 1
(553.2762718676998,664.9064831829859) 3
(64.5994475565401,369.9068012509558) 7
(708.2538294772537,902.5787748686121) 1
(352.23958303254017,146.93980104029782) 1
(0,601.357281893802) 6
(559.373551404101,274.29158436716693) 4
(760.6832135091627,658.345840933477) 7
(836.9325441259766,0) 6
(1000,351.0505181599278) 3
(101.21720144698259,233.3116278634755) 1
(598.4675062877125,683.805895755141) 1
(231.73683246225386,417.72671983917246) 9
(682.7114156090283,1000) 1
(765.0866219986553,1000) 10
(332.2019250628267,1000) 1
(766.4093261052399,522.5814949110687) 3
(530.1579425097822,756.0976294978623) 9
(458.89694691042996,93.67981431466808) 8
(756.1825245750914,978.876390691194) 1
(675.0507300388311,633.8746060541981) 3
(312.93243249757563,584.5964663153768) 2
(603.346221143152,499.6681527969999) 4
(457.4460812934156,689.5506406970849) 5
(313.7504992497886,889.059724029757) 4
(1000,253.65453020287623) 6
(701.536860569938,916.8827671074725) 8
(27.130037536879342,482.3291607335227) 4
(656.9906001592213,573.3714894012369) 8
(474.9904308004889,704.5346458160191) 7
(136.40361236003207,218.24548002039967) 5
(245.15030955373507,435.6597958614577) 1
(212.06696315932618,713.6083468386352) 9
(384.9518879613934,262.64112997248657) 7
(738.9204314229071,766.1732532907604) 6
(0,171.26825563435148) 9
(477.72655866174813,221.42858126263297) 1
(351.61473829118813,661.8790520088388) 7
(166.78717591495445,777.7745163349309) 6
(875.1025339138412,483.9764539555084) 6
(389.9573136490597,51.54753455712017) 4
(423.84291334950126,154.62000197872635) 1
(1000,372.6945382152649) 3
(120.37005558384072,517.1451275694093) 7
(547.004686764412,580.3398117029292) 4
(716.685276878197,0) 8
(0,380.91742111677536) 4
(187.9811500260525,505.1751933078551) 2
(984.1003386934092,60.01156918434202) 2
(846.1321764035139,0) 5
(525.4646136123616,184.96840814079195) 3
(796.1560881402337,218.02157260809724) 2
(313.7367256361713,118.02060374910889) 1
(231.93519654926644,749.9687028470238) 3
(770.0492280015096,729.9607736635737) 1
(184.47389821942716,172.77457989806777) 6
(491.0802407109859,295.8621313298827) 3
(737.8961329175149,304.5313623552065) 5
(372.46815585700864,0) 7
(502.60637746577174,496.8783403716254) 1
(688.1811219581732,0) 3
(224.640757957654,750.5095364142593) 3
(308.88732624880123,343.7745437358409) 1
(707.0632719790189,268.00937918610435) 1
(1000,248.29028685856485) 7
(961.251927058353,511.0253677875525) 7
(289.57451427790465,693.1818756792717) 6
(711.9096265413299,393.7467265211144) 1
(1000,514.5059716565902) 8
(267.9165100284335,601.286978089877) 6
(927.9678654775831,1000) 5
(674.8468973522895,296.4498936729872) 7
(917.6657884384106,645.0901096468932) 1
(127.38434402468954,473.3304847164661) 10
(824.1351140857919,702.8946207610343) 5
(251.68661600457477,0) 3
(983.6461142563751,0) 4
(444.63052182643975,285.2227418376416) 3
(1000,567.9887338305092) 2
(486.34605830951205,309.41934884602733) 5
(454.45338279219317,453.0980082225087) 6
(892.9678533765461,402.94562613050186) 6
(758.224743545001,555.0963676508768) 5
(598.799974372912,0) 8
(832.1612787126601,529.2375449489538) 4
(212.56973381117746,277.8198620071421) 6
(83.91804177379476,158.93104824158263) 9
(572.2544630121681,399.6066406242736) 2
(359.47285663313977,710.9398303820408) 2
(686.6923924163655,357.23051436320225) 1
(0,664.2598303539864) 5
(562.0678925914119,892.0028917536858) 10
(495.3279507403404,525.6794132482269) 2
(0,224.02270149679674) 4
(744.8840450020972,446.7792312048202) 7
(0,443.6893093086571) 1
(381.48472399484206,719.9760673340872) 7
(436.6965418068469,411.03585832230874) 1
(0,526.0574393473152) 8
(817.0087521623068,702.6006797699844) 6
(587.7838632090591,618.1367197604976) 6
(772.7203006972361,0) 2
(497.67994004185664,611.7118658121274) 1
(708.9544287530216,140.14243882753868) 1
(796.7262938174309,512.5426922836816) 5
(656.9537535992469,737.8552227167683) 6
(365.04010342487265,312.6136310692774) 7
(1000,1000) 5
(432.2825967433527,205.1073044942887) 10
(666.3662333669123,914.8163208565807) 1
(845.403093327531,465.1602959344032) 7
(1000,388.08691662562353) 2
(1000,183.37865262400766) 1
(185.33936293422846,275.54701656160694) 6
(644.429930533159,477.9530128710455) 10
(543.6424387866781,613.2361589744712) 10
(153.1799977186721,492.1342326961442) 10
(478.8844570270316,0) 5
(540.8140233488152,313.6603307738486) 8
(594.5287453206765,712.9268230526694) 1
(620.0932823632378,831.6182554828428) 7
(656.1569831775487,236.1133942458306) 4
(558.4703292910517,599.9558725014806) 4
(281.7742908402292,0) 3
(623.5023559707223,172.47140027645952) 7
(707.8364355362518,1000) 1
(217.87479983480569,388.57819189839927) 4
(693.5376290450496,625.3243646529227) 8
(150.91323147749085,890.7165552123547) 5
(298.8783252509909,156.13431435908683) 1
(600.4867815442024,195.0353373512296) 9
(370.00113387117545,784.1370843603669) 8
(72.14759702103726,222.9022062144657) 6
(425.85556728943374,278.4700029198881) 1
(903.2026817858205,907.6820936858381) 2
(742.6710233124409,253.7630862750562) 3
(596.2861842573964,268.6646094062084) 8
(704.7407775494873,433.2690905730084) 3
(200.37514445970618,534.080365812511) 3
(243.28197063042535,187.61249902938454) 2
(719.3711799537203,365.5530834571084) 3
(337.0399674678088,1000) 6
(739.4254997895827,451.65125704005675) 3
(422.38857081063196,422.9035699861829) 5
(781.9140739061124,374.0915447608905) 4
(550.8534166198032,357.47598351118074) 10
(666.2265464100433,454.7007746756402) 4
(330.03241951650534,1000) 10
(923.1963577664598,635.9442445947108) 2
(465.3222762599181,734.068814423652) 7
(306.8711233935836,602.0671750344934) 2
(283.28439965407875,763.1599818569716) 10
(486.28134835553567,354.89074878638047) 5
(380.9989274324288,430.30256055882325) 7
(593.4579557600046,923.6506313109253) 3
(1000,175.64436537891748) 10
(568.5554163256402,966.850054102121) 4
(76.24796542138733,384.50976477087454) 7
(923.5213715577186,905.6579423988201) 1
(352.66821311274623,43.705539312352755) 1
(208.96116327389745,470.1222346396848) 10
(380.21339439984223,659.2366564881161) 7
(0,55.817825505664814) 5
(0,509.6747790519035) 2
(787.9652413769792,556.2559463963726) 7
(0,273.1534557551598) 10
(713.7000361046597,704.0510726338971) 1
(986.6715714005728,163.10002422739086) 1
(420.7331502223979,586.4257494918651) 6
(411.74571162331824,170.3092888208061) 7
(67.33007495997168,801.1544466138182) 2
(650.7378559319698,413.6881966282765) 1
(500.57670399987876,365.7884721901955) 1
(608.0781909484987,128.83374278147704) 5
(0,381.2311403668039) 4
(0,835.6511864979627) 10
(895.5221497313821,763.6270917723457) 1
(261.671338506451,489.18175720154886) 5
(673.1834431780361,310.72464806037476) 5
(185.25195417330082,571.1323742674099) 6
(139.9290349871265,384.94537003184746) 1
(664.956037250278,884.1719694987951) 5
(838.2256370719392,539.1429653114805) 1
(448.55825544966984,659.9477552012862) 9
(216.0754683092855,900.9797415220991) 6
(0,21.991006969377793) 3
(372.01372195675077,580.0687121056623) 1
(747.2801269226708,612.8391000626897) 1
(248.61238820953582,0) 8
(776.6670149705742,138.88435938231794) 5
(895.3517532868998,680.0740108446739) 3
(0,1000) 8
(409.61124650542297,270.9537394060606) 10
(167.4939916062828,0) 10
(637.4248376793228,0) 8
(113.7568200192477,525.5238916208193) 1
(696.2734999033207,766.9867803097798) 4
(413.84849698955946,683.6802114489278) 9
(177.59888256812553,417.8733331209954) 6
(770.975627753189,579.4904170682876) 5
