1000 1000
10
(0,0)
19 80
200
(854.3697547498483,468.97007249806086) 4
(416.8334214182594,775.8783523646644) 6
(387.08115043076725,476.46535130272173) 5
(359.0550581784536,57.42563240060076) 5
(1000,554.299712617565) 3
(1000,0) 5
(511.5151459644404,0) 4
(748.8836461752419,349.0641471007282) 7
(761.8237964398129,789.584215447087) 1
(271.0094507870056,456.5389006096075) 6
(627.3805403404286,678.1493105535078) 6
(44.732794321702784,328.2797617724539) 4
(0,202.03384137689983) 6
(784.0716425625612,743.7784085804811) 3
(458.1865736224136,605.8657308104896) 2
(1000,317.87786583086177) 2
(213.6748550188413,587.2585215078832) 3
(682.3673706112831,847.0096919079672) 5
(366.5543964092026,1000) 4
(21.89003880800732,1000) 2
(0,717.1470528681152) 1
(333.75616928341356,265.34925428283714) 7
(733.953725330764,834.9507979350637) 1
(904.647642457307,663.9945044297237) 2
(988.1882587862171,163.33745375115416) 6
(497.4590283653679,561.3194691497512) 2
(715.0087675965576,0) 4
(648.3586554583212,867.6698164258265) 4
(91.46083349671545,1000) 4
(949.0403485947953,72.48799056885503) 10
(686.8045193276839,381.4779337879443) 2
(694.5659290335813,813.1435493890156) 1
(361.7766173395886,932.4940561149529) 2
(414.13136919805385,966.2234202200395) 1
(776.6571363516701,310.300289377535) 1
(727.8379429065742,872.00597909552) 2
(1000,68.84096228489625) 9
(205.55192328608143,537.5698393268423) 2
(455.58105431251965,245.20576933886926) 4
(183.1219262742302,368.4743948284793) 10
(225.70491321718936,284.7557697845054) 3
(594.4416772632472,675.2797461977714) 7
(343.9472125040051,488.06726233924866) 1
(293.9866929640671,242.46548645549882) 8
(877.6501653801508,680.7751257647984) 4
(490.5802174599999,1000) 1
(1000,522.7975931874058) 1
(971.873714821647,660.8867073047963) 1
(0,359.3915134659203) 5
(0,285.6991933376515) 7
(925.9971511182678,508.1936197240628) 4
(485.86177255220326,439.08591817679894) 5
(1000,822.6808181167744) 4
(334.47193031542065,696.6112314958897) 8
(377.51462096191176,601.506157011123) 9
(393.21253987276543,0) 4
(923.8026075040386,134.49150667460555) 7
(71.62487283776358,1000) 1
(297.63654027530094,277.17553301718885) 3
(608.2451271438908,125.34195526496995) 5
(393.4003618800697,537.6629536153998) 10
(1000,528.9395420805022) 8
(0,1000) 2
(140.6138044924055,65.2758694976119) 4
(724.2575689952427,369.7806622393057) 7
(568.1163355734208,38.1517128347881) 4
(1000,659.6495904848896) 2
(444.8643360939421,223.23681156998572) 5
(511.11277947439237,321.4059905673035) 5
(925.3762275728882,207.6452811401988) 7
(496.2379747393085,195.47659303874963) 2
(595.4507370127578,493.2912797371453) 10
(161.17067823029714,117.01253170979658) 3
(789.0618057627601,1000) 7
(219.72457488219789,0) 7
(739.3763536905068,375.3440551137237) 5
(414.4773102813373,1000) 3
(641.0373747605497,277.3310105701797) 10
(513.2853628093919,0) 7
(656.4195176252758,513.7502916272801) 3
(878.2578156023981,1000) 5
(106.4548056465116,557.4606388977995) 4
(907.0161582451382,679.3905904211297) 1
(285.5633096717289,388.0067658761005) 2
(0,690.3915098111136) 9
(760.0315625723023,799.991988454567) 3
(211.35043247459134,0) 5
(971.0311061960049,217.3206235508601) 8
(839.5125291611445,601.3701265242852) 1
(735.8502341258225,415.94667409893174) 5
(401.25470432427875,637.6511355651436) 1
(629.8760420775213,488.8855132577705) 1
(55.3660399507537,837.9501673399806) 2
(0,497.3191127651189) 4
(272.02368659091326,588.4829464080158) 4
(428.22437892564216,0) 1
(300.11470368859455,506.39116813085485) 4
(0,287.80621944703057) 3
(0,956.9009331111082) 1
(481.36285089462507,347.06511347041) 1
(959.5424563820459,509.1336286532163) 7
(589.972823666758,978.175861176666) 8
(0,0) 4
(721.5062177757711,314.0117655835101) 6
(51.60904535027123,1000) 4
(436.2330401982967,399.0580475438676) 2
(156.06321522193383,964.8344546688255) 3
(516.791494281596,724.0699504994834) 6
(313.74919021122037,366.8774130093213) 7
(1000,273.6507630597155) 3
(967.306523706041,857.05755640931) 9
(641.0867585283373,0) 7
(142.16116486100168,465.20481010723927) 1
(764.3987869663977,486.4498955859255) 1
(0,133.57885417543895) 5
(0,355.6795407362212) 1
(754.0585329431764,0) 3
(144.32103374799192,371.60727679505317) 3
(779.0811323405132,488.6857838636148) 6
(427.3471176635086,367.9851391444968) 5
(574.2866508145038,257.47844902392796) 1
(295.1019198231214,0) 2
(657.092981107548,793.3751130392536) 5
(1000,283.07042346005585) 1
(522.0286476767155,566.2752568334605) 5
(110.09548285418828,394.7067391987298) 6
(555.5540575065255,488.0684839281349) 6
(456.03620854507056,161.51301891905797) 2
(571.6178941990011,211.6117537438941) 7
(300.68740542031134,508.7588011165691) 10
(679.9294151790211,434.7581361718279) 3
(716.578174232129,615.1026317497624) 5
(999.6052426654509,364.3302360946468) 3
(662.6645089924589,571.8098109031196) 7
(105.21312807294316,769.547061353225) 2
(666.7587913170905,956.7399232017674) 6
(47.724401279919334,624.6500393666716) 10
(0,298.02698186145153) 1
(1000,271.13820371833106) 8
(443.29863338143235,428.92346728287043) 2
(524.0884002827861,0) 10
(515.3770985132658,153.09113885351707) 1
(308.40876988801347,129.89035154831515) 4
(304.190359489157,574.8034281334307) 8
(655.0386420454711,749.4560653588842) 2
(135.96130640519561,647.4166017345628) 5
(1000,154.4652632833271) 1
(475.27825169407953,563.9530826426289) 1
(481.32362576868337,1000) 5
(839.2730042736088,1000) 3
(37.88411220193342,311.67265076332876) 7
(547.4023549415135,403.0800892047631) 1
(1000,1000) 1
(641.5504874713645,468.7034748977777) 1
(118.36782159120833,0) 8
(0,236.3109137667994) 2
(590.0944494088112,344.5568646096124) 10
(898.1849069825986,283.8560162272765) 7
(1.273523937366349,516.8965904116563) 4
(609.0404662089124,243.69799808306783) 10
(936.6553564699842,419.3388507478368) 9
(121.292835901883,473.4780130342907) 4
(0,665.2944688273909) 5
(629.8180907667752,57.75697907183786) 2
(898.450069894951,247.44718530345762) 8
(20.68664048362615,1000) 1
(1000,602.1288914346968) 1
(675.4410327469055,0) 1
(1000,439.66926772133843) 1
(495.16962266500184,574.1658874131641) 4
(292.10052492385665,422.95492478643075) 4
(236.05812510019922,1000) 4
(638.4505771721691,138.58384928406804) 5
(674.90844462102,632.9219361727853) 2
(101.91264490919065,272.2989146914332) 7
(584.9541119304662,246.15690268153364) 3
(467.9898360201277,700.1950065964893) 10
(693.3585833152765,604.45867656024) 8
(265.1958081057703,499.9651552534874) 1
(180.5852855779019,141.20212107243992) 2
(249.7177535998535,0) 7
(517.1461346415606,472.09249618473825) 1
(726.1566175938746,133.09547709054232) 1
(1000,521.7465909012626) 8
(802.5741763944002,1000) 10
(571.9603429205448,1000) 3
(598.7848088451543,0) 1
(9.974606413858794,373.0995046230977) 1
(160.74051097735116,454.08851446720126) 6
(928.9826707090631,776.8007907331328) 2
(161.84755739076735,363.75265850544423) 7
(0,590.6385659222909) 3
(432.91927918504996,0) 3
(208.45071286179052,621.5206545461266) 10
(411.44205784004055,537.1289109030416) 4
(106.28437531198699,172.32070128907276) 8
(126.7724760654358,811.0437357865133) 5
(810.3759613542115,681.4779110160822) 6
(175.0758913818023,137.43294890434055) 3
(346.0600931205187,603.4961829475664) 10
