1000 1000
10
(0,0)
19 80
200
(280.88201915825834,821.2822412760238) 7
(262.59291183062163,598.1714813298672) 7
(398.8643173421304,834.1043267349294) 7
(659.9062343023251,224.35602282022336) 4
(0,710.440736175544) 9
(1000,785.5572028024287) 4
(513.2260764722598,611.8449598780634) 5
(1000,0) 4
(868.5563424522497,656.5796881578735) 4
(748.2318664004483,1000) 4
(416.6541053819361,943.8764518466339) 1
(712.0435064985593,194.97516263487972) 8
(184.70042141349234,515.563811711602) 9
(486.48421795039286,647.0383217384588) 5
(795.7538520162112,889.4261413595386) 8
(130.66296075872452,1000) 3
(442.94870247049465,748.6514475370142) 3
(552.4129698052249,818.8893074058042) 3
(716.9304894529952,467.3034126214002) 1
(638.5458324012317,790.768020064532) 5
(458.1091560131888,250.0923598211137) 1
(438.1476470692863,78.01975654759428) 5
(1000,257.267965177374) 1
(453.0534516993158,925.84068783036) 1
(533.0955023059328,124.35709283486432) 1
(778.4136526611936,322.2296306163963) 8
(828.3830550569444,275.61209649166244) 10
(191.34831084479714,429.87463364007044) 10
(452.1390291103087,584.8301118020889) 4
(199.2569649769879,472.7721987469116) 3
(818.638497851626,138.92058780011274) 1
(870.5703421120967,401.7117546786298) 10
(955.5098863854485,406.4922652723314) 8
(801.3042376957997,0) 4
(211.184940270183,306.0274402505285) 6
(832.3817667348917,826.5318765071229) 10
(0,1000) 4
(751.1226521755452,639.7454013451456) 3
(108.72431848595943,463.7119556790317) 7
(327.73643250564896,916.105591824891) 7
(1000,958.6321459838555) 7
(277.3133801505544,289.6366325250997) 9
(163.8220482044308,405.10336595155457) 2
(293.9253085038556,817.8488434542801) 5
(884.6786357282247,205.98528631719955) 8
(525.5792514459597,109.3341803161635) 6
(773.266496708726,398.5065009747862) 2
(549.9227887827101,0) 4
(101.54491538021875,0) 6
(440.3991281300174,991.8537120139279) 5
(233.25702478435727,460.96833499745605) 1
(869.4620274625786,329.2542851745071) 6
(0,590.2437177879863) 8
(927.4617521466103,177.18811228539823) 6
(0,343.9238371765947) 1
(298.151562404832,1000) 6
(593.8522318935462,821.1243646123232) 5
(403.5058520895044,251.83526421565566) 1
(497.66018502970314,382.21020764446996) 4
(1000,1000) 4
(140.8783542661131,663.7790238457532) 4
(982.6579189690024,209.19677791617016) 8
(355.7365084052218,502.9140695373168) 7
(0,690.0583100367598) 9
(502.52171672263364,354.70526252876255) 1
(1000,211.54537845441934) 1
(645.1318533720955,395.7685905081697) 2
(714.9377523894507,733.1512352665) 3
(324.5406614904805,898.4751414694397) 7
(984.1107135873754,0) 1
(232.35506094410727,216.2161249195725) 4
(52.663053652936526,691.6700891745762) 9
(1000,314.454236919786) 4
(812.5236604280581,980.4683674324742) 2
(0,593.8760397057307) 2
(325.3950761798021,956.5625064198621) 1
(850.9980558967845,770.4408281701271) 8
(441.4491024403056,823.4756972822308) 6
(418.5693209175156,168.68619275265746) 8
(417.2462101825738,0) 3
(70.73418945506705,352.56776117807397) 4
(597.3862526221892,25.478049095076074) 4
(774.128005531875,152.13227679295596) 3
(221.29935558177124,310.0085422491106) 2
(938.6330666703404,0) 2
(190.5457884993163,658.4559676932436) 6
(92.58873135999124,875.9610825322457) 3
(244.36706885146396,985.1131123519697) 7
(576.1763270654449,668.5228394288524) 4
(699.1895741152647,712.8720855934187) 2
(301.10627716448187,446.8453057756487) 10
(831.7095730556653,0) 2
(533.3662992153168,101.44227609252357) 1
(359.42167940897036,591.7831049357645) 5
(286.2988967333827,442.24344101590896) 10
(602.2374219214668,678.9277487860119) 5
(260.0205267689338,879.1798334387288) 1
(529.2242779409846,1000) 8
(724.395500856046,467.53801939757227) 6
(807.699146827024,510.09206608935665) 9
(349.50323150681186,812.3748008318958) 2
(440.9580207307347,370.7075723195221) 2
(705.2877652716708,244.86769989275817) 3
(474.1676939484897,0) 5
(732.0160165777387,793.2986437530478) 1
(628.3144822119925,302.0326940094376) 1
(0,537.788332071154) 2
(1000,735.7227793758186) 7
(587.462123224867,0) 3
(525.8093773249986,1000) 7
(224.5038373230176,308.6723752715889) 2
(782.3588659620475,420.7021349567407) 5
(472.0991554320008,711.5768762939886) 5
(553.9665058257234,452.0235287622861) 3
(238.44925954388748,728.4373612309885) 10
(515.6704049870799,626.3705831522598) 5
(256.15380414688366,633.3302102305877) 9
(1000,154.70830538228614) 6
(311.8352976057549,620.2011946468187) 2
(395.86037833757644,1000) 10
(488.8581173854649,529.3921328347523) 5
(287.27578110093094,611.1991922127435) 3
(0,172.35889864174374) 4
(1000,619.4959460623196) 6
(260.4234887306534,596.8825207653288) 5
(380.9266520697539,1000) 4
(163.5477076992787,1000) 4
(942.3121008019358,360.69225969495915) 7
(580.4354631192898,649.8224488880284) 8
(245.490430163568,280.77033821823727) 1
(316.31747855923567,141.52297929917563) 9
(71.70523518427393,375.23204255272566) 5
(470.34221249989554,262.49476387997004) 7
(832.0358883680558,791.8466641389881) 7
(267.4066807874643,560.7095710426117) 5
(434.12749714950394,41.13417390936655) 10
(835.9343270557042,324.5385987920034) 8
(305.0979171321343,538.3344824906757) 4
(525.8230611273806,49.00341667334095) 3
(543.9954399789023,627.5275434510885) 5
(158.6256106498564,726.5549322767874) 5
(776.1943757882311,0) 4
(468.9677719076357,1000) 2
(728.293969158754,548.9133811681795) 2
(605.0737017643698,136.57027849627747) 7
(0,655.0986154165575) 7
(1000,204.10420500038606) 6
(749.5394352330169,999.6499432405842) 6
(203.71545045592484,575.6714118254284) 1
(631.1232365626581,852.4150783922692) 1
(1000,321.6599895559779) 5
(549.3885886066919,537.5545841888581) 2
(52.255403555241344,735.4396956419862) 7
(610.4832154694416,649.8880876754461) 1
(1000,157.00497165818314) 1
(703.59845336035,354.67687788715534) 4
(150.46157339059891,917.5425981237795) 6
(709.0971240125161,525.9187346533923) 5
(495.34831983217737,1000) 1
(409.67327632009926,963.9812617124699) 1
(584.5543437886349,887.2428425987127) 7
(1000,646.7417112698266) 5
(384.67112907303715,159.04538545773516) 5
(1.3481988221257097,0) 2
(631.3842859578435,332.6294253264098) 6
(417.35783308003164,0) 6
(599.8833006158706,132.20748862727885) 5
(178.35699810129069,396.96759979415555) 5
(451.2704798329604,310.4376021551798) 6
(653.0153956018023,337.2534207730603) 5
(62.192910334243436,95.4608734825353) 6
(226.37509265888843,740.0631300642927) 8
(521.6510045379714,354.48705872348756) 4
(250.39538630903934,835.0780837179439) 1
(336.65568724577497,867.8591554992395) 3
(257.5677279105611,657.4182663712788) 3
(251.9550801500629,1000) 7
(669.3736799627686,629.2990209699637) 5
(6.308775372294292,563.090835671635) 5
(518.2746074189838,179.7189939510145) 7
(337.2243703541476,334.42880945280274) 4
(247.30210169434446,430.73115514368) 3
(714.7762525797111,453.9998604013608) 5
(404.17845686286347,867.7750313936804) 4
(659.4794158375715,307.30108318565954) 5
(497.84904866770074,565.4341599397969) 10
(94.79884736440238,539.5251048928066) 8
(501.3934204630155,189.9704513348941) 1
(335.88041788097576,745.4500895579873) 5
(348.44102041590986,265.7201714165004) 1
(292.4823292955333,388.9152985658055) 2
(546.5190643592192,277.2482723687215) 9
(995.3372294971064,814.6070910803646) 7
(435.837855753436,455.14464096238237) 6
(366.3123881798892,1000) 10
(165.11807238353072,456.9045799528167) 9
(468.6919572489366,457.4744715690446) 5
(900.2540253731763,1000) 4
(452.21018907146436,475.6793022867254) 2
(0,640.244553444132) 6
