1000 1000
10
(0,0)
19 80
200
(242.26534733316322,927.4354291785169) 3
(471.0915224533088,308.52145253995656) 7
(423.40773145649854,824.4311195217883) 6
(268.8019837225403,185.64902626931274) 2
(0,639.9026132682677) 10
(436.35154029010863,498.31085381798465) 6
(723.3077499762967,524.4121608042426) 3
(362.3530497765354,0) 1
(611.4183737721373,557.6953885562027) 4
(491.5405882762415,757.8780453564967) 3
(404.01004150389383,428.51444500407894) 4
(415.7263799032657,0) 3
(1000,574.8638210852183) 6
(618.1082449631294,684.1916895010143) 1
(315.57699544618276,279.1751220218404) 9
(646.7667394814061,625.9798021277483) 1
(928.455711309216,979.587512843555) 5
(534.6713862089852,0) 5
(868.8095462344916,483.8536159179207) 1
(24.035835447326917,866.7112235855725) 2
(572.4645884264105,500.86132864487087) 3
(0,0) 7
(453.15712897818037,566.3607217962424) 6
(101.59710190650577,593.4988231454586) 3
(1000,0) 6
(631.4735620618558,749.1355680399502) 5
(505.99673319041676,829.7715606801564) 6
(405.8915287873112,558.4849991180598) 7
(244.6747557097251,695.4601112365123) 1
(75.1273567357535,612.422814002837) 1
(318.3447221495759,194.26798281503125) 6
(269.4264810008665,774.7486598919279) 2
(773.7382361536573,670.0571039408245) 1
(573.6985249117096,579.4350782345809) 1
(122.82269111993679,782.5347547959816) 8
(852.7804050270179,487.87969991974944) 5
(217.8322932463928,299.0198045199328) 5
(471.5791400633965,534.5218608724545) 7
(0,536.7383468843105) 7
(412.88807279305485,101.19003968819936) 8
(843.5881507241922,468.2651672710926) 7
(658.3377901456458,477.7888530956386) 5
(568.9109964769682,1000) 5
(331.7041299668472,460.8844192577663) 6
(343.54185676310493,278.501048069645) 6
(636.869832823205,685.8422942547148) 8
(0,1000) 9
(915.0421555555472,758.0945057019877) 10
(87.25712299645625,319.63326137772367) 1
(683.4848100695976,681.4313598909815) 4
(457.99416107787494,737.7374666875194) 4
(390.0190971832703,0) 5
(557.8597578580025,284.0567399565569) 10
(485.8994064896957,418.4083944441533) 4
(674.6735131838318,219.32251119419038) 8
(784.1409361303156,681.8542492281733) 3
(505.9302024965627,136.7774425740031) 1
(587.4066950009777,0) 6
(818.2393142167748,263.1770995478438) 7
(329.6141692932042,742.4205876224522) 6
(361.1601184120518,492.72706805889294) 7
(964.3288086867703,1000) 6
(313.2026526756205,847.0709620897313) 9
(709.3324004321272,267.65833567572696) 1
(392.74770034025465,655.6884532739826) 8
(632.4925643567727,441.7734703586379) 5
(398.9513383726671,690.9503569124008) 1
(995.5956760967244,988.7774791861422) 2
(512.7326794416995,600.3281702389916) 2
(1000,689.6665437303168) 7
(610.909466194088,949.0855304820034) 4
(151.47123479767026,915.249640160866) 10
(235.0591353340771,502.923124730172) 1
(379.22406515330385,485.59689163689353) 5
(11.11604403972342,692.0313616464692) 6
(149.23176912405012,196.23561971937193) 5
(5.9874279468015175,582.4752750151547) 7
(0,786.06448991817) 5
(747.6455695039965,401.0291401734215) 3
(416.6954393041599,461.25656872900305) 5
(357.7109667189593,627.1067310541298) 5
(915.9462404739755,233.63457471495366) 4
(1000,512.4732093187378) 1
(0,460.30024159098446) 10
(773.8926297740408,53.97265663772123) 3
(170.774771931781,983.4159589745664) 7
(414.4713228785507,694.4514427449553) 4
(73.33348489854109,761.7454148330871) 7
(258.52179587496,318.25519893241665) 4
(752.7720046979207,55.5544820312129) 2
(664.7217309976688,622.1621529849266) 8
(71.6164194912053,984.8320070428022) 3
(477.3107444311787,862.5888419929727) 8
(748.7080317095945,654.5626019213996) 1
(643.7471674777485,444.2056230586556) 6
(549.2786556366392,611.7123376602568) 6
(377.74157837568214,733.9335852753238) 5
(891.0838544653874,582.7709207119881) 10
(1000,9.70798557608066) 6
(678.6200106453484,1000) 5
(1000,249.56495058767652) 10
(364.15942424799323,413.3334848303984) 1
(12.551932505262812,801.2118672759077) 7
(342.03366882862804,0) 10
(462.25336571636814,353.89097739716226) 8
(209.19653406609865,485.00654819520065) 1
(516.0378131876644,616.699261316911) 1
(51.356092686570605,548.8671091009824) 3
(775.2023686460641,715.2906122093398) 4
(888.2742664027003,1000) 5
(677.6812595708244,0) 2
(559.8474861848241,302.4689084424487) 9
(422.3874770950612,754.8172040860638) 4
(70.23037817907107,501.3797282078589) 4
(217.26549172354134,371.19529697683254) 1
(600.1987302941383,992.3921673499276) 6
(533.499243760522,247.1058236371458) 1
(290.29200350068504,127.36343086839827) 1
(674.5127472568879,1000) 5
(373.3460203623856,401.27768743981943) 5
(0,907.1683612947959) 1
(518.1793822942147,1000) 4
(240.4450398287799,250.0562700240961) 5
(636.9053442259379,475.41278822834437) 7
(378.1501056275615,62.25188174338837) 1
(503.91435361049696,855.6856911973912) 1
(661.0746656165641,704.9033190527323) 1
(397.3149949361269,104.3884981897707) 7
(1000,956.9230260622503) 1
(850.2810715343318,552.2922828629639) 6
(840.8137847563589,53.97187967489697) 4
(457.1699042577214,77.94095971273072) 2
(507.5789453869834,506.8831757701397) 5
(359.3672967787104,793.0595373509815) 4
(282.1326842276236,863.3800273973552) 6
(580.533401887166,586.8146637664453) 1
(250.14996969600261,485.1681977469411) 1
(1000,202.0240268969357) 10
(1000,549.2629757418088) 2
(740.6066089910495,473.8691670458964) 5
(0,787.6443091568383) 3
(348.8911415218471,800.8232003184871) 8
(865.75486457841,251.84221126735395) 9
(804.5716809542921,632.1507085159324) 3
(513.9226252448144,401.3514647903052) 8
(704.3121590964354,193.0504743117695) 3
(392.87728532492497,422.4257331773146) 3
(943.6372244831463,325.74019675710997) 9
(256.81467114496365,560.9332896670551) 1
(636.4737876494869,0) 2
(710.1939317553372,440.6455992533074) 5
(286.6990634210589,1000) 4
(823.1872476472835,1000) 8
(824.1737371886048,251.17507676834057) 1
(302.1938620919143,0) 2
(895.8998483824046,859.4532335066774) 7
(721.775984143045,988.430791597477) 9
(655.1824685402485,13.698183001326754) 3
(773.3630600362734,916.4061535574072) 6
(1000,765.3212702195258) 6
(1000,709.2841686929384) 3
(405.45845164023456,395.92010582473074) 3
(145.07869538956214,335.08984365366723) 3
(392.6777996525568,437.2742871312942) 4
(78.62110073887317,70.90728222146873) 1
(270.20186626466875,1000) 3
(860.7186967549003,425.7995762748228) 2
(199.9697018547493,477.9801215628729) 5
(298.94114437425924,177.14377890682727) 4
(64.29544957002713,580.796837751432) 7
(360.92642640230736,79.11301469630581) 8
(674.7820718322654,368.0772056820357) 2
(431.3122170915129,221.74140901362784) 6
(806.5891795051948,252.67360897648874) 5
(733.6765206582206,299.85287516494554) 1
(1000,1000) 1
(583.5349837631087,471.4289861960005) 6
(1000,438.27044621751577) 4
(552.6353767442006,433.9197295842275) 6
(529.1376306961813,972.0155943423194) 3
(650.1549641997551,774.6227536752044) 3
(653.7050057858489,251.04039746574753) 8
(643.2288651203631,656.8995878598777) 3
(267.4045674355617,1000) 2
(743.6214587693851,172.47845406938285) 1
(445.80199851734045,1000) 5
(192.30795973802913,0) 5
(582.103933101097,354.1694048127481) 4
(632.3467046570876,740.9186597400324) 1
(151.74420399027974,539.4189241937928) 6
(790.9555710673953,669.5020445275925) 4
(853.1128156333273,798.4023421354748) 2
(1000,291.04737491679856) 7
(14.2771451516752,0) 2
(290.6711364810584,452.16839132646885) 4
(259.46121864306383,1000) 10
(669.6639817912114,0) 1
(704.3075409178468,1000) 10
(668.9503666244179,158.48081727835296) 8
(993.2349154964073,1000) 5
