1000 1000
10
(0,0)
19 80
200
(877.262324644385,655.4305186359293) 1
(305.4996895820311,516.1450002149198) 10
(0,725.3684204199676) 5
(264.89915961395474,959.515260307284) 1
(58.51976485799821,573.2727481638753) 7
(415.17583786813435,277.1253195375353) 6
(226.1771017460781,304.233234324337) 6
(282.44274937302106,143.86267846591528) 3
(0,655.3750144025314) 6
(610.9307399263288,24.93082898920244) 6
(860.2269234737574,556.6962433378542) 5
(664.9089997663642,602.0477008443231) 8
(234.45313414699388,282.36393399992494) 2
(597.0337079522665,242.23544501837716) 5
(315.92807158583906,55.950714789703625) 1
(291.4114130568423,756.4208595143702) 3
(0,354.7858848214338) 2
(419.64094054778343,674.0961882863985) 1
(524.1591623524334,688.1437035063678) 8
(284.03787202055224,154.15151001744874) 1
(580.3572413180449,975.0806619793691) 4
(361.21309996051343,775.628290043724) 1
(596.7370732167693,821.8352273125761) 7
(0,91.63784195165692) 9
(763.5804206204084,730.3652463529666) 5
(608.4455685870109,0) 1
(615.8653977701986,677.5063133736741) 7
(795.3903116183144,818.4555262357583) 1
(169.03084956352768,559.5949872298479) 7
(808.4630976267008,210.68450519431343) 2
(977.7487397467088,346.3996810032256) 3
(1000,370.65402465862564) 1
(505.62208489769756,175.71442369885386) 3
(523.918629456555,488.97921465251574) 1
(0,642.1534327520343) 1
(626.7506382002856,898.9335506192788) 5
(508.2915497662917,633.4891114835239) 9
(894.2244291077668,839.0903161834779) 1
(0,465.55520813777576) 6
(467.6454154143085,47.37979916439377) 5
(554.1439081794315,1000) 4
(339.0219938377566,126.14115098460303) 4
(42.44600255511216,925.8473797260345) 5
(716.3651610695024,382.14303176418554) 1
(522.1208331023252,582.4127773588933) 3
(493.8798760732799,573.5539956905689) 1
(1000,266.74551361589954) 1
(783.6658185889935,0) 4
(289.06852723414397,463.11042364263614) 2
(475.0428656249359,855.6687781187293) 5
(340.7817914288985,580.2695287534077) 1
(0,896.9679062618459) 3
(872.1200394899545,1000) 2
(481.5372098297289,437.75508748124327) 2
(453.00834690684627,686.7918041192897) 3
(1000,277.40419714238203) 4
(492.78159004062854,518.9943955289423) 1
(468.74483798895477,362.0895728125902) 5
(995.4027809430996,0) 4
(248.84092972973875,288.3377764766855) 1
(288.65995664226057,202.09356914226726) 1
(561.5993880055032,280.8157138582245) 1
(645.277499632328,595.2659083834902) 8
(1000,371.2656675139763) 9
(541.6024070455464,645.6663142970514) 6
(0,616.9425515142754) 9
(687.0963586439125,0) 4
(643.6845640329828,0) 2
(271.4525277465917,704.4642812614205) 2
(786.3127352971467,346.5417495183691) 4
(281.67466514009595,989.8334553013594) 4
(540.9324718971956,916.4140239927009) 2
(538.4185777247047,567.4041360761682) 6
(919.6208707059463,118.77774783369455) 6
(806.4868571022871,245.1790696840239) 3
(574.8091539631887,378.50689684325386) 6
(0,854.0182694059185) 5
(177.57254876873208,968.3534548253019) 6
(951.7326406644137,535.3068694532534) 2
(933.9076779340694,324.06120028672) 5
(499.98090741942076,594.7652004335864) 1
(752.2208246755342,725.4996920217668) 5
(870.4654799589343,658.1853022904739) 4
(171.84846371960055,234.81283456429276) 10
(0,0) 6
(949.510255312384,368.0619429576204) 9
(886.395456793508,556.0977739928762) 6
(812.5754978293638,828.9617584349782) 10
(372.1023371255582,754.3500204294023) 1
(365.1639870957041,1000) 1
(237.26592512379392,854.3451988806887) 4
(539.9319055239771,651.9056006375752) 7
(714.8219902093758,127.47871398449308) 1
(191.83369852829736,28.06473556692862) 3
(457.800901530603,163.70884338388936) 1
(334.87121670762303,572.9705836637268) 4
(384.19660008183587,672.6009991043375) 5
(614.0965117960855,397.6483819564419) 4
(419.0295340967896,442.3903566198466) 6
(721.1056176916957,480.0680292996804) 1
(746.626285733932,977.19097287474) 3
(653.1450680666602,800.016589167386) 9
(785.7928539236495,499.1167486835625) 10
(726.5717850018818,700.5629971240897) 2
(377.69519563403566,688.3637683905821) 7
(387.87994578581083,454.67807164095916) 4
(1000,296.3571566426705) 3
(627.2261393662347,609.7447286244925) 2
(850.5215612720348,413.2762870838363) 1
(616.7932053104854,812.0114927807836) 5
(868.2217957034994,550.1397885294132) 1
(0,1000) 4
(876.7628198744308,827.5111486311541) 1
(0,486.0143810498044) 2
(905.4925825243613,0) 7
(449.92467049952427,661.8268019770608) 7
(380.73339241994097,317.5368888303861) 2
(431.0367117981498,975.898198652456) 4
(859.4917421042765,528.3710165895013) 2
(265.01363328050286,123.91765701211472) 3
(168.39281801592352,549.9886219140138) 2
(0,245.8898487945489) 3
(539.6839902956364,761.9114929199662) 1
(467.98515718167846,1000) 3
(597.9406195187764,304.0347113581352) 9
(975.1044813752384,540.5061564990333) 4
(735.6142200033642,255.40054991543693) 1
(447.1354414458448,727.3589958834041) 8
(220.4681631622588,679.6034975784324) 2
(97.3406785066914,405.6315863910155) 1
(7.541778196650284,76.91699526430631) 10
(852.7242823206102,625.6922788680829) 7
(332.8455887672568,478.11810457546505) 2
(23.974397817083002,635.5430570994689) 4
(1000,359.61892503890465) 1
(706.2598783218193,442.03125378910215) 6
(515.5903448964172,662.5920825466585) 4
(652.6706262656891,458.252819495463) 6
(498.19572898409837,753.1133160344102) 3
(373.76768706147936,1000) 7
(798.9307989045194,474.76733552374594) 4
(217.67339590048095,441.71746466570306) 1
(501.6108451639635,148.08281842145936) 10
(334.398342393509,862.9076801086509) 1
(481.1487308192547,776.6250550198122) 2
(0,594.9477659913587) 6
(391.34292561325594,447.56222614485176) 4
(1000,726.0178984081616) 2
(156.74321592427913,258.16541898812) 9
(632.658178092652,1000) 9
(723.1518159566444,543.2130969959) 5
(839.2999938077812,222.4669377749933) 10
(801.3144692014424,339.35695526001905) 2
(274.39520206340666,700.4528999450094) 9
(823.7647402704777,0) 4
(690.7318841344771,662.2525740715005) 10
(724.3409676536686,927.7254845934356) 4
(758.9676048013084,1.530118908735517) 8
(434.69410428785454,57.99483538915598) 10
(17.320484775478747,713.71929050829) 1
(319.72234468305146,157.49782076057033) 1
(449.33034355814755,202.97677540062352) 6
(805.3905301026978,135.85130880350346) 1
(570.0887506882698,0) 1
(696.8400337550781,141.58202343569076) 8
(0,785.191429350999) 8
(813.9640012874313,640.0298524600018) 7
(366.276517685556,281.62907644103404) 4
(832.0174835645312,214.71258158683082) 2
(545.2876310397323,295.8731313589808) 7
(613.2963902545816,911.668274758493) 1
(400.81329346922354,150.06578254846164) 1
(1000,296.92545585508054) 4
(683.5625448072776,194.80326096717152) 8
(772.8920392042819,0.6425009159879096) 8
(627.9845476737138,586.9435475390236) 7
(493.7874902504596,42.05202174515955) 3
(465.9567136529447,76.93372811988337) 3
(541.296660858995,0) 8
(1000,1000) 9
(609.5149870080147,0) 8
(774.2801676293666,438.15310527167696) 5
(784.7039657579367,482.9313203526475) 5
(612.3443695262976,193.26722348335505) 5
(362.4056777045481,829.2498386744022) 10
(257.98127072219756,414.9233251136486) 3
(464.56539443667475,352.53281310897944) 2
(437.65654136747446,113.80511085549387) 1
(962.9211800634378,487.9382707665119) 8
(104.59785070230038,713.3980819692981) 5
(253.52826000905492,586.6073727779127) 7
(1000,476.4117178188553) 4
(129.76172900704807,493.97516120884904) 4
(768.7615176088566,396.1836353325058) 10
(511.42936406092394,470.1854594440382) 6
(862.6810041101066,0) 2
(311.13692370079923,530.9295053303199) 10
(937.6731346930005,185.87843773897833) 1
(697.4918925377013,875.1261211967474) 9
(557.0057641885077,406.26052113281327) 6
