1000 1000
10
(0,0)
19 80
200
(1000,280.8907628155017) 7
(223.32487178781065,1000) 6
(123.23063645246458,444.76648070336444) 5
(605.3847228143593,723.3266152491111) 7
(770.8881622600184,580.4144901102685) 4
(474.7312694725066,405.1874389574827) 2
(370.16540602660945,821.5204005483527) 7
(821.5474599139764,78.27152593987637) 7
(780.2818798483019,434.9010894703914) 5
(227.9953129304854,397.58087489363226) 1
(184.16280613834152,556.5828276813311) 1
(1000,648.1896909540474) 3
(886.8763679877817,516.623928799325) 9
(692.8063170424786,431.64040731919533) 3
(41.85740470516299,461.54575135330447) 7
(968.0027607425524,629.7147007037983) 2
(336.51670269948534,660.7404782871463) 1
(304.915696320057,137.32654909106128) 2
(989.2438455253703,291.39488208052046) 7
(956.6066667568916,1000) 9
(459.6221820543492,858.4766104848795) 8
(324.7649816155646,1000) 2
(748.6601513671469,1000) 3
(434.5829917432512,407.62228798709907) 4
(0,407.5992775372731) 5
(463.2429029148739,407.57523050886215) 2
(882.0561793351721,71.21298309377767) 9
(475.3565563227473,364.95333425151034) 1
(103.45165291829647,1000) 2
(716.6763132807248,555.7306362460322) 4
(1000,334.7249246456372) 7
(513.1102502045846,432.05002583384424) 5
(765.5872392562912,691.0973270674668) 3
(601.8733578802769,594.1968014723151) 6
(190.83175329855231,474.7259402666317) 9
(594.24522038741,748.6109100296374) 6
(864.6295159433491,251.02004101201024) 3
(1000,260.5878031024346) 8
(0,600.2584548765675) 7
(487.4082541598656,581.7879486068505) 2
(0,125.79008203732707) 10
(492.0451252169929,275.0013550272288) 4
(709.4175947851882,270.7236894955138) 8
(1000,861.6526359357463) 4
(289.64237664307836,85.86061479987336) 3
(1000,154.74206727272542) 3
(929.0240001866559,435.50881785660124) 8
(1000,11.014947962428266) 2
(0,200.43910809193807) 2
(273.1071457761286,420.01371068337914) 5
(510.7997135550038,455.50532070318883) 10
(1000,755.8076532075437) 2
(0,335.9131120314173) 5
(615.0358084407076,452.285584399321) 1
(915.7348316965645,773.6716895399776) 1
(502.41904491010627,722.9435393391338) 6
(672.5455621880287,1000) 4
(395.69605223484865,662.9596206797114) 2
(0,689.0919710734184) 6
(522.4982368382521,519.0576510297373) 2
(130.57496944926754,1000) 1
(812.8916473484385,767.1440023845903) 8
(580.4201072045805,52.031931022449555) 5
(462.0797658919584,819.7362138299268) 3
(111.49872785154508,115.16659547687243) 10
(585.5073605010421,71.78880803872534) 3
(508.0681986172895,663.4769113835348) 10
(368.3296281593447,423.33555322103086) 1
(67.58492909299065,222.31773426173015) 3
(118.23643857749965,555.2732485933572) 1
(146.76878243020656,310.2089516242131) 1
(752.9798910759015,818.7723892387235) 4
(16.545927002710755,581.404016294041) 8
(349.48442384401756,407.1105541625104) 9
(1000,457.41002405179734) 4
(621.2895781454374,790.7015203994167) 7
(403.8663773821909,628.1886313013) 7
(574.1668510871077,427.2837279651106) 10
(1000,579.536910615697) 3
(988.2329894274942,612.2797218914504) 1
(1.366020600147067,337.7437129762369) 5
(421.44326693131904,130.6116145035598) 10
(495.43974273243134,1000) 2
(604.6607089210675,174.2994377268364) 2
(338.1641496916849,119.78092178249614) 5
(122.22134857606648,196.99044076266028) 4
(189.7112220203786,904.1060869058281) 1
(871.182450858167,790.5828602433148) 2
(617.7799987001949,371.58279414295555) 1
(0,1000) 1
(610.7248235248778,929.00132425334) 5
(0,322.11159208525874) 2
(357.6129627865996,729.127393478215) 1
(893.8146679066833,362.68869946104064) 2
(1000,786.2271625077386) 6
(118.38898754921371,527.7630135542395) 3
(514.9344477504789,538.2280165101615) 5
(502.51416050293955,712.4276290728416) 3
(492.9303529274119,368.5911273690291) 2
(864.9842338554473,358.3282082406945) 7
(259.30168884407726,159.69408025962252) 3
(656.2992044583482,541.9734524959347) 1
(524.1936196308328,169.53567522278655) 1
(652.7488549513631,318.06636856340594) 2
(335.8833567362136,544.4945440839389) 4
(475.70207656666634,728.3433583665509) 3
(1000,543.6706900564077) 4
(552.8266618245849,752.0039233157465) 9
(501.09672923176066,1000) 4
(861.8828721495167,582.407543624153) 2
(183.46404769280747,0) 6
(8.649846045016204,652.742450857595) 5
(880.7989127163419,476.61486023790707) 8
(1000,541.3230163428474) 3
(14.579664411020246,211.55555767915638) 5
(801.8160541881881,362.61193484978094) 3
(167.31317545437832,777.6390879168173) 7
(1000,266.79026466224536) 5
(1000,795.5574597463165) 10
(814.1816294482771,564.4579220165203) 2
(493.1551382129719,315.3922176509444) 5
(93.82150347829798,577.5591226708682) 8
(94.23760037616705,573.3853661682233) 5
(386.1121438486452,906.744198195038) 1
(617.3085036676353,199.14940754614435) 7
(556.4040008924408,489.8483863517712) 10
(522.4496543157328,565.7658807578757) 8
(1000,847.8707229975184) 1
(247.38848866964437,238.65330519778212) 1
(159.93756883879638,780.4220500218543) 1
(157.88354353201458,705.7776840342259) 8
(660.8230088279032,271.49999392952566) 2
(500.3077146663929,250.06701882836066) 4
(370.80665789757666,1000) 8
(282.83975066844096,1000) 8
(769.6371796877326,784.5750901711132) 3
(280.8613450967092,782.3647901628398) 7
(839.7092029919852,362.36772740844685) 3
(346.8271633177778,1000) 1
(521.4556587240183,439.446770537298) 7
(178.46786589321022,880.0698974766608) 3
(839.5240180592434,616.4362994515486) 5
(385.4711170063467,216.65399895342136) 2
(368.34522523480547,646.4023988205134) 5
(903.6279100410864,297.2220016490052) 10
(494.2912356299699,1000) 6
(271.63178747340635,696.0910310590077) 10
(507.72644398879316,764.3846839737762) 1
(923.9626214655996,566.7716294585965) 1
(465.54461212597266,776.0089742682587) 7
(169.80661861328701,604.1808516426697) 5
(729.2144957855515,309.9640303300572) 10
(573.8070706471051,529.8531739859046) 7
(368.8797330148768,407.26586249257605) 9
(749.7991512152151,465.3548375209111) 3
(206.39917287267536,410.507850075266) 2
(529.2339840204295,218.21916227001566) 1
(390.2341444844764,541.9172759129024) 8
(390.4920079903036,0) 4
(899.6141515069136,219.5923731482356) 1
(700.8566315735939,1000) 7
(1000,0) 4
(973.0248553576828,516.3619135843634) 4
(504.94932296592356,378.9780410507221) 7
(724.1256071371578,322.0292057588088) 2
(507.195410847494,328.0552651816842) 3
(856.9972244201074,468.1102236341744) 4
(331.8130225690197,484.57120852452607) 2
(790.8358934290194,268.9123131411437) 8
(571.6450218994792,587.2016639495748) 3
(71.50121959964292,1000) 9
(702.0496674099476,1000) 8
(391.7982269933264,518.7442615134969) 5
(276.12031127884853,383.39430356472525) 4
(0,988.5269178567437) 4
(1000,112.27395751646662) 3
(448.3113378996629,74.59118594273139) 1
(752.0495032022161,210.92515938869235) 8
(466.72097395396116,693.9637966797711) 5
(373.5064471495159,522.332839401839) 8
(764.6332636521622,441.80177660823074) 5
(459.20234058996704,529.2039398885651) 2
(235.5709517308876,597.4558003206065) 6
(325.47960486555553,70.27874337922202) 7
(0.011727216607255286,485.95601315012823) 2
(521.1771451403274,435.18793958462095) 3
(159.65122086071597,107.44207059813101) 3
(164.79505682333075,659.3462384192743) 5
(885.5734717589024,256.62643847246176) 4
(163.52190814730318,537.4147339753858) 9
(823.1422041174609,154.6006530885589) 4
(657.4679851364964,77.5640023479487) 5
(777.469356122879,363.87556461032244) 2
(1000,1000) 10
(443.4584514778164,789.6941192150061) 6
(793.9589325383826,269.2050953675724) 1
(1000,75.96277764245303) 3
(238.6405297703542,621.3457919970739) 2
(1000,835.5362092354294) 7
(595.6647316208156,538.1737975088967) 2
