1000 1000
10
(0,0)
19 80
200
(348.7107058786511,0) 10
(334.99973933090985,660.3991888103809) 1
(25.404088628211582,296.25863233175664) 6
(1000,208.25755754497135) 7
(0,784.9840663522449) 8
(680.0235258138626,412.16100982473165) 5
(157.0359899981296,366.75663338446356) 1
(0,617.9354082046175) 6
(735.0446425027518,543.0428002881351) 5
(444.90120822788026,617.1438457242268) 3
(1000,161.1766441905553) 8
(813.6743892205916,485.5624690374442) 1
(104.7656014648158,478.34948326856596) 4
(448.5276210146259,407.86202828296393) 6
(624.5306892999059,430.44878593681943) 6
(542.2661723998314,239.42886214879377) 10
(271.5035570836396,378.66206040847226) 2
(88.46829775010116,819.5251009619016) 1
(718.4265892642732,295.41926108160544) 7
(244.2875060841618,350.25269071310953) 8
(294.0595625496478,463.7609260447797) 2
(256.6638513510039,614.7586929795871) 1
(77.77570358691878,0) 5
(407.6840943032249,747.5654936797116) 3
(218.00968113755476,122.10468724504096) 1
(309.10691276627824,297.72075882138336) 1
(303.4713923294021,701.9341166037905) 4
(720.2212582793683,0) 3
(195.51229433782004,329.3764369672976) 2
(87.65370303445133,994.4898833002937) 8
(566.0732923064563,570.1159543317701) 10
(688.5442166560927,637.7979730364526) 4
(341.0249944127185,796.0201620883221) 5
(1000,215.6131845459263) 2
(791.6848160902692,628.430673437256) 8
(904.6858908669021,362.81182138974816) 8
(276.33103509970897,365.7740973031431) 5
(506.4423472302138,1000) 9
(504.50545327609206,245.71553228656967) 4
(300.6529599188733,308.702016353952) 10
(228.46871330547742,261.4496639452993) 8
(297.22576257356866,723.9000833617936) 2
(266.4420174517229,579.936807271368) 10
(100.65420698557477,878.1844494009989) 2
(429.52799473811973,360.34125432796304) 9
(302.78018170165285,367.4734093166055) 6
(634.3170669655535,351.03459732961545) 8
(782.8966337245648,705.8003596842076) 8
(503.0353529406432,1000) 4
(1000,358.8142069588439) 9
(643.4823329328416,1000) 4
(0,346.65511156904233) 10
(323.48394558667314,497.084519353566) 6
(958.0088934519533,374.68282243142033) 9
(778.3517659797681,725.3826878630383) 1
(354.0627481182775,600.6052961349559) 9
(461.46155462896843,570.9432003060294) 5
(821.0442142205254,782.4411981938431) 3
(801.5825758407908,220.62549581263454) 1
(541.7377649521444,1000) 1
(160.17652988749836,612.2788446634132) 8
(890.5875712651398,1000) 2
(26.217318500472004,0) 10
(1000,794.7591212641163) 3
(998.1648452712258,1000) 4
(757.2301673985851,308.23762623369953) 4
(0,459.0677799154441) 9
(685.9297643843404,1000) 9
(840.4388740979921,464.1458318146461) 6
(468.6052266623503,326.1829730555628) 9
(838.7182961842459,403.93581328223894) 8
(317.0257844228985,725.8995712899905) 7
(0,759.3932093033353) 3
(563.9656172576683,1000) 1
(360.302183353594,243.29696327600362) 10
(557.1219210280135,0) 7
(198.62924841474376,580.7399771846024) 6
(346.6755784478687,607.2874345149772) 2
(552.5732877225292,50.45646481326162) 7
(431.94678695197535,0) 3
(362.24405737126824,946.4705305281052) 1
(436.4579299019166,94.82740831886997) 5
(76.37760381962715,205.48027142672834) 10
(469.4351633995995,651.5082551655156) 1
(999.0321572936357,493.81936999506615) 2
(339.4458434522336,1000) 6
(534.3305812170747,594.7727673849175) 5
(1000,506.42535379875596) 5
(386.9851700869283,784.990669813184) 5
(961.0645882107282,717.9603451235922) 5
(265.19881032334365,453.8281206623759) 10
(708.4607406431844,287.5218527696667) 3
(947.6057227803702,984.3357002272571) 10
(271.7489684564108,320.5219085817356) 10
(750.6091595872257,553.6306597053373) 8
(924.7128682408829,825.6405641923061) 6
(620.9365145737036,166.86515641870665) 1
(721.8010691235988,536.0550861159518) 3
(185.50228192508018,417.14243792174517) 4
(639.0649992200956,367.9991331324094) 6
(292.87489707885436,1000) 1
(338.78545318008713,471.71810602688095) 4
(815.5940969424657,103.94535732391535) 7
(0,186.4318495340441) 6
(654.1771689879997,440.8509704137788) 6
(372.630881651554,952.3764014590846) 7
(762.9711216896942,1000) 10
(67.40889080105205,443.5721744580227) 7
(107.33847616437032,532.1740102817721) 7
(961.9884802842801,170.77953836492753) 4
(1000,812.4488593198882) 10
(486.351895890865,20.158430313762096) 1
(559.9335555852902,480.2885043865954) 5
(425.7050097197015,1000) 5
(185.36159098781894,788.8857989872077) 8
(316.6055667367542,59.67643195575664) 3
(808.9030036476674,293.62561407533894) 2
(285.33545175553536,351.14667568106995) 1
(0,71.06319787310457) 1
(360.8152140027305,0) 8
(77.22223265576793,814.8500646137436) 4
(716.3370381221646,613.9534779300352) 1
(648.8433239875648,783.4055499103365) 6
(677.03228895967,741.0848633905864) 3
(537.8555414143628,788.2909422413616) 8
(439.20102412239635,104.36960536370788) 7
(806.5805885632662,13.994347866485214) 1
(1000,713.3542787842778) 1
(504.23128771776453,664.7887044185968) 4
(239.25133022075784,0) 5
(215.6392890617551,634.5702805315232) 2
(381.15817382895193,252.10114809924184) 4
(436.2851907395537,319.70276115287527) 6
(882.4396748217957,383.86679391774015) 1
(0,718.982808522775) 1
(153.35533835077598,803.794450459266) 3
(313.68890946530917,1000) 2
(0,0) 8
(530.3028310038246,0) 5
(256.5171559858781,0) 1
(534.9384940783839,899.7969511480284) 8
(750.8000810123839,391.3522848126648) 2
(755.844766487252,403.26091642119883) 5
(624.2060277932055,610.5020353422318) 3
(267.4364487666397,683.2748998351599) 1
(796.2147623257365,402.3036978362848) 5
(719.5833353871283,925.605429789548) 1
(755.0063783208618,489.63513534500805) 6
(93.25258666582255,500.35373639089823) 1
(815.4473246756401,159.4678207929802) 10
(601.5216941377191,67.40629381910543) 5
(551.5216870556195,276.549095423617) 4
(34.41633139921129,524.973569531582) 7
(186.77047376640598,0) 10
(522.721390891965,234.1933126417701) 1
(784.2419276058074,862.3421934266115) 10
(490.45859656555746,616.471457624667) 5
(1000,591.9765198569911) 7
(984.5690619338711,671.9912764164056) 4
(151.99614173666424,341.3514627743009) 1
(193.0845018251075,1000) 2
(595.4067316185608,645.100908160839) 4
(144.82974412117346,457.0657150968954) 1
(592.9457368770438,444.4689139410816) 4
(1000,723.235670495385) 7
(428.18103176431623,833.3848033461909) 7
(354.494362320356,1000) 6
(737.2302101214796,941.8968676650044) 2
(913.3199181100749,544.7224085888403) 5
(144.3872918713992,685.8752521189109) 2
(383.39602851483977,1000) 10
(397.6904863557463,408.27719364625955) 3
(539.6231945384548,0) 5
(573.079398605385,486.15329368947994) 10
(0,1000) 6
(224.44281609824122,235.49653351045578) 1
(589.4125011907464,0) 3
(908.6067343005764,257.89208166239837) 1
(111.91170111534285,592.6182279673626) 3
(429.2915886383936,417.8453028509523) 8
(496.65861319403143,617.1145598934675) 6
(75.70418921543614,348.25792689922207) 6
(358.7481410424689,393.97459190767114) 3
(564.9112729307185,106.14986568567497) 1
(1000,91.72757189785699) 1
(982.6197500631894,700.5055999609033) 2
(897.7400646653266,1000) 2
(875.0558676222754,984.7227339356717) 5
(436.2893891482191,813.1225598977717) 6
(687.0789178507182,1000) 7
(762.902144852302,537.2335058502224) 6
(372.69012798213043,171.41602595385297) 7
(777.6904219091333,547.82703420764) 8
(352.7213460327107,477.65933998893405) 7
(826.3031163621272,540.2701285837636) 5
(310.8473169639028,348.861656808235) 6
(537.3335327918699,308.5496965998102) 5
(0,854.2194705118598) 6
(570.5791374815918,666.3365604835235) 7
(0,544.2156055993406) 6
