1000 1000
10
(0,0)
19 80
200
(916.6946131032475,662.123692484362) 5
(825.6649152152877,1000) 5
(0,417.2095519554638) 6
(939.7360049771619,656.1145259817804) 2
(458.5622395838368,556.4830999870942) 5
(202.17837319756478,1000) 1
(0,495.19253851797134) 7
(768.8466477455224,371.2448121616974) 8
(164.4860888362436,332.96107593698775) 4
(1000,254.23213617612407) 10
(167.6019721583737,214.89410106752393) 1
(217.6391129933781,748.4139431405629) 2
(1000,698.8148217731884) 6
(235.31723580412392,998.3876643208565) 2
(0,647.2316698609893) 1
(849.4835669549826,794.7365966733464) 8
(260.34132979160574,174.13710085860282) 6
(849.8582203044309,393.1647711616814) 1
(449.4426857952346,0) 1
(1000,26.5783896118499) 3
(585.3281210504051,467.1341854589329) 1
(1000,333.4254826604486) 10
(592.3018384910005,267.1558239006313) 10
(77.75208281782466,458.28833019865937) 1
(0,346.84766119979815) 4
(169.103139894857,683.6288982320127) 9
(143.50359532998573,426.8556692403828) 6
(420.4320905068402,465.70203668843556) 5
(413.17814579472144,823.0538075710394) 8
(881.4817216006687,634.8779012897049) 7
(71.8528422135235,313.001691616069) 1
(739.1442345773822,241.34423886002327) 5
(823.0005857668,404.3795621932066) 7
(701.0728221354728,436.78419349668224) 6
(791.3281231770818,184.43340538327016) 1
(602.9691469051293,503.57841004462347) 4
(0,929.0243039908166) 10
(721.6893349973648,503.2938810638782) 8
(775.6328928634032,637.5019295972165) 7
(909.7741834287549,0) 9
(546.8818443957715,738.3346556067257) 1
(165.00607671759298,591.8032914127393) 6
(0,919.1176763757454) 1
(391.7834900189752,735.1597615652095) 6
(332.01416109737335,245.30109112977343) 5
(219.88972161723171,947.8318802313343) 1
(415.2244760165064,259.7059160869318) 9
(644.1484921720476,274.16187594080054) 3
(727.6556077719279,1000) 1
(150.34436965664173,990.2866881548462) 6
(214.5573143199748,244.37077659091446) 10
(647.6491342981464,784.7030832610899) 7
(804.0241490935754,690.8586685439564) 3
(738.0930908777909,0) 5
(532.4331234789935,160.41625979078356) 10
(165.13942349354795,598.6969072117038) 7
(75.33758755222493,395.256941330648) 1
(488.82356938475493,614.9631494627218) 4
(742.8896089056166,319.06987824952273) 4
(908.9776881862155,470.33796504183965) 9
(636.2445741601538,617.5857250617337) 3
(304.67783193604737,714.976953386993) 4
(895.0677111057146,742.8139105286737) 1
(394.9500767448925,1000) 7
(237.88854637976448,486.3020543718664) 10
(626.8772834179205,946.887314298117) 10
(152.4730792865414,328.26251585485704) 8
(740.3013242640632,1000) 3
(379.19198914819395,191.90014057024325) 5
(626.0585009832633,0) 10
(0,275.3027085859724) 3
(325.12744954315997,258.49603062780864) 5
(749.8697894768895,667.0251825111852) 2
(138.9686424777986,0) 4
(454.6442664059171,566.7755384580054) 7
(732.9561395232295,591.9610755094405) 9
(611.2368039178714,492.2564513719531) 7
(1000,327.99408935791683) 5
(587.1204365025351,732.7662189274367) 6
(1000,812.2247603697558) 9
(436.42902392493477,621.987367845652) 1
(275.3194401957909,0) 9
(524.4388246559331,433.34268805095707) 2
(37.751312002947884,579.6344625957556) 4
(456.49598705470953,614.199704416187) 2
(0,281.2528261385996) 4
(365.3998815650541,437.75488880456714) 4
(622.5450760121136,261.94447535732604) 1
(224.49125817058842,585.5307509972396) 6
(659.5799301526696,998.4822035087439) 2
(742.1346048109383,635.7177429342967) 5
(654.8550636258899,924.667458972681) 6
(487.27267200084447,648.2907849544791) 5
(403.9942555657755,524.4913084365976) 4
(268.03474902301366,401.9543337363343) 8
(887.1950364082629,523.0668193453231) 2
(326.8772454609996,661.5020487428841) 10
(1000,184.23390690804632) 6
(911.9727296327953,635.2588516284264) 6
(767.6719348346876,933.5281801497172) 1
(521.2360830599293,541.3484860262427) 1
(267.71447292104324,750.2727311676728) 6
(1000,1000) 9
(71.40369204278471,378.0140385976322) 1
(0,492.7779144355919) 4
(536.3016943876709,450.2912635511723) 2
(0,40.540208905026134) 5
(179.28386789636545,614.9111880946202) 2
(222.35264774438605,419.92909880991283) 4
(1000,339.6402129638559) 6
(1000,515.8166641728266) 5
(397.5256711843363,558.8743177710749) 3
(147.97440115080872,686.6677290465508) 5
(1000,476.67914435393226) 4
(0,252.88659543626133) 1
(724.9587774927613,328.16924696373474) 7
(381.5056215750216,777.270183548934) 1
(395.6209997175546,751.9180275767287) 6
(711.3056150554103,628.0731299663256) 7
(561.9416967937707,605.2339794915015) 9
(0,0) 2
(50.84589780224951,867.2878023548778) 2
(0,390.52500881595006) 4
(668.454341971656,590.6478337317366) 1
(175.9507663853292,1000) 5
(214.30771388079472,13.0627699695616) 3
(26.425402652657397,264.7600853331777) 7
(264.3684837037318,452.1908061950111) 7
(0,948.9281059622092) 7
(628.5517172892203,503.59646745229696) 1
(859.2455511148596,167.44846150147623) 5
(398.26695388086654,56.70679502180957) 2
(467.1028523125422,57.946960930983664) 1
(402.7583530322103,84.74327019743231) 3
(1000,516.6010153154399) 2
(1000,334.71808748285923) 9
(673.4887117820504,355.4087690445957) 9
(0,473.86459680627235) 1
(0,444.0726585391362) 4
(628.5110952238514,446.99580633053887) 3
(0,553.8853873763135) 1
(0,596.3835519214215) 10
(4.438926833458709,84.36252426058775) 1
(696.1384403975572,268.29248791348596) 2
(825.2427223462182,386.9110820902017) 9
(287.3179900652809,501.3119817409112) 6
(335.37280736721425,694.0002068771305) 3
(961.3838099667639,282.40122394988555) 4
(70.00221119548223,714.2179935372062) 5
(1000,420.7516996674467) 5
(402.7904628447135,239.28942568364494) 1
(581.1181146096937,690.2137244139785) 1
(237.6795971063562,98.13575453166357) 7
(0,1000) 1
(629.5387936752231,165.57213641558178) 9
(557.5606436259742,433.6756728757247) 6
(785.6876623724133,265.833448338587) 10
(411.26018876990844,754.0377695730916) 1
(1000,0) 2
(723.8073534528907,602.10869278943) 6
(696.5755567120963,927.4067984512612) 2
(618.2593348671488,184.4023588182177) 8
(439.8137408826493,813.4297892405218) 6
(300.39031503897996,327.7320890557322) 4
(256.1446579455089,111.73809011064998) 4
(1000,295.4725571923136) 1
(369.3445976452598,635.7176894609476) 1
(633.9195777566331,0) 1
(458.3433989764401,294.2039555332099) 1
(732.2772338479059,408.98040516142964) 5
(658.0958865374615,1000) 4
(310.5122976547739,424.2803287235937) 6
(281.11667367126034,656.4108044760582) 7
(628.8298429925136,629.3954339133459) 4
(564.0794814517033,364.19611752049605) 3
(394.9389984383541,565.3285903112788) 3
(165.94994730778933,185.37914979056285) 5
(571.2825467015537,700.4409482733473) 10
(473.5261250938225,430.485594022083) 9
(862.8610309403994,633.7305740218083) 4
(47.4937764274149,594.6239355162418) 4
(684.7429260278707,213.50908291747555) 6
(700.0391964498109,872.0570003028769) 6
(638.4477906573009,605.9701374131917) 6
(597.2947439580176,0) 6
(872.9514078156362,541.4731897951825) 3
(519.0042105769074,0) 1
(638.2388428650394,198.22110800342568) 7
(712.6354628079864,205.70950243422106) 6
(536.7875757878412,1000) 2
(495.57012284711277,719.4930498742657) 5
(836.2815091546684,263.8107106788468) 5
(649.26538538856,237.49411516329883) 7
(1000,291.8826837288319) 1
(207.44313772505785,0) 1
(244.716177519496,523.3061738126436) 2
(268.0859960795152,796.7939766525972) 6
(165.29140751621168,1000) 3
(462.1339872241381,407.62488873604) 9
(148.51300855910563,193.7634106507668) 4
