1000 1000
10
(0,0)
19 80
200
(942.0767911700848,698.8004177095819) 7
(484.5408160803453,525.2112576722056) 6
(656.6585258233315,0) 8
(742.3044961131604,364.7089055649112) 3
(984.7141179929363,186.73107560615244) 4
(55.949802163066465,1000) 1
(1000,575.125993085622) 8
(236.2371311741427,455.9880303978479) 5
(880.4969281896631,445.4589423123218) 5
(1000,282.2451546195224) 9
(372.35233165594326,384.6048763589409) 1
(378.1092543340447,642.4904223269807) 2
(647.9196066020415,900.8931253524688) 5
(0,667.6190184223817) 4
(1000,479.84751881380794) 3
(603.4998470183059,526.6892484252153) 2
(523.6735702626513,921.9186135123734) 7
(0,0) 1
(609.2151756930582,426.4353542236072) 6
(462.71379337086046,993.7162359182535) 7
(548.6230920092386,877.2747620372224) 3
(677.1044322262796,355.63668804673773) 5
(300.84888249062016,627.4501615884277) 5
(590.2433273022052,768.3377539825731) 3
(453.5195175425086,0) 6
(122.63553206655763,317.56386956424467) 5
(445.9219500491486,162.38255274489944) 7
(252.36173873862498,540.2355846565466) 8
(638.8081065551953,440.5944875584479) 1
(689.5139412567031,463.5876128316938) 5
(343.7890152080412,342.45832668864955) 5
(724.8962059423749,564.0127212469192) 9
(427.7036978483693,843.5091217594411) 7
(857.0500213998271,308.35799916828125) 6
(1000,608.2827961478447) 3
(224.44911281568466,5.59623958891342) 2
(787.5905212472521,649.8401603362175) 1
(766.5151260287473,743.7429783283121) 1
(829.5683579002938,759.6949253562575) 1
(247.58019857405435,803.4319902355371) 6
(305.65477145153824,632.2856523973721) 1
(0,599.0553699344972) 5
(172.69389930414616,420.2973594722898) 8
(723.0697605324174,413.83653412895467) 9
(167.39078366492026,1000) 8
(728.0617165469184,373.81636233160776) 5
(328.9791475324288,732.6790683063543) 7
(305.38715651749476,121.85177838660366) 6
(462.88861975437817,856.8509300834045) 5
(600.0548191627969,884.7550100174901) 3
(653.2011785671446,769.6990317866042) 1
(28.36282382908422,537.1795147841367) 9
(827.8197137945642,764.6350909083897) 2
(0,468.34846951484855) 9
(387.0663971713768,240.95755151121352) 8
(289.60402997794796,376.63232035188145) 2
(92.42720519417605,570.5109589565302) 5
(352.53249041140486,622.5143039808634) 1
(808.217967521761,0) 2
(938.3469403746262,0) 2
(499.37350114457263,223.63284021571297) 10
(161.84006754618315,618.6704674507382) 10
(502.66024584174716,890.6982753467653) 4
(633.0566907625896,440.5863465929132) 3
(137.94159961931297,722.970374070039) 6
(331.9165588865294,1000) 6
(648.640641770352,408.9069989527485) 1
(1000,463.76402792465836) 4
(238.0363838391388,260.44426375781484) 10
(276.2757521136599,466.58111562029393) 8
(708.6276489903638,400.37797729807517) 1
(735.6179194626095,763.1866628734598) 4
(106.60168960654954,1000) 4
(0,547.8402361201221) 1
(567.837526334944,429.0410975043202) 1
(283.66895183731083,1000) 8
(72.27823644872973,114.5136295949269) 3
(821.4440230178011,0) 4
(430.82684739787055,365.0154533642394) 3
(1000,1000) 1
(174.3807284858736,195.3971001618728) 6
(565.578224362156,605.0158917651502) 1
(957.1147161991424,657.4284953532931) 8
(425.63601099641124,581.6045756342409) 1
(465.59343187554356,0) 5
(129.5538741085781,16.89545147546039) 10
(791.671289347126,570.9182677081561) 5
(265.49127205486207,643.6860747835723) 1
(134.11987998861463,503.32943483030766) 5
(1000,940.3879231217642) 4
(420.5728294182163,285.35665945285103) 5
(289.597966875128,185.39037192718337) 10
(1000,697.7065754290182) 2
(313.4862242106331,757.8128481458249) 1
(438.30837589513374,593.5057509904091) 3
(116.52205149510013,350.64912159724776) 8
(78.97237401569942,383.27662210739624) 4
(277.1486558442315,359.62000451485926) 7
(623.6808952041247,196.72767960007343) 9
(929.9056747774007,636.8867065782734) 6
(585.4899815657152,527.2833653841615) 1
(0,38.066064311158414) 6
(576.8231918784111,105.84732271360741) 4
(297.75036487932476,526.4753296464751) 5
(461.2600455933835,311.6084592174519) 7
(639.1916482041593,44.23135790206089) 4
(134.01825907036783,231.52516965664302) 6
(418.32112576786704,366.677662771454) 3
(106.1208245692959,705.5647532495126) 5
(0,268.65198032834485) 5
(549.9711033148606,112.43525951002141) 4
(342.5095815684366,267.7683114084578) 7
(391.6442818687648,914.2723669138082) 4
(991.3610806897268,569.9119859015152) 9
(651.5102180143931,562.7510102204736) 5
(951.7543829956285,798.8662355368858) 5
(787.2728085865422,816.5463258885168) 10
(581.6453774107983,0) 7
(240.08595540174792,1000) 3
(434.3748464755691,547.6111961790233) 2
(418.1227481200286,94.91188565831987) 3
(1000,588.6453037193547) 1
(520.1357109027286,509.35121727321825) 6
(424.92404842533506,503.1200365762132) 10
(710.7739224829097,0) 5
(567.1464700019299,126.82543495772887) 4
(186.23563492418907,451.58326538743745) 6
(567.6239121319812,781.0126410926403) 5
(232.0053842584632,431.08384862446326) 8
(952.0682533886936,781.596552255673) 5
(564.402331746496,804.4055828034401) 8
(188.97072839567016,527.9828484087385) 6
(367.1947030980339,293.35775798560184) 1
(920.4268320712414,1000) 5
(815.9246946753926,458.0860668326277) 1
(610.9615668521485,654.928027439229) 6
(742.3458699588896,639.6551777870569) 1
(154.1316661323516,643.9352427391343) 8
(775.2284338062436,386.22982565350753) 8
(463.8534058292703,858.2063313658646) 5
(465.87243075335425,267.6414020983653) 4
(577.8687661152134,1000) 9
(0,685.6005475932848) 3
(470.04836193049437,0) 1
(799.3482693525303,1000) 2
(46.44400722061289,405.8014361711773) 7
(263.04586416699095,304.5599462729724) 1
(1000,0) 4
(82.03251383209277,1000) 1
(1000,352.95425214290157) 4
(827.8197661907818,0) 3
(791.7367980265462,1000) 8
(599.4015541736487,698.429412359186) 6
(659.4366143823111,215.31623484140295) 5
(493.74675160425573,824.4318793876205) 4
(169.96862730291332,638.1128519521571) 2
(458.1818255653253,574.5861486163801) 8
(853.2877859422666,206.4030550727162) 6
(130.80418816753286,775.4555602938945) 6
(89.67387703813114,714.5486723164452) 3
(580.4836512564692,21.888680841934388) 2
(1000,350.48403731185533) 2
(1000,672.8109926931371) 8
(664.9098785029121,1000) 1
(0,528.3891791257573) 5
(711.0696606069824,651.3102519655824) 3
(380.0316382932988,50.901391368894394) 4
(304.56058604948464,438.7091588760645) 7
(284.0749509744908,1000) 8
(159.70857775637154,773.8751638290635) 10
(424.6604573180593,290.0049095943315) 6
(147.361979663949,789.3401677243235) 5
(832.1389079928404,577.1450739586835) 10
(434.97051097173494,921.2655726474609) 7
(9.283096538037228,194.93264114170728) 2
(514.0245066448246,740.6599282824512) 7
(654.9745055389596,195.3451262452307) 8
(121.00283080740422,357.95009045828647) 7
(420.8959677755242,165.60634735609108) 10
(584.7864246812337,259.9746341559038) 7
(510.7648283828024,848.3226132097369) 1
(103.38910138078404,267.71835197073597) 5
(668.7156513547249,612.5317171464698) 7
(411.797776439388,691.1895429888862) 5
(331.62067799318686,338.90519271905896) 4
(0,113.18504202155094) 7
(278.22790309584866,609.4461663657773) 6
(209.52290720573114,754.3003602171409) 7
(0,621.6598171646842) 3
(28.63384405785763,222.80313609234105) 8
(520.2242400536024,952.3648757370339) 10
(453.7160604675077,742.7808655103438) 4
(516.8376483887688,336.06836789242595) 1
(762.9637286048745,0) 2
(949.8760303011647,342.44436807664283) 3
(0,406.8782239043928) 9
(696.8481268607239,492.24034892223176) 3
(224.003853980374,414.0960999834625) 5
(1000,915.3772832852192) 1
(401.1620676592227,421.18845879437174) 10
