1000 1000
10
(0,0)
19 80
200
(170.14936760214084,869.9420345912753) 5
(1000,0) 7
(400.2448404494496,130.39271392550006) 1
(278.42520839250363,132.50589904669596) 10
(826.6208977912871,559.266392699531) 4
(875.5953536213422,0) 3
(528.0280864913578,862.5690740806131) 10
(0,0) 9
(384.4798935706409,259.21718351161365) 1
(379.41985680169114,191.05002400141353) 1
(1000,159.35461618969038) 4
(272.3694986837979,1000) 10
(377.53858184917283,743.9999600680865) 8
(408.91079905325887,787.0915022983486) 7
(778.6071236094381,376.9760827374449) 6
(516.5790009273599,17.888161300890374) 8
(756.8832853443732,251.2754682481356) 8
(1000,443.6235727059949) 1
(613.445891997408,813.8468784920857) 6
(729.6692483626941,0) 5
(26.93619747537076,225.26639392709268) 5
(778.662916329482,261.43812162265453) 9
(0,746.295807961122) 3
(197.74443350071527,86.0243074438601) 1
(0,544.9114756095439) 8
(0,434.26886992008417) 3
(636.3668193919406,415.05690797620707) 3
(381.4364792434407,989.5385560749652) 10
(326.974907769525,708.0979771120135) 6
(806.1020733173812,121.2148051456387) 10
(482.8111566108062,596.8254511222303) 6
(1000,582.2291673525216) 6
(409.427230336049,280.28442416055253) 10
(159.90747797483584,460.78540305770207) 7
(63.329507069170916,1000) 6
(287.4451829552005,0) 1
(278.40314240876387,638.6116785530285) 4
(740.3344254208222,326.96804906678017) 6
(107.98288630793928,265.85323975980987) 10
(31.317851540613503,611.3924958931598) 5
(526.6427951867901,58.464509560483066) 1
(397.5338006140835,831.0590201807643) 10
(423.14309862500886,329.21124346432316) 6
(655.0960728081739,355.3749608075283) 2
(226.9486014596215,188.53290857529117) 10
(438.0392426931199,686.2341673780893) 5
(920.7724514932021,673.3896915574135) 5
(0,922.5397490633306) 8
(888.2795263024574,290.30245931847134) 5
(354.0654312666187,50.31139855794521) 10
(1000,281.14373911073693) 4
(660.2743407522414,548.5009713597208) 5
(322.53932113733026,723.9948998486822) 5
(903.7585765952965,0) 2
(802.4025491688697,823.2093565576588) 7
(58.043022554032746,465.5139996994917) 8
(246.2406164266793,327.47505257686646) 4
(610.8547627327778,364.30351228954515) 3
(837.0007816806853,1000) 8
(0,71.05837712007184) 5
(789.1700813010038,354.4019447277997) 1
(307.0888498068409,793.7054937490925) 4
(500.26512798358607,1000) 7
(47.37997703074808,820.4878792551253) 8
(0,504.5736636912959) 1
(0,455.487938586782) 1
(445.3691044457265,1000) 4
(591.4974216239452,291.0803238240759) 1
(742.9370320742285,544.4028261633289) 1
(0,574.2189128144878) 1
(802.25906140142,528.6244448685063) 4
(575.0287423052674,797.6224583408017) 5
(181.0446840850255,711.0781545288803) 6
(249.0908931819916,717.8907174735062) 3
(66.18414363101732,101.67217478419934) 1
(303.1103132593295,496.6106385235886) 7
(879.4420508440282,477.27314741225706) 4
(496.12847552999585,504.7986298736749) 4
(771.7237228268384,112.40502113521615) 1
(658.6207089988784,804.0223413047304) 9
(327.42638905369546,659.9071191203188) 3
(317.88789099581516,99.94860608813309) 3
(961.4725920823491,648.3889178014714) 1
(662.765457417596,773.8176869943712) 5
(251.95373521868606,0) 1
(369.31193545539145,444.52310224639183) 9
(488.838118320958,689.5651319405022) 4
(928.6717457809915,902.8175353238521) 5
(728.7085874375026,320.44402929818733) 6
(781.9591591715496,412.981296882627) 1
(159.36718345096335,653.8235286009344) 3
(342.227140923594,455.83560949914937) 2
(812.3192381094534,26.716206960654176) 7
(459.846090524425,343.51946686669) 5
(35.067526875218164,1000) 1
(1000,434.98257161109314) 7
(489.92309397958047,543.7754414456532) 3
(1000,392.26812684949255) 1
(811.1672495608417,0) 10
(0,401.4516347357557) 7
(421.41071857269026,491.4552550422202) 3
(595.2872844036756,440.748491802232) 2
(155.72773502533056,506.6389905626089) 8
(285.1278724416079,481.4921307277986) 1
(491.0764311192425,794.4016443162258) 6
(859.2320140112696,412.03923792677574) 3
(791.5514150460817,203.9474487262048) 6
(460.2288144480203,524.694963895055) 7
(235.9748292601089,229.84414665176797) 4
(381.4514520862862,267.4134119914131) 4
(1000,305.2463836829647) 4
(395.76596320052244,249.81455351456006) 4
(949.2937295401609,789.3387523921319) 8
(608.6124388455996,301.33180534377465) 1
(206.85432943163937,850.1937925655501) 3
(668.3304185115494,0) 5
(271.2276077061229,1000) 8
(365.6456154819534,483.49322282500447) 1
(162.24908292094563,405.1150886171398) 5
(80.93216919117089,0) 2
(0,856.282195243042) 1
(588.8598529324604,396.10143765218027) 7
(1000,616.8147245327212) 3
(375.03310462886145,283.3823904598099) 3
(470.8410931734506,428.3712539728473) 6
(166.22550572089142,324.22976661450633) 5
(576.1901803694535,185.03448455966435) 1
(33.54020518527187,442.0334135637836) 1
(708.1896154481456,409.78929130003525) 1
(629.0804521064166,335.17636733319944) 2
(181.4475076586823,286.8422565891027) 2
(23.795341688623353,243.11737483514366) 1
(209.7894816173099,748.0103604052772) 4
(367.15389602001704,1000) 1
(82.8788819489917,357.66529324424175) 3
(0,374.99727098264975) 10
(310.1320682650919,1000) 4
(297.6501848844399,196.11308106660607) 1
(0,166.2266366588605) 6
(504.1050539936469,179.93445789823573) 4
(1000,871.3757694827791) 3
(517.4451159711452,676.8789660498983) 1
(705.8916982164069,736.4864422771964) 2
(78.51178031680854,540.7003811058948) 4
(687.0072570587954,757.947809510742) 10
(753.9523241167641,377.6366108365303) 9
(1000,511.07080679468584) 1
(328.67685111294895,611.9560580209712) 6
(712.9374391689281,1000) 6
(262.12110320379657,640.7479086341307) 7
(189.52678876517223,540.3465639876543) 4
(375.51079631616176,124.58960404651384) 4
(742.5819874385625,486.27424228222253) 2
(623.9475791048526,869.189156921366) 7
(541.4096163137809,795.0244374336045) 3
(750.5652075549679,589.7173338659771) 7
(733.2007127252758,660.6951257832862) 4
(352.60001305418655,167.54991864769693) 1
(300.90168561568976,205.69579686476942) 7
(618.2468697509764,215.56823857220627) 5
(245.24543048224731,0) 1
(639.5879556803346,207.3129988810905) 6
(376.8858852576143,404.0252973405881) 1
(32.72805772103561,431.6065477388822) 3
(647.2644847272741,747.0262089593211) 2
(662.2451559679923,243.43187043275378) 1
(223.3181707225864,337.99147772731203) 4
(449.096840172913,504.4892930796956) 1
(904.1165583413297,929.1389907383975) 5
(398.84441937292576,59.16916819553933) 8
(602.2019632268452,507.99553731275245) 1
(114.37458348811333,665.638101822577) 9
(321.31518671563094,249.33721340551722) 2
(981.1906054928575,856.9025124871682) 8
(0,3.1384072873238438) 6
(379.2916684109129,684.3862632103651) 2
(381.2099948312733,416.46713594706193) 2
(780.2630543360065,1000) 2
(499.7535235137972,759.5982076099097) 7
(137.01446102332233,1000) 4
(825.2775891552419,504.9724769138712) 4
(622.8689046488282,491.1940666826067) 3
(575.1215987216513,645.4463343181249) 8
(840.476441074198,0) 4
(1000,775.873161218389) 10
(566.4844517243419,488.5786769842083) 7
(207.6538439549077,268.04567104723947) 3
(449.7680543963164,838.0828100143078) 10
(867.7683379520952,779.4394414866281) 1
(444.480805142412,435.55442575763095) 8
(661.0347680296334,561.2838854973706) 1
(250.66783515197238,0) 1
(401.91519843133193,0) 1
(1000,268.94231031524157) 1
(1000,522.8755523923952) 6
(370.81042087959986,626.6675029071199) 8
(0,480.21391082994984) 7
(851.4236856851344,878.4271252054516) 5
(327.5354903002341,1000) 4
(852.4140242819158,609.967863659701) 3
