1000 1000
10
(0,0)
21 80
200
(914.1121207058254,383.00381057449613) 4
(458.1497481637164,63.47094095569412) 3
(874.4559924136616,631.7044926043483) 6
(746.0344040845591,501.9693831330252) 8
(495.5638568500101,232.32171849830877) 4
(530.676461621719,492.0852097124207) 1
(579.3462027608474,499.1856045173503) 6
(382.4775936914168,278.36724611576494) 5
(0,401.337626925915) 1
(693.910920324093,369.04818246525224) 7
(854.928149103732,717.3046940424621) 1
(819.9644631973019,462.2564642794631) 5
(978.3669797877366,264.4933108665586) 4
(0,854.1588974804965) 3
(0,739.0469973663706) 1
(657.6011910234351,705.6661442950843) 2
(144.83772563575843,141.2931836484084) 10
(522.3911530650519,615.9998609215215) 5
(390.051736876451,439.4374344093943) 1
(781.7964821097867,310.12916359205235) 1
(699.6315891129748,137.283430158758) 1
(667.7448094007933,431.53400867407873) 7
(521.0248066933622,543.2192259559108) 3
(0,0) 3
(850.2667860492315,399.40823779038215) 1
(119.05095889020794,280.6791515973873) 1
(393.274436875271,257.4659148405789) 7
(0,284.1681225791958) 3
(445.0488580688862,486.92693201282043) 1
(449.83338624640396,841.0502268351269) 3
(1000,893.0856412337988) 6
(531.7458422927057,381.55212697177427) 6
(334.43877299723994,323.3745337127691) 4
(548.5992435495301,890.1572634375395) 8
(566.6354416021613,914.0014116782265) 6
(292.43232276027743,385.58466027654976) 1
(1000,0) 10
(1000,901.8126386827391) 6
(614.7258116227251,0) 6
(551.0508466264204,612.9217604093274) 1
(1000,62.83324466971834) 4
(0,534.2752345759923) 10
(565.4260328856583,133.83771361303639) 3
(497.5085633430423,1000) 8
(413.4824122511241,937.9478792596942) 3
(544.102022813581,503.6137449722503) 7
(107.63441627359009,624.7189618458019) 4
(553.6575980635345,564.5509498100131) 2
(650.2575708272341,602.9242083185242) 3
(840.7450104216947,795.802103869648) 7
(0,684.7302064681662) 10
(433.43498531513376,815.5884265920938) 5
(0,60.82246096878623) 7
(734.8744022772465,823.6887329373546) 1
(640.7938527616402,0) 3
(317.9962769178717,576.3818997295637) 2
(839.7160293840966,549.6809039606898) 5
(581.648253132887,64.41901628294767) 2
(254.03472298860066,653.1093892036736) 5
(0,105.00115679955616) 2
(687.4551358409328,1000) 1
(632.653910910801,296.3670792175309) 5
(708.8938379870905,452.19154406560415) 9
(809.1724794093709,897.0974410163922) 8
(0,509.51523256629156) 1
(412.6085114019906,664.957986609538) 1
(403.2519779729347,622.6975604303016) 4
(728.1589564368128,150.72462949903405) 3
(1000,214.52497461154502) 10
(265.4626854523283,481.5605146218884) 5
(0,810.8596856434681) 1
(0,172.66799338914643) 3
(718.8964447420485,867.530375773555) 1
(389.16808067907357,647.3857602753454) 5
(296.968274455638,190.29870481903254) 4
(538.455297609453,198.0838519994212) 10
(430.2849925042974,0) 7
(238.53347911156789,706.3292086052669) 1
(750.765084630145,447.7848238301085) 3
(38.781826286113585,129.44439426524139) 10
(829.3426866046804,0) 4
(1000,644.0233273772685) 3
(900.4878647135897,0) 6
(493.73396503211177,636.9510626642067) 5
(151.30657590414893,361.37868268366014) 3
(349.4072611800101,647.7450548890542) 3
(487.26005557415186,578.2434164963006) 1
(330.75523355077223,614.5059343768139) 5
(438.92270319348506,812.3282600323417) 5
(876.2654038414854,473.42826498917674) 8
(808.1777945359361,662.4050428531474) 6
(935.9045500615164,339.85203858956675) 3
(498.0724217787443,744.2336852804979) 6
(428.62804304858594,1000) 2
(540.9711136902782,676.1905579489692) 4
(943.8650882946228,467.55935288012796) 1
(100.19808418163205,1000) 6
(669.75404636044,325.50903908237353) 2
(158.38967859481886,264.3438699608668) 4
(681.4616160904282,351.6275858793384) 6
(1000,937.0881929833627) 3
(355.35951328934766,642.7694770854737) 1
(74.7770199682862,418.0172459776738) 1
(98.09732434669496,151.9267884955101) 4
(541.240147084573,226.0243780604518) 5
(328.73562439456583,639.2902487579009) 7
(620.8830775776788,1000) 8
(945.0376246088315,183.86970239599873) 5
(455.83996933850415,354.71597842310405) 1
(459.0225418400329,381.25769910230355) 9
(986.4194164520486,483.32121410348464) 1
(468.6177136863875,20.05856037153916) 4
(275.1969150310218,0) 1
(250.56662191624793,842.5147436558204) 1
(80.32030209175093,695.9843832113665) 9
(853.2924395955633,450.04834285783096) 2
(256.32085436439934,528.2015062577033) 4
(1000,501.5689553852956) 1
(794.3461285188682,579.6944576921429) 7
(212.8223185287498,99.78696422352874) 1
(990.0610212892287,930.1544119422899) 3
(601.4352253580998,0) 7
(267.8940998330079,709.5224858543689) 4
(524.4447110672083,84.23016125425482) 3
(109.85145843816554,417.3760242123195) 9
(355.0972250268276,407.78766700631127) 6
(344.58157262418024,176.293443297612) 4
(334.57065446970466,498.3322298612604) 2
(200.98703673984704,603.7418148057452) 1
(777.6654237461319,787.9820202725041) 2
(0,289.6186122226092) 8
(792.9304902837235,981.1427584308456) 7
(910.2896620075473,843.4256956840946) 7
(601.5902455699029,0) 1
(911.785638772367,0) 6
(0,552.8555247665691) 5
(258.6194017132563,290.9814396797391) 8
(1000,75.06401811589006) 7
(468.7886264807114,457.14783062774507) 2
(946.4570293994066,860.072688333015) 3
(966.631406913589,229.00860007580252) 7
(0,5.5759963453437535) 9
(410.30031963229567,29.863057813010528) 4
(462.7368861786336,340.54288516093743) 7
(476.54880835147867,837.2890739594776) 3
(448.90407765541846,779.9489795701595) 1
(732.6222085170859,0) 6
(719.3530499275705,678.3958905956598) 4
(1000,782.7032457997136) 4
(724.3414893169268,796.015103905075) 6
(0,633.720835146853) 10
(707.8330114427263,545.0758534281349) 4
(799.4964002161505,394.62725782839743) 4
(388.14924042783446,934.5817485581817) 6
(396.5176628344283,51.419128217395894) 1
(220.75627090645673,325.80283216139003) 1
(489.207229436093,715.0861889660587) 4
(819.3136757273489,419.9080473635159) 5
(768.8271529272374,270.24104888241834) 3
(212.93147685479033,752.7620741560825) 1
(52.77006804494681,495.91743920656626) 3
(358.19833270521417,507.35660572881307) 6
(102.358791694547,482.7147110634209) 5
(242.29855611571958,543.0062396498145) 6
(955.896559375004,256.727593583612) 5
(0,32.20637676790642) 10
(538.8446966835419,0) 1
(744.050349401177,217.46544050636896) 3
(312.697598520577,547.8657865736451) 1
(190.30607894276892,493.30186833464126) 7
(683.9682541385248,913.5957621452385) 2
(114.77146655245377,264.4974545118438) 6
(5.447847359836999,755.3172693191591) 7
(498.0839073940698,1000) 3
(1000,872.650517838249) 10
(666.8499203381367,454.2294805535613) 7
(441.79153363612215,637.3164441754562) 6
(0,702.5988680851268) 1
(842.328544685915,159.95561548782524) 4
(518.3519513157339,231.68309823790247) 4
(765.3274091435721,766.7096890398552) 1
(702.2780488834139,227.16635635883193) 1
(100.06176710294693,558.558843944209) 3
(0,437.2505869252477) 1
(313.2480041088522,618.5930307382923) 9
(415.6991068869071,320.3752258696834) 7
(564.2383587750122,436.67809398097086) 5
(404.3617084815987,1000) 6
(379.6192735867221,34.88433208303684) 1
(0,377.7817902189169) 1
(0,331.6609705700381) 5
(1000,53.40775175466388) 7
(0,90.74331702320825) 9
(307.7367841467981,73.57293558308248) 7
(572.8739140044902,148.24802410033118) 1
(688.613470875134,760.6347592545094) 1
(0,349.1788830807121) 1
(262.7421644194485,229.83764870262547) 8
(375.89254017434564,868.4590355397021) 1
(1000,427.82640679455227) 7
