1000 1000
10
(0,0)
21 80
200
(160.64826024729695,331.028972780307) 1
(311.925162474425,129.69092997804796) 2
(708.2927476696018,1000) 7
(722.1503718375197,457.0522224892356) 10
(775.9699441222899,304.1447919664634) 3
(19.44142107232426,745.2578609081893) 5
(600.9204489003769,709.889468841716) 1
(726.2723638054109,955.028342622641) 1
(939.5392153143068,762.0051054960284) 1
(637.505628290935,775.6569129070851) 3
(818.5966436312984,997.5473510718066) 8
(50.74146958408056,845.6132718419226) 1
(0,69.41831809780149) 1
(785.93148771965,497.9186863710079) 6
(1000,1000) 6
(839.4457213940751,238.55854719812282) 6
(582.6530972908845,0) 7
(534.94124385942,475.80539635601906) 4
(785.1147711684223,120.44112334057291) 8
(0,566.6590654987567) 3
(497.75918589264626,336.794757537795) 5
(677.385069536055,586.85098063377) 5
(840.9116772412489,789.545480302522) 7
(45.897624119634884,147.4016246709836) 1
(565.8854383430312,65.5554981026832) 6
(402.7053632586064,545.6086728022233) 9
(974.073224114755,706.9646683486994) 7
(451.34445519807537,508.2182242601981) 1
(508.4492274415376,571.1743647288018) 7
(584.2023855804389,710.6442694610124) 1
(360.72330979560866,617.394061465015) 2
(231.28074777261236,30.430294260938354) 5
(370.4290107522495,668.8134393150683) 1
(559.4788678285104,451.41750271238976) 2
(257.5502560008357,48.47693278335862) 5
(966.0981218971323,763.3081429055717) 6
(548.3085488568033,1000) 1
(831.287376574998,710.6696823552744) 5
(732.4368280187157,626.9216911953175) 6
(274.31975476668754,97.57370976885346) 6
(505.02049006849813,364.03886534606636) 1
(694.5718730555233,383.95086524986067) 7
(0,223.70793034842637) 2
(505.0559181201494,84.36083229351107) 10
(829.6135347850525,674.3149216824128) 5
(83.3436868081319,349.2178254177769) 6
(528.8654910379025,630.8460810268255) 10
(584.0778225166304,84.63804501659774) 4
(19.758372115755662,349.4878344079119) 7
(1000,116.46703187561513) 4
(223.32406106275573,329.29993821322773) 4
(80.03203703140701,34.79587149080663) 8
(900.8543593139891,40.70974555961038) 6
(0,914.1255837469585) 4
(829.0766620416192,821.197605992466) 6
(560.4943031328626,298.76588935525956) 2
(881.5294203639544,345.9563194112103) 7
(458.5512036515935,545.5609252887616) 1
(995.0879512637971,840.7357744749162) 2
(671.4819039196497,380.9245020431362) 7
(1000,758.3852918577874) 3
(0,449.98708194704585) 1
(84.13012630371799,494.40823926511115) 4
(94.29557360263061,874.5411594943353) 1
(913.7793816247881,321.0555517723813) 9
(313.7029878076744,1000) 4
(495.14202753546357,313.31844159130515) 8
(302.1070551983999,800.5149373197648) 1
(246.68004336919375,0) 5
(140.77001967116576,440.9253039239793) 8
(901.1400617226279,798.9910740547268) 3
(194.74516070206158,494.61035691046254) 8
(21.340910697537765,694.4454426093909) 3
(436.70935693058584,657.537344947382) 1
(13.648782611504771,807.8302412244122) 1
(739.8319415672661,667.0571692997671) 4
(101.19429857407607,851.2942739236706) 5
(317.73517521731424,572.7126233991052) 1
(1000,301.3829566695877) 4
(664.1333119160599,137.75376965223052) 6
(751.9224935504062,914.8853432077697) 8
(439.19449879241705,212.71741080429513) 6
(605.6558382917556,465.21539997334014) 8
(492.80236682318605,345.59007659893774) 2
(286.86342249600557,688.5792418214614) 10
(732.7480232510488,540.1822560494619) 2
(318.81632939752024,363.25972091836695) 2
(447.10624635347153,575.1296068325144) 4
(310.21976752647146,1000) 1
(447.32798461728,238.2865317030736) 1
(1000,35.748410951357585) 4
(1000,757.0660333980575) 5
(144.66255748295328,1000) 10
(1000,295.82880257211076) 1
(0,590.6337029108211) 3
(298.97780251900053,334.7840572125706) 3
(0,0) 5
(690.6025475760144,787.8733513776899) 1
(208.58248145048265,641.4895632814455) 10
(865.0057457750131,702.2902433486677) 5
(788.8589532364683,555.6376769103158) 7
(760.5938899332052,702.4520234124604) 3
(330.4346210336796,231.6594334539638) 2
(355.456633863576,794.5452535932029) 1
(904.612971489616,398.7401087587259) 1
(133.42254722269598,867.2996000263602) 4
(930.690850376446,237.56552197658948) 5
(339.0838308195831,870.9979446312818) 6
(250.8103403247758,556.7959949723352) 4
(778.3174149693031,301.2532834836526) 9
(428.7365731618385,788.8348500363903) 9
(142.7367917758396,85.3656630035805) 3
(758.7102013818348,165.0277131069355) 6
(211.51976816392926,61.281192192741514) 10
(0,574.9985108320054) 6
(805.5336597778219,531.2079717802224) 3
(534.5458929644141,414.4075449116817) 2
(597.88777767849,406.008775147754) 2
(293.37966453145805,815.4175736865413) 6
(158.2184424736754,315.1600819638487) 6
(744.2474895009452,450.9303855258039) 4
(452.033846608503,390.35585071073257) 7
(1000,718.0161870271336) 4
(582.6508039477876,516.9256062645144) 2
(362.7241114907322,575.7631763453148) 3
(941.1800614843448,688.4661529156867) 1
(862.2212652871941,357.7272220647004) 1
(11.250603148893504,542.8015247030614) 2
(230.45428587449453,796.5054029408687) 5
(803.3615991852007,433.67994020844066) 3
(525.2126190595839,931.3225380999672) 3
(480.363663493818,701.9223165754433) 9
(1000,0) 6
(482.87214077096985,402.81738704509024) 10
(908.6606495963356,817.5382552353071) 10
(575.802498621671,639.3827806704317) 1
(303.4968046458865,306.0202185107135) 8
(709.9616229936121,665.2798219252452) 3
(431.67686095757125,840.2395767330679) 4
(74.82178333722271,511.7497947235868) 6
(566.1793593638212,614.8376124563631) 1
(549.6836542154557,774.4756697079883) 2
(345.00535906946396,560.2378259537547) 2
(948.9549313026745,762.0452677510755) 5
(446.90182016650135,361.40196599041315) 10
(460.6640362055587,155.856471541217) 9
(0,322.3533000683817) 1
(560.5131804747122,311.1462498116954) 3
(229.59472082575832,47.29101985819955) 8
(109.36653083874745,0) 1
(930.6644859142637,245.6633515089977) 6
(618.1088921056601,773.2505669377808) 5
(32.64939848873803,554.8157381293793) 2
(1000,944.936313903362) 8
(723.7350448110255,855.0253803098879) 4
(1000,292.35394241948666) 3
(373.936561958096,309.51973487692595) 6
(403.5260019485024,652.7192745046239) 5
(1000,663.6644025383773) 4
(72.16800879735439,755.4591486180831) 3
(526.8171380830499,712.8097682465632) 5
(88.87118939687878,28.3187344672138) 1
(841.8964778490831,267.2564442264089) 5
(839.056995509859,754.590243066886) 7
(379.96984970804317,755.0686862963963) 1
(709.5815670206661,363.994417336914) 2
(798.9088994455624,182.6763541403497) 4
(0,757.688585439357) 7
(1000,704.2065886584953) 6
(275.92593399124826,596.6047012662511) 6
(268.4927186519431,378.2424450073595) 1
(0,542.0798305204453) 1
(675.0844700425591,432.65693202909426) 4
(636.5752045458366,493.2289846141499) 5
(920.1510258175347,194.9023559989438) 7
(385.90995023556667,433.59250152679624) 4
(489.1995358115894,448.97353776673975) 2
(482.0560055918104,0) 8
(249.21708923634824,569.0003727264931) 6
(0,662.4856797199375) 10
(716.9551913692895,869.7342016978353) 1
(435.7757666149332,203.7714297675019) 2
(509.988252954124,611.3687248695662) 7
(140.16574522563621,1000) 1
(841.987871929939,328.79561991636535) 4
(621.584654539519,386.25097936386106) 1
(662.9747022604038,536.7469631985854) 6
(719.1179182805325,591.6657131706223) 1
(324.7602609433476,354.9184341274696) 4
(0,1000) 8
(961.3817342350847,831.5353354778063) 1
(591.7747719482508,123.74728460587141) 1
(888.4127058119232,545.3314545482172) 9
(159.7260994838573,915.3279879758938) 2
(779.4099044742162,588.4695587997819) 7
(357.40534282620035,598.5881918619965) 4
(875.3320969318211,240.5733569255578) 4
(66.65702180251742,4.436795476458599) 7
(704.3629223157899,525.3903145011071) 1
(835.2535845079746,1000) 7
