1000 1000
10
(0,0)
21 80
200
(297.82406677403344,706.5335005722421) 8
(1000,104.8976714911737) 6
(228.30474969363348,441.09149214622374) 8
(706.4736570129044,532.0036260081677) 2
(152.38357316382132,814.4478281268944) 7
(1000,226.55296755103194) 4
(941.790397643179,158.73423781841268) 10
(584.0940519100764,792.0309563503292) 1
(0,60.90944553736995) 2
(730.8165717921519,937.9964592982735) 2
(485.6930978054397,449.8791926159039) 7
(285.31918772083816,416.1899568854085) 5
(274.2180271245063,418.00128191484157) 6
(483.1027255425316,911.2832353783215) 1
(1000,560.6622443791043) 3
(310.6381119852481,617.3794604338301) 2
(463.1875140003543,0) 1
(674.9042227733393,0) 3
(907.5281107566433,712.0521484303799) 3
(199.82682229249872,454.6624895919652) 1
(209.66444449710275,433.53381791819817) 4
(531.5531254438927,150.14469003587283) 4
(392.11416359944155,543.6505310310671) 5
(1000,0) 5
(0,467.97977294684097) 6
(430.8857194214379,169.78722656651945) 10
(727.3265614499858,258.44289192401163) 3
(360.6962987684151,17.150615129819187) 9
(279.1074412620844,538.7573722224657) 5
(636.9966946264342,195.08130431992237) 9
(504.8275599495694,285.3534082931999) 1
(757.1899146455664,738.775468241363) 1
(127.40849848991121,853.3077454890977) 4
(321.52937674346816,721.4430424079858) 10
(0,991.5315440874215) 4
(235.01701603908822,646.5314037658072) 3
(689.8960445579537,0) 3
(208.000954472072,652.9398682175124) 4
(281.94641615706735,359.7960437433946) 3
(0,277.0849924204127) 1
(356.20439768533146,485.0721275799256) 1
(92.52215516682338,591.5272019937904) 6
(803.9264806074739,652.4585979452287) 8
(0,732.4138909422237) 2
(742.9381985781329,493.67121879944267) 3
(383.8209501980568,52.69817565077608) 5
(303.1065494045042,403.3394993886998) 2
(769.6062937093462,0.732354593249795) 3
(1000,205.65676405222007) 4
(1000,1000) 4
(1000,514.5390795372936) 1
(508.3570000446706,226.6393055114409) 2
(622.3434777150577,574.9250952875383) 1
(1000,697.2791149262416) 1
(843.6502499645643,259.13048846864683) 7
(919.0682066765872,528.398356793952) 2
(663.1488551888799,933.6901500996938) 7
(873.9758996742681,681.1298428687753) 1
(289.54484068649526,241.96206418377255) 10
(100.69163190342971,729.7458447942201) 5
(948.0077279257757,1000) 7
(907.433380025941,108.49789934349815) 1
(812.9814761071109,0) 4
(0,649.484777132393) 10
(878.1960345945192,313.65918380582707) 1
(557.4199266941788,402.8946128007278) 6
(0,644.7155407473044) 7
(548.0821345788021,557.3071926317532) 5
(639.6273785100998,583.1257240162001) 6
(293.9258703003761,422.9694204603312) 6
(592.1290062590227,1000) 5
(968.3017868664404,15.673397961459273) 8
(57.501860126492204,336.19185810832664) 7
(316.211152410732,0) 3
(284.65444952150773,525.4877026741012) 2
(953.7904619250457,1000) 1
(379.02097013783526,559.0596896415209) 7
(321.4384975721117,0) 2
(859.637840149748,634.0529330857809) 6
(932.4535564603184,373.1490149477695) 1
(148.80121929786486,881.9894990732882) 1
(856.9136709033155,915.5792216745142) 2
(316.66729977667535,349.1943920651685) 7
(473.830829109242,266.1883683018025) 1
(590.5381936778815,448.8487334239812) 4
(769.3837796524606,481.21397397283215) 7
(0,479.78042068951555) 1
(1000,682.7272454028991) 1
(1000,656.5670649783167) 8
(0,109.7539535883198) 5
(312.4610683122369,0) 7
(651.4350748987442,428.4613005263521) 9
(772.6116474191072,624.2916689573765) 9
(98.1641859430548,796.9587996052854) 5
(369.40234073623685,73.69146679470208) 4
(943.2990184605952,806.9870035682347) 8
(593.8768302560374,486.6619186421729) 4
(1000,295.4530938364064) 4
(234.48423206293626,534.7189086362588) 7
(157.92522050948003,664.5308234104083) 7
(332.012586984638,425.3141766233018) 6
(582.0223109186661,1000) 3
(436.4132342094117,570.1377681748932) 5
(735.8972441141196,354.28896299107953) 2
(700.3576382732,582.710505806385) 7
(732.0401292761187,488.83667361095536) 3
(142.75052452975677,527.6284723618235) 5
(338.09207157973066,343.9542818211609) 9
(670.1786293581171,35.02007486846054) 1
(152.29304901815925,735.8758353742502) 6
(683.396310893864,335.2892881014534) 4
(502.15069121082024,0) 9
(518.8967516553532,301.07116810473747) 2
(1000,969.5231673505957) 7
(876.6021918645374,773.3456445288668) 4
(312.671384622807,0) 6
(633.536829914722,0) 6
(105.02144890740124,340.3051082483728) 4
(139.01044168362688,679.6819444185804) 5
(0,325.1022565457132) 10
(445.61574040685014,278.4358371139175) 1
(0,616.7194553670065) 6
(587.5585353532175,640.8446387240224) 5
(142.24686248229978,282.5734218599722) 9
(492.54817551217155,454.90607431549273) 10
(64.69893778666881,259.47827552599983) 1
(261.3678988052253,522.4180479025621) 3
(331.8350471137653,745.500211882663) 1
(800.507456803867,803.4890713728134) 4
(553.7421452075475,822.4530643964413) 3
(306.9440824837202,787.5774366578271) 1
(288.7162436619968,178.8204119665039) 6
(115.12705949079185,792.2916662311152) 3
(85.7436865813545,578.2491938346046) 2
(956.6168542680377,381.5099187413377) 1
(355.1534914085996,233.7740096743824) 5
(0,760.3399359227467) 6
(505.33606488309795,283.97301984214374) 5
(306.11163286316065,672.5257100361389) 1
(0,469.7843436937436) 8
(750.6713710520144,782.5442814730981) 7
(457.3125253063069,474.62840303762255) 1
(634.6954624621225,994.1469917448331) 9
(587.7781177024884,1000) 8
(1000,795.3068179391213) 7
(422.1668657342902,650.5602015505157) 10
(27.380760696314155,588.8241710144413) 3
(406.6156959546399,922.6002365003038) 4
(265.95083961024136,404.5230335624714) 10
(497.76366896219986,370.3356638265094) 2
(667.1553364486751,629.8111852166923) 5
(499.64802649118434,403.1958758043595) 4
(164.5452304604974,0) 4
(284.37024539053476,349.8834973863925) 6
(651.0567686460158,0) 10
(340.19799720178094,521.3543893981049) 6
(276.7441085538113,105.54846864276254) 4
(50.6263750406153,342.9144387117259) 2
(1000,236.72681331831853) 10
(551.5183537802455,859.9326985349596) 3
(912.4968921243856,158.54591130812344) 5
(901.3374559930946,710.9358016100523) 10
(374.5799710225973,342.2100685622604) 10
(511.964927037883,1000) 5
(826.9216583499955,667.3301453100494) 4
(108.45638149357507,763.2198511337535) 6
(198.009978877911,658.4275086512054) 5
(613.0418573318135,423.10964185896603) 8
(424.8067893685337,339.22760567095486) 8
(575.9436454844088,387.2056370211022) 1
(241.30361164029,559.4914149414747) 4
(721.6623572149865,376.70698114969645) 5
(506.42406795789003,723.3401642501021) 6
(186.40847128771958,756.3604739685937) 3
(0,459.92118006243476) 5
(279.91168451138185,13.722859658984191) 3
(390.9200911023453,487.7601497688403) 4
(621.1651636615339,2.060356642822228) 5
(577.1918419117751,609.449770211293) 10
(649.401745973212,0) 5
(92.4707424398726,77.7848714539075) 6
(329.1927864092421,896.5126600917636) 4
(660.6366271746432,12.988564883875085) 4
(704.5600213485022,756.7530678094581) 5
(1000,720.7612240557554) 1
(220.40197409355795,0) 5
(574.0978930898334,151.0418988510986) 10
(388.543253427733,205.88183760499146) 1
(931.8678341373811,469.76260649863707) 1
(891.5390492797444,345.24009748943826) 10
(110.62727728503529,352.9226825900636) 1
(755.4059778395309,530.8921972284256) 4
(520.5696889546209,174.3938522111515) 1
(911.5340094580158,17.71863568081335) 6
(459.2533832848879,83.75209384386119) 6
(1000,805.9651743884966) 4
(456.471304340606,79.34306762938706) 8
(627.9508539344072,593.5376878368727) 1
(649.5954812198368,143.5265878669871) 1
(580.7992038729428,0) 1
