1000 1000
10
(0,0)
21 80
200
(907.0537201530356,610.4707422291082) 1
(566.9730713152776,371.42697039747986) 1
(0,567.7141748470409) 2
(757.0478933270864,800.6450610546758) 4
(108.80531727162776,289.4198372102668) 4
(775.525188280649,341.5932930902936) 1
(1000,712.6765857994196) 6
(371.87517404651226,546.1713397005692) 6
(614.3438725279104,1000) 10
(259.59595593660094,660.8714630836087) 5
(1000,60.19799918861497) 3
(401.28981010099596,299.9401147402856) 2
(910.8974054725824,632.0652902664596) 1
(247.92030870227808,489.6678007648888) 6
(688.0238592538416,251.8214269769741) 6
(670.5618269837021,138.20847425433448) 10
(334.8579940975472,194.32284409813565) 10
(403.00715154249053,90.18464772601556) 4
(516.8978011756524,0) 4
(0,143.2845545445254) 7
(0,1000) 4
(165.22178904757322,1000) 5
(930.5337937087228,879.900498925233) 2
(730.232079004791,329.385110360491) 1
(1000,472.13428118245025) 3
(352.5885239618674,680.6034756397892) 5
(0,0) 1
(798.4368632166288,0) 7
(494.7618453487859,679.3630518169593) 8
(763.3571005592453,176.3407772546828) 3
(827.2512481223939,620.4190635195237) 6
(895.9862573216105,480.05911040421523) 7
(1000,535.8178171234333) 6
(177.6601829831008,506.4428161579866) 6
(691.8458860101654,818.3763544618002) 4
(764.7599728268101,180.6591729408122) 6
(600.3136668625291,787.9614796301902) 4
(1000,135.05858618321759) 10
(591.9844302300921,37.92873360496975) 3
(485.8517739272663,210.96711961399728) 1
(622.1749188306823,235.68342786462455) 3
(696.8921263582581,360.5836895344617) 6
(512.9881660429731,350.33916367386485) 7
(0,690.6212209752713) 1
(550.7953121180838,197.98340014118583) 1
(451.7412425811188,609.7014458387222) 2
(85.31863958132499,33.84247830262041) 5
(1.880187982839118,775.260493582977) 7
(0,357.12034377926375) 5
(23.991915062669477,735.3414890303231) 9
(390.73517223701083,43.50336159758422) 7
(92.12310605732011,373.4472142865062) 4
(28.941869247677516,370.5716350219443) 3
(556.768460727951,322.5191728024879) 4
(1000,0) 9
(425.0250523476726,231.8372067976336) 4
(759.0943788347993,153.71856053424904) 1
(312.7054922016209,269.24476145348336) 1
(600.3428316648484,1000) 3
(266.88823134160907,475.1434930395162) 6
(419.1585136849769,597.9061663726865) 4
(0,956.7914533684191) 5
(283.67990666488924,609.238498175702) 4
(742.6706632418734,341.78646340088835) 1
(523.0977590079104,594.1085499124761) 9
(520.8286231601203,636.6249407776131) 10
(402.30708835091735,23.168626288599) 10
(902.5120476486115,362.237713834666) 9
(716.8432178090276,660.4050713254028) 3
(398.80117032929843,1000) 5
(846.5609233818575,1000) 8
(307.26675653670713,655.3090862640387) 1
(650.8663240490631,277.5153202354484) 4
(887.1339946462894,860.4205036501597) 4
(0,925.0789934436157) 1
(36.08589827809095,340.23118149948976) 7
(800.4583753060751,407.38972994583406) 4
(448.7362683570363,572.6723322044288) 8
(1000,689.3547537585314) 8
(776.3817406729015,0) 1
(477.0118601571299,990.4107113284092) 6
(94.84137268168274,778.8801119507018) 2
(924.1180584022025,538.3987474240744) 2
(113.74038356669826,421.16498389863443) 10
(489.4274053109382,356.80145046020584) 8
(682.6490115829133,1000) 7
(532.9408312546805,642.994017608046) 6
(449.37869081335975,291.27653680517085) 4
(165.4247388461249,0) 5
(527.6336733466761,342.345292389731) 1
(285.02548135796644,651.7846744612034) 2
(424.27519654060404,355.2457709142146) 1
(347.7596341424335,407.844888377056) 10
(187.8684627968509,763.2212979279255) 4
(181.29096483471318,558.2618157763764) 1
(1000,468.373907913935) 4
(766.1196647593854,781.7481954014254) 6
(791.5731692160557,234.62265291278123) 4
(653.5829795786075,491.6969135704072) 3
(347.68968427117295,675.744176291623) 1
(377.1927087195674,505.06961248424614) 7
(233.59983759109514,496.002985346208) 6
(746.7450521785825,540.1693222948086) 7
(426.455163854969,163.95687807841387) 1
(15.521631587504714,256.75207962281456) 10
(777.8237150233642,1000) 1
(834.1376912423773,191.97777685008737) 6
(950.2233197512198,587.4497495691121) 3
(930.2687738754166,314.9721767352117) 9
(602.9743767512812,144.73591381917691) 2
(669.0685646697502,670.2965370203727) 6
(803.4354740629628,1000) 10
(545.3776396343002,539.6455861311441) 5
(558.0977616523854,660.3054414913331) 6
(83.96835736231031,162.79994365119848) 1
(766.1234716498443,540.1443161614634) 6
(733.2341081712149,2.0327999655527265) 5
(166.59597622355545,1000) 4
(316.92247288064266,666.9820186287151) 1
(699.2114107094196,827.8318128674996) 8
(394.9424245784362,387.5528606605614) 7
(817.955317155226,491.84895846925724) 7
(459.3761957770704,0) 2
(850.3900283372545,135.35977091186692) 5
(170.33759888425038,59.3047279561269) 4
(425.495672895525,110.69674571772526) 4
(134.23919600923568,412.4839444746955) 4
(746.3522310982215,328.4311225410866) 3
(366.9784500377822,526.7642855261732) 1
(858.7592164657123,672.9176749543892) 9
(248.20190262174717,120.70395106372882) 4
(511.3049127396865,246.00718975533988) 1
(253.88578868634423,612.4033561793461) 2
(84.84828590073579,701.5243681419456) 3
(802.1353601807534,826.5987974001267) 3
(761.2889995776998,559.4122556533595) 7
(572.8697702380769,552.1072097972477) 2
(0,946.234757310134) 2
(0,213.05849237197543) 8
(400.2657219639014,992.8727472022745) 2
(597.548466575772,588.4516557408278) 6
(0,741.5498126938448) 3
(691.789308816252,540.5848862919446) 5
(134.40634780954514,732.9848617759151) 6
(342.95462518230624,1000) 7
(0,77.37200522511705) 6
(471.6756937134496,323.37899436261216) 5
(136.48868853262178,0) 8
(959.7769318497224,907.5610735830062) 1
(731.4824857202682,0) 3
(736.5073440029315,0) 6
(970.9593120973125,223.8823458192433) 7
(317.45149131946016,789.980503717808) 1
(155.90814112422498,1000) 4
(304.5244683889195,0) 1
(702.6270848879101,414.4593197328312) 7
(1000,675.4445442751074) 1
(805.2187607828972,0) 6
(366.6296635006413,463.5660181257442) 4
(823.6018664277262,624.2707177848314) 7
(337.6108623171523,639.4677129307171) 4
(581.4743589981855,635.3975377659051) 5
(896.8171581999268,554.9389754650794) 4
(436.8813629849804,57.36619374760011) 9
(499.184909867811,546.0180310179451) 10
(207.9800737274398,739.9255526519344) 2
(785.2915089103963,910.9770946288593) 4
(619.1165513836569,710.7515268930144) 8
(611.7918597435759,309.2517594679408) 5
(95.78184545780982,5.9079561943583485) 1
(437.0658455052928,694.935098129241) 6
(588.473556922306,457.1106213811894) 10
(232.97188919860378,425.6347163354486) 3
(532.7406952364114,636.3952410733644) 6
(290.24540970697615,470.9518945439511) 1
(0,739.5507606389853) 9
(661.2193007453465,0) 8
(785.3541480418978,176.01162111489162) 6
(611.0509916826719,660.8687647895447) 4
(561.5470641475084,726.5035561170452) 4
(719.0829773998566,706.8478925343271) 4
(979.7179485260824,767.9943383753954) 1
(549.210467935412,1000) 4
(820.3542741904462,598.5245704327549) 5
(992.9511125388649,777.5155425683303) 10
(872.5837254999506,580.2148981047324) 4
(384.50596628752385,777.0049740651342) 4
(468.48865173716933,897.56423559102) 1
(597.6776685586256,407.1055371116084) 1
(249.189547123048,410.644307650095) 7
(494.9002962935535,255.6442564370067) 2
(544.0541608862181,723.9598531659126) 10
(575.3047012473708,274.8681561351882) 7
(743.8328164981049,169.0612778570184) 1
(1000,303.34893137350895) 7
(790.8737862265646,59.737844969894354) 5
(808.587928426942,772.4967101604155) 5
(0,612.6764005213239) 7
(117.45658798053393,321.88223519389976) 5
(200.48309042418043,201.14918495833774) 10
