1000 1000
10
(0,0)
21 80
200
(256.98636288247127,134.97763078670852) 6
(584.4572401049328,1000) 3
(515.7086704896644,540.147474914733) 1
(431.28137986720697,760.7048424071345) 4
(523.2663901237686,521.5725211632196) 3
(284.7308876351998,1000) 4
(731.7355924354516,934.2495558268863) 7
(313.6703025069395,597.0808249023444) 6
(466.2450952891116,317.15759374850995) 7
(388.6215075964979,492.2791369531511) 4
(975.2873591118332,932.0014850391751) 1
(667.6370093165394,302.7501879421526) 5
(431.0405514414943,476.47141984183827) 5
(341.92430747074644,172.6226065977151) 7
(984.2524952052258,127.24134207606119) 4
(985.3231203429791,24.153962932306058) 1
(490.10416055987594,490.7893852546009) 2
(230.73652997143267,92.57476045271062) 6
(477.34974925202897,514.2613827618486) 3
(352.60635729175743,471.2766324091176) 6
(1000,207.12421096767423) 4
(238.40360689606212,653.0487123193786) 10
(462.03034710628,383.0902804276576) 4
(801.3551405513515,696.1207168500423) 2
(690.8725636413282,637.1837000631751) 1
(455.6973189928568,752.907382825015) 6
(615.7167856588006,985.7809454417813) 6
(263.93632970768977,26.98019197318439) 3
(1000,1000) 3
(0,242.47702308451983) 1
(608.2104533495833,0) 7
(422.3200967817175,866.1776030006106) 1
(713.5039452620274,730.7183777597802) 9
(21.004083496845055,3.357630890587245) 10
(666.7895402353788,1000) 1
(410.45813795246823,1000) 1
(486.84009853797915,0) 5
(1000,49.27152472714738) 2
(1000,703.1874447747913) 5
(244.24627588219354,717.7738215396255) 2
(1000,441.0985426755772) 5
(222.13535471908767,694.601130002754) 6
(458.9921643912147,336.53839799248453) 3
(676.1730386090701,389.60513563383535) 10
(482.43385488580884,526.5973595123997) 7
(736.3719638782773,301.2306019796016) 8
(744.0975934869654,949.3504468241399) 8
(648.3556141415792,243.06352891290783) 10
(610.3171776407961,1000) 5
(716.8849157400593,0) 7
(682.8804843763465,582.555650083857) 3
(390.9508151318659,349.28788717576555) 9
(429.41605704416895,296.7493252167337) 10
(284.19417844273414,743.7140207228483) 3
(383.0874006084524,105.44199447208092) 10
(595.3284503252199,678.7912149383893) 1
(496.22932379875834,550.0925546495495) 3
(562.2909388671407,673.4909567812356) 5
(546.0727914931085,966.3242839987549) 8
(567.7110494834292,529.7863309597067) 4
(0,445.9810943990481) 4
(0,924.4958375459523) 6
(278.70749692825325,514.6361829923576) 7
(83.33652799177003,1.7489568382322886) 2
(465.5590494200286,868.7924316761761) 5
(490.56121377218557,663.8026096170563) 1
(474.9950336009699,0) 5
(617.2338609364706,751.7984377393373) 5
(752.51309934043,461.1704062540426) 2
(1000,672.9616763624489) 3
(184.42820172753113,692.702798419825) 1
(560.5218417338197,482.5005759089506) 3
(461.7856590343981,987.9000200935051) 4
(426.0615975677445,369.54323773270943) 1
(388.18902770481156,790.9628691402386) 1
(37.68404563243581,931.6090129955338) 5
(532.1521465265308,1000) 1
(371.9447373508569,425.86653680457573) 6
(611.9702362716691,143.7700188948885) 7
(242.4115451290025,0) 1
(764.5418609437895,378.0943063705594) 10
(617.8693518033998,436.2386741626539) 10
(731.7121683126469,721.7926971549798) 1
(120.94166878693233,896.8114578831679) 4
(180.2682247442586,32.38356693337397) 5
(241.37337700147287,632.0295831441546) 9
(656.1231251790228,428.21217875505977) 3
(19.181363766943605,1000) 6
(475.9537234071691,1000) 5
(573.7946134907917,567.9549741897215) 1
(1000,883.544178014288) 3
(755.3835317443654,410.8276827142303) 4
(814.8716384005656,690.4997482534285) 1
(1000,313.5266942140157) 2
(437.95733297577,606.0153029320293) 3
(635.6780325921957,594.181701397229) 7
(342.4159183683779,639.0728119591826) 4
(691.442473946977,0) 3
(63.17996893573502,612.6007622560226) 8
(547.3425385318903,963.6273600990507) 2
(830.0498353311742,595.6715710448744) 4
(417.88385198435446,113.32436043772361) 2
(739.4875784915084,627.6723826110481) 1
(451.99263925351795,317.1867810327441) 4
(177.56092660079622,760.9167394569522) 6
(1000,130.21837291291894) 7
(69.47723963945327,387.45825955497526) 1
(506.91575769272043,217.56673965967832) 3
(491.820096782268,996.1091949052179) 5
(537.293362728833,316.8584770850118) 3
(371.3110699023596,190.36563529392885) 5
(0,425.49965316472463) 5
(846.0361678245489,332.50812339297) 8
(851.3149427578838,354.79827132867655) 1
(845.3257234567195,609.2484465919686) 3
(1000,663.6915738196457) 4
(306.23371927007423,1000) 6
(603.0632285448028,277.1903386341679) 7
(256.6112609562192,497.7175940793273) 10
(428.76193096172057,0) 9
(225.38434350137283,272.75396196569983) 5
(795.7789239103797,681.1140809465114) 4
(456.27015613407826,278.63718343407794) 5
(454.2862294066107,351.65244565589086) 3
(393.5834239584742,0) 10
(398.60333346483554,240.91501738691028) 1
(1000,528.5298086084463) 9
(134.0358828227835,968.8645916352334) 7
(227.37088695342493,550.2206399045916) 3
(172.178564363953,0) 10
(690.7984701705608,379.6041834914397) 1
(666.5026808889844,0) 7
(381.5316500108932,307.427434756899) 1
(896.2023092715197,396.2292109989775) 7
(364.37597654079184,823.4416268750095) 1
(136.52526732706406,345.26658838254593) 1
(223.89772958782208,0) 4
(324.70613813826196,599.3838423690925) 2
(590.5833106775857,518.2226745305998) 1
(550.0112679313871,599.5734447228331) 9
(993.5500746581408,633.0711827675034) 10
(493.7700156424475,828.2720803320685) 2
(605.391845496884,739.2278503271336) 6
(871.3693834900668,889.2902182470648) 7
(445.3641691355823,1000) 4
(1000,606.7191848681223) 10
(654.9006385328184,1000) 2
(426.4569021387785,605.5590091802624) 5
(272.1112155317189,727.183303062001) 3
(351.0207526262106,735.4693258347636) 1
(0,685.3832411728638) 7
(401.9629174027615,532.6528764980359) 4
(301.97434730658574,425.35939796715877) 1
(510.4492021643523,160.41971973786514) 1
(816.5072829455936,0) 1
(58.48938045064784,1000) 8
(44.52779708747579,774.7044346866653) 1
(422.6218919589373,250.8326718742586) 6
(368.3250916990112,936.1358809568733) 1
(656.9376109712588,486.0175237737477) 2
(497.4497025811499,476.22394030425363) 5
(634.112788850044,1000) 3
(754.1835928588093,895.9444146694019) 9
(208.45063418702824,457.73253229635714) 6
(600.0716152093703,529.0085460162618) 5
(588.9117916434324,233.57685157773403) 2
(853.0799825125298,565.9096192761418) 1
(0,735.5117872753843) 4
(740.3660138753249,544.2972114569031) 1
(1000,288.5034698135206) 10
(820.193445405049,593.7181157906878) 3
(0,371.9259684054323) 1
(530.2871468189421,335.73523089270446) 2
(671.1883942018759,184.37396231987105) 2
(364.802401958172,422.32858891273156) 3
(1000,909.4669421869496) 4
(1000,512.6240448399999) 1
(94.40636005356936,641.3911964270703) 8
(582.021908646542,404.26694980338164) 7
(810.8839777510169,766.2796383532027) 8
(184.41684288121064,851.0391215482438) 7
(673.1724668997406,297.8607957650303) 1
(480.2470243543757,721.3089032192652) 10
(232.33436422523442,134.07814729427088) 4
(487.37270509680616,908.491630430838) 2
(340.6330707659055,263.6696237478071) 10
(503.8498279786052,524.7577337692675) 1
(523.2052641187623,371.1687504619709) 6
(629.1907351445477,513.0172555894113) 2
(71.53092552596723,201.60972921875918) 1
(471.5586528310117,509.2910282643506) 2
(734.3119438948866,110.00974114560029) 1
(602.1745114985522,1000) 10
(503.6523645058924,816.565853371653) 9
(119.52475789873063,132.82756583556426) 7
(676.3603014669928,575.5635690216236) 4
(0,438.1920057102409) 1
(305.00419597192445,451.07073316815064) 7
(467.2625778141211,703.6596955527971) 2
(0,546.4800348775102) 1
