1000 1000
10
(0,0)
21 80
200
(360.726533218247,782.4533913615616) 2
(471.73918804113697,1000) 1
(228.73173791633553,586.2416861380163) 2
(138.38460830717685,456.8703429658979) 5
(0,23.51264486144146) 1
(0,0) 6
(530.2300674346292,833.8083800220886) 2
(973.7493621387837,513.7682212111451) 6
(0,449.53694325402284) 1
(39.76724840684676,542.0337717584794) 2
(315.46760004218345,697.9474264502162) 3
(437.1297485406007,701.865517699681) 7
(324.21812313940524,806.7655701138485) 8
(275.01045998859104,495.30960011594925) 8
(273.64032946404075,739.9028493383627) 3
(805.801465830308,692.4183687495508) 6
(1000,1000) 1
(606.7759041228803,1.922874001671346) 6
(737.0591132786283,519.4487921747576) 7
(797.0846106159989,497.5385827237693) 2
(598.000544001241,361.257090942236) 4
(491.6336130355151,1000) 5
(861.0501988915736,823.589632889072) 8
(332.3470896737636,236.00859880884389) 4
(726.6967933461414,0) 6
(575.5058304171707,246.34920616402187) 10
(722.2006017054791,917.400681020848) 3
(446.15617070879284,354.3502716680755) 10
(8.193889845905744,397.50877423991096) 9
(851.7679025512288,710.1051979123674) 1
(274.35390284221614,243.7849982195757) 1
(166.89982678429266,1000) 6
(506.65679834484564,6.06043650226718) 2
(533.5903158848032,352.21993999445976) 1
(543.6818656515346,278.18474714411417) 6
(370.67347588664273,489.7493802037412) 3
(414.5977218069336,485.87107050865677) 4
(600.1396910118697,947.1917160964188) 8
(376.51556228005427,396.05586964752075) 6
(552.056465695397,443.92225855410163) 10
(440.09356158260215,419.0811116029254) 2
(563.1246549282253,304.8034966300685) 1
(459.41497653928167,245.12444274348874) 7
(603.2270892607859,592.572553334321) 4
(339.14564032242396,925.7572834015239) 2
(589.4949022204044,282.5877817581403) 1
(597.1401225723963,523.0675098057757) 4
(424.21871874720057,982.7805964468668) 4
(386.3362066762508,493.7333745587551) 9
(807.4968034326704,406.0616887633212) 3
(141.81545434256725,353.7403670611583) 4
(234.53590196006178,948.4336552050206) 9
(416.03477701665815,586.7613411943945) 5
(889.1809707693133,530.8345893292552) 1
(509.6269610091669,0) 2
(260.48373422068664,766.4691577523947) 6
(0,285.4610203684143) 5
(587.1312462423776,25.71787189929546) 9
(629.1917017377291,842.5874610959477) 5
(637.3684027519635,1000) 5
(293.36477900298974,465.2682980356086) 7
(274.20981042689743,875.6284013982927) 7
(498.94664074280075,424.12855429669486) 4
(657.3393005369431,760.8671224743844) 2
(482.81423415894506,935.1348214130226) 6
(173.00732821745675,531.8462721558058) 6
(409.89205086513635,356.8871635006492) 6
(959.4097797063935,169.11921174233015) 1
(603.7657592123368,553.410424365745) 2
(485.01255319478844,877.8813879190452) 5
(272.6082153610024,226.0002869269955) 10
(63.49939165800981,468.84246141074294) 1
(404.6331229268129,1000) 4
(169.1262837738999,810.6616506000864) 8
(568.711553312881,518.6875842575308) 4
(272.1529372335363,280.57959643162684) 6
(80.88673573569827,338.3377913385598) 7
(1000,773.8216655306055) 6
(492.72820204786035,552.4708294803536) 7
(86.44892444911801,745.3579440920407) 8
(168.41151603147375,289.5726157887135) 1
(216.53851169617582,501.58041485027906) 6
(174.5823632332913,1000) 1
(417.51729254479943,1000) 5
(112.64308913587195,543.143788458843) 7
(460.04923220979845,954.0494137732896) 1
(565.4774146995654,425.8515248636806) 5
(226.36745556830942,1000) 7
(551.2173498169519,777.2105466111534) 1
(113.75199846252326,118.33223181263264) 2
(526.5737310236709,448.2406705688627) 3
(932.5490618234271,676.8389698225976) 3
(221.0328728634288,304.35820942029534) 10
(415.8599927129235,247.7113586142781) 4
(568.7696989173098,943.6532860164386) 1
(732.7406157404607,543.0046321977693) 7
(0,225.64778530120083) 10
(582.6566309257689,222.22818970996417) 4
(1000,728.2074774094102) 1
(705.4480905301878,637.3310677352473) 9
(174.87751865181997,698.2076966495588) 7
(551.1409278374332,547.3240870831137) 1
(700.9817557055073,25.198996975479076) 6
(380.31922356028224,1000) 10
(415.254954915584,371.96270355440515) 3
(842.8419820492592,150.46726652116706) 10
(608.4519379743622,817.5352292992995) 5
(696.046353102312,860.7696838015062) 7
(0,277.1341534356317) 1
(210.67309391746824,755.3165395963491) 1
(359.01101833906785,0) 7
(193.4120275299327,898.9306550636458) 8
(640.2567606841822,350.24485370449656) 6
(781.05624341273,954.872389844131) 3
(532.9466342856423,285.22888091798416) 2
(740.3536214977588,0) 6
(383.2533421796415,880.7416244534165) 3
(511.9329661171586,1000) 1
(409.39815467458266,732.9467058093276) 8
(480.61805408320714,475.31817592399125) 2
(437.2101610099768,697.4985619100314) 3
(809.5576834137584,528.2182969239389) 3
(354.6166132920091,370.8326504671102) 9
(1000,788.6855716592472) 6
(624.6726778981803,106.36852868470072) 5
(326.9212041383207,939.9220250911546) 5
(946.9595092299282,690.9144644637254) 1
(811.1873614676641,165.12777960571003) 3
(594.090952279096,22.03758560915719) 2
(504.719134876902,406.27369180083906) 2
(465.81460271386635,515.0222344403549) 10
(757.8106247665681,265.1328472745847) 7
(803.9938539647544,628.9687448361997) 5
(420.99294968963636,895.7021284315119) 6
(107.67929011769684,962.420183618353) 4
(525.8828649916294,531.7245538367258) 5
(82.75892786662456,563.4325625669137) 5
(562.575179282915,487.4401644027992) 1
(1000,667.952118764089) 1
(55.70343580473053,702.2551172157848) 1
(305.2535116556323,0) 1
(20.692062562083777,379.67956029527113) 3
(254.54328907299035,902.588698015241) 9
(726.587095003349,1000) 4
(153.85115001761505,290.32448301802117) 8
(758.3852435007509,497.65509001411925) 4
(351.9169371784734,395.1065193504474) 4
(762.7373272212096,29.169156772599763) 6
(644.8615100208231,644.4788652197396) 6
(292.024195073025,905.5984383578227) 3
(456.1311641939564,161.64043023240464) 4
(291.17778238950496,868.4660057463301) 6
(263.10927490345944,0) 3
(867.7438864816669,621.8212433238848) 5
(669.6120965773646,833.192944002749) 10
(95.60546071085844,454.4770952258879) 4
(581.3791437628054,680.5258621115387) 8
(293.1489010434982,374.90790912262617) 1
(810.6896890848594,247.1577056761232) 1
(1000,471.03567784255785) 7
(475.3839762363356,1000) 5
(416.74048915733147,238.66581773340596) 6
(367.2978413204262,642.3674271100339) 10
(257.35166354301384,657.7070334175953) 7
(104.91462839279575,623.5598639239539) 5
(34.26096721201111,1000) 3
(1000,17.85730639262539) 5
(798.721820527456,20.305690390247094) 8
(946.3598432452286,340.04575259736305) 3
(846.9182095539206,272.7483961561049) 1
(808.7126291134426,0) 7
(194.22796282353443,397.76224021284895) 1
(135.14057322764415,443.65798327574976) 8
(570.7818023955274,743.5835579776119) 8
(558.9015716515344,490.6723681517527) 1
(71.64620749716437,367.3591974618502) 4
(384.8085086482723,0) 9
(406.23217072202567,859.1906469438766) 3
(791.705436108981,271.2369825980313) 4
(1000,508.5500656827786) 4
(691.1094142473064,733.4168940635514) 9
(1000,394.7895128500789) 6
(386.43123580502106,729.2539297341208) 5
(1000,210.6812621376705) 2
(833.5140639518597,607.5059528233861) 2
(326.2745477207959,352.28825950664907) 5
(404.33220123479066,189.62026816162273) 3
(536.7496072535924,950.0060094575156) 2
(616.6963289674601,1000) 1
(34.137375356266034,192.15902853811218) 8
(670.0308549703357,387.03394712193955) 8
(719.8599258746349,716.0670700410723) 9
(358.50544609292183,1000) 1
(0,753.5337468302663) 6
(861.9768462273619,1000) 5
(37.993425355836905,647.0501335171401) 5
(163.98127133900158,615.9797267262943) 4
(990.8656450562768,994.1026920023398) 8
(723.1679099248025,602.8454828463723) 1
(0,495.333731493777) 1
