1000 1000
10
(0,0)
21 80
200
(172.85119425223945,1000) 5
(332.8119985436051,0) 1
(449.0073776993879,628.5631607058435) 6
(382.8375101587383,775.225292012373) 4
(220.5180450108963,187.3473671344879) 10
(299.4935683247482,538.5992807566623) 5
(0,224.86986524100786) 1
(467.7799753720578,806.9926320437381) 2
(182.4328490503172,186.73482368685546) 7
(521.4649478586089,0) 1
(1000,144.70496854487146) 4
(492.23386534599695,503.4722394445603) 1
(767.5660965898676,684.9318040004945) 4
(276.19898600277287,292.0640950668704) 3
(635.2638702477361,163.2879925141255) 4
(429.0805620051049,499.2577461233194) 6
(368.1440112463757,452.23726562396075) 3
(1000,467.2517173514468) 9
(427.9838193748309,251.64420723388537) 1
(715.4007545839803,851.1915991543483) 3
(1000,702.0867406082639) 6
(1000,982.8684233985209) 3
(440.5577465194639,0) 5
(518.6465238883285,0) 8
(872.968531390171,640.9816328057032) 5
(443.5228296675866,0) 1
(775.5378299079225,931.5907538100862) 6
(31.95833897553871,618.6717517698016) 3
(0,1000) 7
(954.0353085041519,716.6148170571034) 6
(599.8403009629359,80.56776285379135) 2
(691.3292586650301,310.1549598669311) 8
(563.1244554234144,355.76699278389253) 7
(86.87238301941528,1000) 7
(204.89394980188519,1000) 7
(54.107904840721915,784.9382719114487) 1
(315.73507899568193,308.4368633471398) 6
(734.6866609913611,276.477227843642) 1
(810.037532598911,693.549557681436) 5
(116.8191685521951,260.99992116642215) 5
(818.2855752065924,341.1572002420109) 1
(915.8380977402531,780.6390830393259) 3
(713.6981660466812,680.037395504909) 1
(412.0983774126321,770.7208617544446) 5
(0,954.1696591776462) 7
(650.3356845529607,1000) 1
(655.347316201955,771.2347201417713) 4
(295.3948923069198,728.9955494549124) 4
(148.68914523613728,522.9024105825569) 1
(0,956.4448646899723) 4
(440.2083024317894,660.5896973273138) 6
(0,228.44016674359676) 5
(536.3138009376686,451.4728839939858) 1
(481.4367492637654,355.45115382937354) 3
(222.25685735970245,980.2033582546524) 7
(654.3116284462576,105.84692035042917) 2
(441.55524466774506,459.64633827519344) 10
(537.2931911923109,682.7265368707261) 7
(744.5508737331253,533.3469327746066) 10
(56.76516181063073,781.4539600539484) 1
(889.0076753089836,112.31695724295759) 2
(375.3385435027582,180.02469285617713) 8
(917.0921678577681,213.8291835489743) 7
(547.2041835157474,1000) 2
(958.110616340779,0) 5
(0,333.9420552029454) 1
(1000,647.7872687088291) 2
(314.32841277019054,702.5059972856636) 7
(492.25997067485775,1000) 9
(1000,643.4941152891216) 6
(624.9721212841988,807.1662649954294) 1
(335.8288305475996,625.1677667479505) 9
(240.65837544751804,1000) 1
(340.10517820238204,880.0125746191286) 7
(781.3017850473607,743.0052555839035) 10
(461.73560343251006,899.6927205853523) 4
(521.128956850826,66.12100004193968) 4
(548.8568427223742,675.4370307989267) 10
(226.62305332601528,231.3744465344032) 4
(616.5599839394106,55.30078312323923) 4
(455.79553083406415,455.7493104380936) 3
(951.9961040362235,591.1060528809937) 3
(657.7347085105957,0) 5
(1000,222.23377386796892) 1
(975.1580115001072,910.1648883413136) 5
(534.902205801821,347.0031442890125) 6
(786.167044725392,686.3482211864566) 3
(302.51341672559323,408.23657471362463) 2
(1000,0) 4
(574.4859748542755,876.8843551056999) 4
(936.3622443508639,680.6217185780846) 8
(978.1003392980152,268.5600082692871) 10
(326.15446323919775,146.15698666514623) 3
(387.57264588637554,849.2767641832845) 10
(694.8162274723021,864.8542586280123) 4
(533.6760097527588,163.99630122536757) 1
(798.7647009978331,146.86123995919365) 1
(600.8748898810671,559.2123650168501) 10
(794.5301035952149,40.74957555348436) 3
(399.40008044079843,663.2556211642905) 2
(429.15742904032925,257.9374093306362) 2
(2.903952191825738,376.28039376565096) 4
(226.33554316147922,228.84320606686543) 4
(486.8716162682896,0) 5
(0,466.81705822121336) 1
(879.2329774883551,585.7391844060348) 1
(431.14002540970046,470.8106793959389) 5
(428.2930322599552,747.0568508607707) 4
(120.32080170761208,395.8516405997454) 1
(597.4351234494286,147.77599849700687) 3
(222.39034010752198,338.9339464744774) 2
(556.0568685987683,327.95277980561855) 9
(439.0891195967967,682.931787940465) 2
(839.1858210810469,673.0979703500421) 1
(1000,468.2337842121976) 3
(0,0) 3
(285.3951644096734,357.664029257725) 9
(854.8963398334345,279.86689738994926) 4
(525.3763312046616,486.7869743130296) 3
(598.7762060666719,660.1510798973635) 8
(190.40568330342563,0) 1
(819.5957651526032,569.9462171777332) 3
(511.21007423832367,523.0371569099091) 1
(424.40552673692264,690.4399614654254) 4
(14.25133030602376,1000) 6
(394.6047491313681,560.9522358253074) 7
(424.83405591006454,562.7669933472577) 2
(396.88528644725136,939.4024264234354) 7
(602.779905122756,172.17503053694543) 1
(1000,368.0780854722386) 1
(820.3736814189813,416.04191829037813) 8
(319.74725267434917,358.0255232580546) 7
(534.7007515234286,969.0970201406687) 10
(195.22343520408026,511.5696256073911) 5
(771.7251864514119,490.92331800418214) 7
(508.5950720225344,261.6852139028213) 4
(713.6073757087447,699.400227040989) 6
(484.22033886058244,0) 5
(598.628517680135,207.2673360193308) 1
(1000,570.06433548709) 4
(764.2044616434451,396.77342619059846) 4
(2.6113849726537524,1000) 1
(479.8686593716226,980.0085319387902) 4
(464.23408655071455,285.8886379816946) 4
(424.7727737214576,246.50417742507855) 5
(480.69853340389676,0) 1
(605.299244007064,491.9164327741806) 3
(861.4389392498433,835.5134262790236) 8
(884.599072665716,638.8249354596288) 5
(966.6120499424153,680.1067320184037) 3
(0,517.5254425377658) 8
(770.7656235001925,455.608135151695) 3
(74.27019820626327,555.3775453903365) 4
(205.0643952865134,758.2050817903211) 9
(312.5313306689941,197.33375955013628) 6
(474.14179787453315,0) 8
(388.3017166931259,705.6139652746722) 1
(429.80696881338247,464.9378439286791) 1
(511.71335774749105,709.6884420600711) 8
(430.9118750922267,966.0296408937927) 6
(607.7872205242601,613.7882862622616) 6
(574.6624932184136,684.4009218480076) 1
(703.7676012726802,0) 10
(543.0388331275964,805.3215689690837) 5
(489.58558918770416,398.00812610222533) 2
(636.359499908451,26.876303987911342) 1
(645.9005023927527,518.6674274097766) 3
(896.6247048254405,589.436265195833) 5
(154.17603173613776,0) 2
(138.9523987979992,790.2044546489468) 1
(883.0139015365505,709.9486938288479) 3
(626.5595056173269,240.60219579891077) 4
(205.22440632545647,1000) 1
(565.8039722872848,0) 7
(370.9962674584416,811.8824618755834) 1
(0,981.3518184255004) 1
(152.50368768154476,589.6142773840147) 4
(0,826.6987948638027) 1
(998.3942608334586,460.99108468479625) 6
(855.8726270183113,563.1229159903941) 7
(1000,618.5448211489856) 1
(223.4725975784575,661.2149005489097) 4
(124.47412734657763,551.4369367907992) 1
(578.076831912937,221.06049539072598) 9
(731.5379052377874,0) 10
(322.066573649617,616.1353279760664) 3
(236.42854532485876,801.1293453324223) 1
(0,955.5753759953117) 6
(578.7186433139341,355.6518200401297) 6
(327.9365028085126,627.067399090903) 1
(983.1842128851331,1000) 5
(485.6434496526444,188.32421702259143) 7
(437.6454893127397,307.2380066868444) 2
(671.6631697200761,634.4454659937367) 5
(528.3634365659376,749.971198204444) 6
(744.9020784177055,949.7400343138813) 5
(0,620.8554728208688) 5
(397.6220144523187,697.7421444244751) 5
(221.16899693630575,890.2259107528611) 3
(124.3512279707549,692.9556692184185) 8
