1000 1000
10
(0,0)
21 80
200
(493.36150647550136,1000) 2
(195.99373615427527,0) 1
(771.648765068539,688.0395597414695) 4
(656.7073573183762,454.11660228220035) 8
(81.4831603908857,363.05262833210867) 7
(1000,199.8639037800454) 3
(537.2685772982164,590.1421507029227) 6
(285.7505720222084,686.6745961396679) 5
(502.9607556684879,0) 3
(53.247178168089306,454.93671399961534) 1
(351.5221528162044,279.292916258032) 4
(150.4255623751646,440.37032481962586) 4
(598.4309597883448,333.0112843620004) 3
(328.60547209947094,317.9119912915374) 8
(663.8893973214433,474.1802502077659) 6
(539.1183996794149,605.8154506870194) 4
(830.1823965109129,937.2330106259851) 6
(368.06271193050935,269.2896425205438) 4
(92.24756617508672,738.1439251748873) 6
(509.30573879326164,482.4511606827373) 2
(736.0861805292242,309.048072344635) 3
(0,167.03438044114495) 6
(919.9692641464062,104.38457776549876) 8
(818.0790257428273,479.8380262780686) 2
(327.0111905993758,0) 7
(358.4763711390366,1000) 1
(185.13004446785897,109.23965682115744) 3
(453.27803505944405,534.2202978891667) 4
(819.0582128298724,0) 6
(446.41824704226667,453.6257633289379) 4
(489.34329228573375,515.9978225159281) 3
(0,0) 10
(954.4328926530615,1000) 4
(0,540.4629778591387) 5
(697.1035439419808,88.46934342021336) 1
(715.1800830360239,778.0587598869402) 1
(764.7939660769014,652.7964066310058) 1
(746.1261867591138,626.0753025963917) 1
(489.1709114870392,84.88467766523326) 5
(0,1000) 7
(233.38343977932976,699.85860290806) 2
(632.4780155899238,253.0088645272394) 10
(430.39689516854304,186.88561837970815) 1
(423.32139631558704,834.4375548387801) 7
(605.0942978476135,558.9022700756021) 1
(739.5598028984513,1000) 6
(655.5728104025627,545.5434312230332) 1
(1000,0) 7
(1000,720.2697671420653) 8
(905.0727783058569,641.8612241303542) 5
(712.1644480343313,182.4775487172301) 8
(1000,210.0995192998879) 4
(972.3075838933063,334.81900764786735) 6
(0,204.6705578518958) 1
(424.99078643790574,721.5508420451974) 1
(421.70029211945604,872.9764591466316) 3
(999.9422418575374,911.306532051047) 5
(490.81116665632294,344.75696921724773) 8
(470.97296494760525,911.8909166544718) 5
(571.9117771596331,294.7766616719722) 7
(47.439923514181544,396.7951961444031) 1
(899.0186753173103,835.0506774884901) 7
(480.72434748806444,0) 6
(751.9018759065609,465.6260640866438) 4
(894.1582436760568,640.1849412961722) 10
(404.51970261897435,79.26000608707898) 7
(548.5410139585944,531.386294324336) 1
(927.7370550707844,1000) 2
(240.04103802979967,887.0771702807348) 1
(916.9602766999599,412.9041616930015) 5
(1000,1000) 1
(967.8165024526043,962.2330571316646) 9
(266.9712243492362,727.1224951227804) 9
(293.2065219887644,230.20028224586707) 5
(178.72729544639333,407.67679443456444) 2
(233.41684492260077,111.38260324700906) 6
(854.9452496853139,613.8400865638373) 6
(431.46369706754075,176.90003579863344) 3
(0,617.9102110246745) 1
(436.0174633093568,0) 10
(416.7530411069907,308.74441899291514) 8
(1000,422.0210066962194) 5
(582.4016685579119,194.97379564889928) 6
(987.5124616722017,5.213899463428049) 2
(34.16687076130057,910.5528303998551) 1
(726.3072286427341,468.59894142199136) 3
(296.4046649795072,432.28311850796956) 4
(421.57203219583636,337.8503643691805) 6
(567.9944337013643,418.04424310794343) 6
(549.4969052756041,373.10218139628796) 8
(826.1847178448894,83.45062388418523) 1
(0,603.2760665667846) 1
(575.4968588637882,0) 4
(710.2248921161529,488.55249933385517) 4
(241.5721288045882,356.9777881499257) 10
(374.72477696099423,0) 4
(521.347581723373,721.826719362323) 1
(1000,194.31333623308672) 3
(0,347.08455185170743) 10
(1000,475.34232713630604) 10
(407.20951041438076,319.0575138329648) 6
(501.7658573333331,622.5266522817933) 3
(344.54289947358745,432.8648749249054) 2
(536.6985665465819,534.2472302197204) 3
(0,643.5465278616643) 1
(415.1115253494282,25.942958215523163) 6
(567.316748431575,359.704672465999) 6
(240.07001949637908,442.4545810698438) 1
(255.1171152789115,519.7184439901788) 7
(873.7453660444089,697.1718204377402) 8
(81.53990028442445,589.494344620606) 1
(823.7328392197653,1000) 8
(0,384.3943235811262) 1
(850.8615230097159,401.9501635693129) 2
(770.3737835634872,386.442992824304) 3
(368.47220908266405,0) 10
(409.6205023495205,114.12914541493632) 8
(707.0054613810248,537.5529589539206) 6
(308.3401713602406,75.45133899637398) 9
(383.6754885873728,779.2117458272105) 8
(343.60164982552135,638.8223152285202) 8
(90.25003767271215,864.4100559358952) 2
(667.6899163814945,598.6204102216137) 1
(365.6036528823289,676.2842732790386) 3
(0,823.6538979793884) 6
(723.8869194135527,1000) 1
(64.50846493574016,126.9497023058808) 8
(855.7122424432437,485.31789680529107) 5
(352.06218243919204,291.73246801654) 1
(747.4011169865378,97.81876531297047) 6
(639.0944341655394,341.2389435841594) 6
(795.346161098601,324.637319977828) 6
(965.2332363589353,448.4387550365049) 3
(476.1554499797613,0) 7
(665.2267850241552,503.8182798272199) 7
(896.2426399454555,574.8079051168595) 4
(431.67543807057876,772.1915338841275) 1
(60.723292985324974,830.6016462241698) 3
(796.662370340423,649.2622089926172) 9
(657.3742344009793,294.8780363068741) 10
(589.9476942086394,8.812447286262397) 10
(491.1898378528207,0) 4
(435.21926421499984,535.3782193571975) 8
(502.147857601954,539.5343154567809) 2
(286.9922032840109,0) 5
(557.6883470172795,0) 10
(651.6181208519181,547.5747424589185) 3
(447.2240667532533,335.6888981083117) 5
(918.020983971109,677.9544018004574) 4
(356.909345468757,953.0565889971377) 2
(406.9988701830999,394.1858259043171) 6
(903.3544318003916,247.19688919471952) 2
(89.66318827725149,937.8209387097243) 3
(633.3568292984722,723.514635647326) 1
(415.89243747035556,962.710817633385) 7
(845.1381197723381,328.5466380940402) 5
(864.3623806573753,513.8337281631769) 9
(210.901089034478,870.832492146051) 9
(564.9470771488731,1000) 8
(617.7059262834011,1000) 2
(513.0345393308074,351.1551437096624) 7
(610.5868689026416,646.842268230707) 9
(0,138.48452799589842) 1
(280.295426997995,400.67975167755526) 1
(918.9809911092035,902.807939116798) 9
(366.4210326872503,609.6873876106156) 5
(0,210.34514553832332) 3
(824.3843639447531,578.26888673194) 1
(0,604.8651388564962) 6
(303.4280387551037,518.4366542689171) 9
(695.7787549633694,922.3275860285141) 7
(63.06408468204927,672.5034294217867) 4
(438.3470720316148,190.36466264001723) 5
(505.56436346001635,445.4624228289937) 10
(874.7552942905951,828.5547176689328) 4
(149.97418261869223,92.9609833560798) 1
(394.0986836190492,589.6963854123534) 1
(499.4341141342632,419.881356345837) 5
(178.71020605159896,494.1445174340598) 6
(683.6727019131451,175.7487274574891) 2
(548.5083244194742,190.4668903056031) 4
(1000,516.0560941824269) 2
(571.6878600830253,640.5365537182164) 8
(674.7022001181581,502.20671874526533) 3
(903.5773812355083,570.0409032708121) 2
(509.5442435658216,394.3780100738604) 6
(105.6032697598971,291.82236323862674) 7
(551.473850932169,776.0473950105763) 1
(692.1037198026256,432.058626245183) 3
(128.64007666134262,483.45948984388474) 4
(574.4218850818193,465.7074997220899) 6
(314.6468176136857,856.2153618966144) 6
(32.70232794662451,540.6356475468413) 9
(998.1113975159647,0) 4
(485.3681768327943,962.7863713265011) 5
(414.3084653311088,456.030220307611) 1
(460.1814416554579,471.84374142105764) 9
(578.1884769326394,673.9040942629035) 3
(478.72185717121465,428.9660937327632) 9
(514.8243708133568,422.75236068963665) 8
