1000 1000
10
(0,0)
21 80
200
(182.99598942393357,1000) 3
(490.7860426203763,684.6090167548524) 1
(504.4762995633165,182.12397745199507) 4
(256.2969014923458,1000) 1
(758.3038048239803,995.103858933303) 1
(755.3962938583107,452.7125741569392) 10
(304.27673559471305,763.0284988344429) 8
(1000,960.8993691859719) 2
(130.66332770078634,1000) 2
(680.1780095263507,50.15849164489276) 8
(429.58468764983905,1000) 3
(793.973775743218,646.8765061957675) 5
(701.2631267523416,576.1826424421697) 10
(756.2453391537904,0) 3
(427.10602099572634,468.41059884886073) 2
(559.6127664604421,276.69874650254184) 4
(849.2801136081662,378.0435366266721) 1
(415.5524688373497,145.4475178398519) 3
(232.8173346252005,131.3730395397152) 2
(466.65947425365704,140.35125437994583) 8
(896.0415286577963,469.54829038652974) 3
(0,65.78377840145384) 7
(677.0678002278571,497.13826533276165) 8
(335.6353317566013,570.2439280255123) 9
(1000,29.848671317888602) 1
(1000,186.3936281446451) 4
(807.4179360124582,1000) 3
(525.6585511159877,681.2254508920511) 6
(361.4001170012243,407.534653360888) 6
(854.7863600061941,694.723550662356) 10
(839.415323215344,815.2079382943169) 5
(198.90196533710525,667.4510475107761) 1
(601.3414562656137,1000) 1
(1000,462.44850313048283) 1
(1000,524.8680321370289) 1
(1000,1000) 7
(502.11722585366425,609.8467545621407) 1
(648.4643111077604,371.1532149053786) 6
(228.84105334370508,437.94383161897525) 2
(471.1695345837275,351.6835767231753) 6
(958.5289985809106,673.3372887341724) 9
(18.917389968189013,915.1740124011914) 1
(526.1065057111794,548.3510186651059) 7
(314.7140860460253,375.8528817909065) 3
(864.3678794759064,130.35886310314748) 5
(386.3006963441813,542.4198168745309) 6
(260.8024662394283,502.81646781530947) 5
(342.02798100154405,194.42053148334736) 1
(455.2449207566358,410.7812544258454) 4
(920.7294561957094,324.6316108294413) 1
(0,923.5460878662443) 1
(27.289550626461732,245.34999902554318) 4
(1000,368.85526665480495) 4
(84.99452336045744,1000) 7
(0,755.7962500752171) 8
(228.75341295779424,0) 2
(1000,566.9660292986159) 4
(601.5032406647321,896.766536388671) 1
(668.214300605893,745.2818270442131) 6
(709.2749387890199,677.80797187197) 7
(785.2870886361042,1000) 6
(181.33815095630115,661.3024411085639) 5
(662.283539897582,1000) 3
(504.03212199713954,533.0692205459712) 5
(407.78267833562353,397.5563077021312) 4
(1000,109.21341192034475) 3
(436.22520707999723,1000) 7
(961.314149670615,369.79460466248224) 7
(193.4932979382425,724.9467716585275) 9
(170.60893884752068,163.8278157038904) 1
(432.1055368864082,326.0524041959195) 1
(384.3773259905056,399.5758585385938) 2
(15.325559052479832,521.880785510998) 4
(521.2808624117749,1000) 1
(560.8339802807468,788.143771236146) 4
(335.6884790127384,1000) 10
(515.1658068918792,439.17391032215363) 6
(766.6246794477704,941.284542085384) 6
(817.9752034669141,769.4850337890275) 1
(876.3389683199784,695.1019046888354) 8
(826.1604058845401,781.9518067715792) 10
(932.4895408392968,1000) 2
(1000,750.3773979869483) 1
(263.4589583208708,761.0148027805626) 5
(220.5142716273856,595.6456881413334) 6
(251.2893956330206,353.13421772913193) 9
(902.8968866080249,1000) 10
(400.67730391346123,266.6668951680118) 1
(438.3619670660081,393.30897771957115) 1
(475.69393636595373,0) 3
(557.7526200612419,596.5414964511007) 4
(133.65962228892306,1000) 4
(599.753310044542,511.7232506129122) 6
(275.39834083073015,649.3504178859325) 1
(803.5273665340552,551.7128579635911) 6
(453.15319013489614,891.485979426333) 10
(376.5324313371111,0) 3
(592.7491379099736,239.45397596096274) 1
(612.0147917977715,911.3769264988068) 10
(364.9820289565053,355.65416092340956) 3
(931.8919861723775,0) 5
(237.71584093060437,0) 6
(409.01635930123064,725.4364379345881) 7
(506.02270393850637,822.6478611237424) 4
(0,521.6378746785356) 8
(129.89669991583742,39.612302796090034) 9
(604.3174588584591,614.2060368710017) 9
(193.12920839851733,239.16899526587963) 3
(581.0543097596453,606.998114103892) 1
(298.81944388367515,534.6248067698768) 1
(605.1331207201491,208.13426160169018) 7
(687.9019367778167,538.2796716628602) 7
(315.42346519702403,504.0198945493525) 5
(584.8848610436587,703.9639280306028) 6
(932.6312050084547,298.9906196166967) 1
(238.77595718477318,672.8687175748212) 9
(572.6602775042156,177.22453219195074) 2
(1000,0) 8
(483.34850673907715,414.7462812115032) 3
(741.5575325122314,376.26025592585546) 3
(334.26675799473065,756.7660252755268) 9
(985.0321152479215,819.6172185441046) 3
(842.7546685313046,0) 1
(40.90074604282444,458.1327010255038) 1
(937.1464063714059,766.0674611353761) 9
(838.7791369395501,480.17310859700757) 10
(789.428382952139,439.55728827282934) 4
(580.8083710371855,534.0436675920813) 5
(1000,323.0259208763823) 4
(0,331.51068117427894) 4
(193.35340022836618,745.4027847981401) 2
(846.5869178755171,634.6409225084852) 4
(424.907350103587,480.0038418018806) 1
(668.0679057668622,163.2757901595187) 2
(804.0335005540068,0) 5
(488.2965972447289,1000) 6
(1000,564.2917414230319) 8
(474.6373339086079,1000) 6
(608.2314682878845,874.441050064857) 4
(1000,147.353483756032) 1
(0,479.7567619963622) 5
(510.74880358076285,603.8675187589172) 8
(419.3642313663128,451.77835027686274) 5
(832.7680198359878,576.4411943742874) 7
(612.1192821390866,412.3142099939533) 3
(356.2293821956221,866.4490361195896) 1
(507.99603145365336,139.06595906606532) 3
(662.4588685831636,297.5101043559994) 1
(599.0820740860175,1000) 8
(525.3565219043492,884.5144355529621) 4
(428.7677270333211,237.72886460048858) 1
(747.3432019658468,703.6672871500484) 3
(95.48141742186368,434.42448474922) 7
(718.0438294512514,601.715711537244) 10
(514.0060101469204,610.1141146515943) 1
(97.55691258437605,813.3000316423969) 6
(278.90372869062855,547.6585653192823) 1
(295.85154599377,1000) 8
(373.50400789894263,732.2325460002311) 2
(686.3656297155582,706.5561983930655) 2
(0,721.8695051861623) 1
(819.289509454355,847.699599999428) 6
(17.314024266978038,442.96155436873244) 2
(757.8719657763422,951.0576981914219) 1
(606.9569245881762,668.6927015065137) 2
(775.055420387435,681.9543016490244) 10
(818.2714878503066,574.8935354854535) 8
(320.98176177500864,490.48348084991477) 4
(0,0) 4
(819.9026197420578,272.0011312035747) 3
(697.4754386495121,732.1518498560231) 8
(410.8709318049872,470.1994766819044) 9
(291.8254530277668,259.5065651083978) 4
(418.0115835423394,460.92894629185986) 5
(250.81014821154017,618.0195045150609) 1
(454.525489779908,275.99591210533106) 4
(320.07051295981694,602.9366978452471) 2
(446.48643125622294,544.4958826216595) 8
(510.05531315002685,0) 10
(525.9938815506504,545.3358723531736) 9
(101.86804653862458,145.12594763161746) 2
(343.99788547540015,162.66357399050634) 7
(612.032359611579,787.4101585493768) 8
(0,634.8137187443704) 8
(221.84926496479954,922.6136921580173) 9
(500.06605250449854,916.7585304504958) 7
(186.63529086320085,534.8014472179482) 9
(1000,612.7746967990678) 4
(850.0837585346305,36.471075750156615) 2
(771.7482699030537,677.648590101076) 10
(0,26.335849483059746) 6
(1000,958.5951164334138) 6
(859.6400541703831,175.76596386350462) 1
(522.4926279795832,695.0992364873678) 3
(360.8881048998419,417.9204077326037) 5
(0,467.570636043084) 7
(789.9273953396233,747.7831200581545) 1
(434.1497430260787,1000) 1
(266.1789964695238,444.325302734228) 5
(541.0240284050684,798.9894609002433) 4
