1000 1000
10
(0,0)
21 80
200
(587.7090585773071,902.3219246219231) 6
(846.5640910997297,594.4376844744011) 3
(700.2228356339342,442.34631667776847) 4
(1000,308.9431012012311) 1
(728.6524802006844,613.0720481912804) 6
(638.2104450125319,734.2660018382937) 2
(500.6294838511154,899.1278683025935) 1
(642.2445839838151,1000) 10
(364.20793894572523,319.57724102827723) 2
(788.4448296873015,331.33228510883106) 5
(667.492973254207,1000) 7
(416.8427662290384,448.46578453434233) 2
(838.6723447579689,267.72008980064004) 5
(307.37112277267573,786.7827011616318) 4
(604.3937971947926,516.4400235957538) 10
(0,997.6361466513889) 5
(520.1929401841961,643.0268695688533) 5
(809.3968451134119,1000) 6
(409.40878168510045,1000) 2
(847.5028227779032,438.1575082160963) 9
(0,398.0993198133967) 2
(662.962592878829,1000) 5
(588.3194106916434,903.6789418849721) 1
(974.2074947100521,762.2138141522084) 4
(454.30632087364313,244.39746241224648) 8
(856.8640547615137,736.8268673814302) 8
(1000,4.611930073279211) 9
(333.5445166681756,1000) 6
(837.8196366321205,445.3775011089951) 2
(76.67225804507859,188.69814464387923) 2
(1000,854.614344590849) 2
(955.7012906250803,161.2843017007316) 1
(326.37430342828793,922.0858678654672) 10
(528.9876463175375,502.09836326877013) 5
(311.0958448573333,476.1361487038012) 7
(524.8444538020044,821.0910364828484) 6
(156.06309640430993,509.7100979393596) 4
(299.48950791994343,326.8566894181787) 5
(820.0093118209923,546.7162819530596) 2
(509.3646990508673,525.8995121072372) 7
(999.3041905699224,538.1713252179285) 1
(55.1967971046347,693.7924111074423) 1
(546.6350081800986,232.718826218969) 1
(149.00232658376473,822.8527956265848) 7
(687.8067282789896,636.0053665958575) 8
(887.7476327784856,622.8011155549857) 4
(441.5634702136188,812.3301994758615) 6
(808.801638538604,311.2541638614442) 1
(564.7317355664723,327.801448481898) 4
(206.1704731009463,457.5408201181706) 9
(1000,313.8274005736589) 4
(113.43898996811254,509.8939430740098) 2
(763.8275576490948,258.8156306145722) 2
(463.8909567549537,1000) 1
(760.4448138420939,391.6308251462845) 10
(198.9700519229727,12.087100992758963) 8
(454.5930113137934,71.5912969922075) 10
(899.9728072037392,245.76962933072753) 7
(687.7722923799217,1000) 5
(365.4293776816862,1000) 10
(691.9822100876038,674.5475603591206) 1
(0,1000) 6
(442.47854170423426,78.47490483324725) 2
(287.778705611449,1000) 10
(939.7969778562424,261.7158946071636) 10
(491.2051103129692,730.6010936631416) 2
(202.54771544763764,389.02783442539203) 1
(451.0540227475175,5.306872265532263) 10
(115.07039653056302,4.340026643872136) 3
(721.8623001857043,1000) 6
(1000,760.3045191031374) 10
(371.2564236090102,841.2725152943799) 4
(724.0929880079639,649.7015506866416) 9
(148.3043853676628,64.00220939853892) 7
(723.9714962905655,0) 6
(345.92286520025584,1000) 10
(220.99126335011414,224.075533870661) 4
(412.04548495161964,552.0165759197141) 4
(637.4875352325014,542.1233638093324) 10
(393.07136921263054,886.2547255761485) 3
(400.71588545360135,366.2097566977318) 10
(502.4632546834037,465.82503944169) 1
(432.93918172400015,389.89898136787934) 3
(449.26329643471524,158.34644519305482) 1
(303.9065012241118,700.3741737368266) 6
(628.8515303789949,767.8681777128312) 8
(880.8873109469105,397.6189678330667) 3
(54.23674106844243,389.95826570301483) 10
(442.4810199203655,124.59238629781947) 3
(739.0070029263027,538.0366574321408) 1
(0,462.18929412167216) 5
(429.95498924818395,10.435461568773178) 9
(1000,1000) 4
(256.7115518503267,1000) 7
(927.1471750130863,285.84354859460257) 3
(333.51757169453896,390.60083642733275) 5
(112.35784898559842,424.4715967222053) 2
(287.3643968395821,936.3551614700519) 1
(979.2035828061385,949.177967689328) 1
(510.9893234812862,675.1054752098976) 1
(678.9249165908157,373.6566857837292) 3
(308.5514238214048,902.9866193185904) 10
(335.2839843872865,273.23661161656673) 8
(439.8508785760403,218.49758594315017) 1
(586.163367872918,600.3515424173537) 9
(0,703.7232833723698) 8
(332.8870481899345,354.7163471547404) 10
(169.52511443526413,32.20967065992505) 10
(468.4912213924389,533.9797495314581) 4
(495.95557171531215,282.1261368866578) 4
(401.261758502978,1000) 2
(1000,603.3535530815068) 6
(1000,362.8114076086359) 1
(791.0820869214978,730.3212062478776) 1
(584.7270222336043,0) 1
(548.8845907656653,566.8039809177716) 3
(569.3303631262199,653.7296265190662) 1
(915.2462564606828,657.1091837093702) 1
(247.46649722407741,283.3894415528124) 10
(787.0072275565487,494.21331301583126) 1
(759.8814980484158,315.9633924945059) 2
(626.0748543488208,751.4205100571816) 7
(621.0420409870482,565.5244814887764) 4
(958.9936587396594,317.5554790945531) 1
(808.6907058085897,353.7161184419184) 8
(297.32376014083684,594.6670879470987) 5
(245.39322649303088,50.565192488199614) 5
(262.5929436778269,1000) 1
(82.53048099605411,165.6606991335305) 1
(662.3619692278866,575.497292896057) 10
(812.2532054704066,841.6271150391369) 8
(0,134.24211950550415) 8
(92.18589158583961,205.3418706785984) 1
(202.5990294615416,425.4672668299864) 3
(749.7152028287883,418.35809155048975) 6
(367.14784364030436,1000) 1
(474.69968323544487,676.1825711773088) 1
(92.64144715715463,611.5715979905542) 5
(673.2136917726784,1000) 6
(638.9098706254613,863.0472336496989) 6
(263.10455988125494,495.4322849494513) 3
(1000,998.2798888324457) 9
(788.899397748808,564.1150003935996) 4
(0,272.01150791546263) 5
(402.7621883887823,486.7992961457905) 7
(0,647.1545214767066) 4
(194.4762052971098,140.80252782983393) 4
(656.1474091690086,578.0097470977428) 4
(1000,402.07619427948043) 8
(980.3763662328076,377.42518343012665) 7
(370.0301233808471,350.0729882000586) 8
(995.945771016218,630.78613070899) 10
(0,284.8683112975583) 5
(397.58068884702976,828.0626308459184) 1
(251.1782523310316,410.7150343416101) 2
(349.70306005461975,0) 9
(443.84161986759045,1000) 8
(371.93994505617,398.20988454726336) 1
(736.4625404774883,283.789823546387) 1
(160.791802476803,1000) 7
(210.99295230805967,235.0488027309583) 5
(1000,330.70336811805277) 6
(471.36054183048157,339.4468646614657) 4
(456.4156186191796,734.755141669385) 5
(243.05336470733545,526.0655228561657) 7
(724.405722657621,682.9819815936519) 3
(974.5512477957044,493.7293003984544) 3
(877.7006323779742,623.3932454818437) 9
(699.8171775697318,221.03319844756226) 3
(853.2054458595574,1000) 9
(474.7942364606031,777.5611500133249) 6
(935.5127545918175,108.82423437694234) 6
(885.0246192002786,0) 6
(26.79050103267707,652.2931673103656) 1
(0,846.6104735843762) 5
(0,384.20299253281416) 10
(1000,856.2677577237505) 6
(703.2506009694455,700.8279256599923) 1
(342.8894023901825,526.4990181746582) 2
(523.3532106187279,708.3257511892675) 5
(1000,523.4975341676565) 4
(1000,632.7690712552283) 9
(755.975585087663,421.97286965891124) 1
(229.42991774958784,104.49659626469793) 1
(600.2453311819894,859.933832655057) 10
(735.5225522721339,457.9325233224298) 8
(427.3287528268681,430.8677222482656) 8
(330.81498081699374,555.2976414909115) 4
(1000,746.5801079228798) 7
(525.65611238055,689.2004390630289) 8
(0,222.54833527684434) 1
(700.2657439560096,238.55788898082642) 6
(39.883171431316384,15.778882619469698) 10
(1000,579.4883586349677) 6
(490.1928093515172,884.0397676456348) 2
(441.66515163723113,397.3856022538877) 10
(894.534548591531,471.00454150011495) 6
(630.4605702884065,113.24975131982143) 8
(0,122.2048276787695) 8
(693.3416907448653,1000) 3
