1000 1000
10
(0,0)
23 80
200
(147.89905141024332,591.7415770379826) 10
(707.4051710501046,50.84003755566317) 2
(509.39045689031127,0) 6
(357.86523473628705,877.6626383112925) 7
(343.66061173196516,846.0858435586244) 4
(868.8570125990384,0) 9
(1000,537.0338887312026) 7
(500.6725092755413,222.87617020830334) 1
(724.2481294637532,408.7153172937085) 3
(714.6277402733742,848.1557900781303) 5
(581.028341755356,527.5729316339687) 7
(780.1846812002492,0) 1
(26.115062436628307,388.8145961251688) 3
(868.907711300021,385.9468188149726) 1
(191.30354552880254,0) 6
(761.524673905503,96.8435738656687) 8
(674.9078441316689,362.8657730057654) 10
(505.79987349781067,244.0678730009052) 3
(411.07159653020574,976.5816879774666) 5
(687.173381020955,205.1616614498392) 3
(588.2737432462199,827.2162760914741) 6
(841.3837775291659,382.3034863283364) 2
(726.6312026382449,1000) 6
(973.0122542237916,1000) 1
(501.80121483181165,58.04207958458966) 1
(0,181.637497032382) 2
(696.5132949216129,773.7924642963528) 7
(619.9481016240485,0) 2
(788.6082160216615,482.6579759387064) 1
(509.35158712813546,191.6884985765446) 8
(0,156.5099802148996) 3
(664.4085796861984,351.091985847881) 6
(118.89318355160867,0) 7
(1000,613.4066887685731) 7
(324.1938443357635,415.9712457124081) 2
(415.9488763502816,0) 2
(99.70596549848568,0) 5
(785.688682039905,459.58066709009023) 1
(647.5027264718204,51.75552250751133) 4
(821.2269186769533,723.6355002122677) 1
(0,1000) 10
(0,587.8697404020407) 1
(891.2171662263858,89.61883415592797) 4
(445.5974554526534,1000) 2
(570.2076827628031,404.9202661085599) 1
(604.9452888851204,514.3109116092005) 1
(484.5884058880634,93.72594121546825) 1
(1000,989.1995164218843) 3
(1000,251.70241459977169) 1
(279.2515895459166,877.5873540490669) 8
(817.5229447867086,404.64130712154906) 9
(672.6878062516231,400.35968065924953) 1
(411.3920480799667,0) 7
(484.1520811294813,418.5333953265781) 3
(344.4645676280312,857.3941986152923) 8
(364.57074776848447,447.0408585676004) 4
(967.4874699214655,367.80812424259386) 2
(0,467.69737903685774) 6
(921.9265045110917,313.9643062112351) 7
(1000,349.54126257030407) 10
(0,346.03179929195437) 1
(264.40044798423105,299.191617664503) 1
(39.31591971822428,341.39851103752346) 1
(848.3686075573348,413.84297929247606) 3
(345.44856178945287,147.95880331490775) 5
(354.16170728822306,615.3382785533659) 7
(1000,440.2622639880657) 8
(386.4004562275171,422.9969498559884) 5
(1000,646.3531506717208) 2
(145.81932020672917,774.4618323274731) 6
(1000,692.5345086656034) 1
(306.9831546274878,164.65226464215726) 5
(805.8937433492606,856.9357064371488) 3
(0,629.8458638712804) 3
(662.5463422691437,838.3420365520851) 8
(725.3176262076726,79.00428277093948) 8
(630.0063940459044,191.67218950889196) 9
(334.5961102824233,861.2910293342709) 3
(248.14034582616222,998.179623276238) 8
(357.91521482445864,537.0393258404641) 6
(859.0757693675941,520.7763033829715) 4
(1000,558.1673581079848) 7
(273.4291596237929,882.3037689638852) 3
(520.2164312588629,798.1358899349138) 8
(685.1222615981521,237.79581626872357) 6
(146.48576011059276,525.0480894582237) 5
(320.187258893165,844.9746778863255) 8
(424.8572728909652,108.86255120348534) 8
(748.5371668463532,145.98125631576312) 1
(1000,103.00701771707452) 3
(572.0042145248375,504.2713041891863) 10
(284.002526931908,495.02239998300325) 8
(441.94808503013326,492.5167236157636) 4
(443.56338247575525,649.9992299927171) 4
(400.58545251507394,771.055385757046) 6
(138.29526046174482,673.4079994676702) 2
(302.6249703861922,319.0519361361513) 3
(249.11994923483857,800.6851331888545) 4
(666.7101225061516,293.76584625444576) 3
(826.4299981708436,547.2755083550167) 7
(206.94279482087182,893.0546424267146) 2
(297.50304803485744,426.53281035987897) 5
(531.8368120314337,396.3350879430127) 3
(708.6477127061075,507.1152528565341) 5
(685.9317223404786,973.8146275681129) 4
(666.2426240758369,0) 1
(656.0298577651777,242.59431242709712) 1
(271.7831319812546,240.39743452927155) 3
(503.66820123071324,546.862866284038) 2
(567.8501390096425,772.5722954703558) 8
(175.64502865354655,713.6676737217789) 1
(427.26458665524217,0) 9
(500.23027898175724,105.22826028897833) 1
(0,0) 10
(751.1368738819403,620.5101898702719) 10
(868.2136586463928,942.8234952320055) 5
(169.35918158371044,786.6619718537941) 9
(358.1652664502112,572.003448982365) 3
(424.6706732629697,351.49168136280923) 1
(614.2147497598688,815.1770054810322) 6
(282.7630674318415,712.6064571765) 5
(395.54536288430825,480.3470495426716) 1
(397.42365547904114,752.7169742297955) 6
(642.8945732471736,565.2921665084572) 4
(340.39245020572287,425.7630521610466) 3
(562.9865143677157,182.76094508757944) 9
(475.71688569282867,427.8779928961176) 1
(1000,225.68015801860008) 7
(156.80142742353672,215.612356169578) 3
(728.6706085515292,778.3510052121774) 5
(858.524961670111,58.33984436153662) 2
(663.3829883883969,400.2644395213805) 6
(0,643.378461515366) 6
(528.3959079976065,584.1613863730935) 7
(220.77075552934383,659.9910595934793) 2
(820.985818903918,0) 1
(17.665618291982582,512.3934972449862) 7
(0,470.97776572132886) 1
(533.4367135586156,359.3245760212785) 6
(661.8322056176978,19.438931236982228) 3
(392.61619423338476,720.8470942038914) 3
(537.090093182087,822.5604332732437) 3
(32.64628000744182,884.1659888792531) 2
(605.9473761462652,368.6407208883842) 1
(157.48550351590166,391.489519764376) 8
(0,392.8894422200809) 10
(718.8213016728658,592.8756782207863) 9
(130.34393829200872,598.6847306929088) 10
(230.43820006221472,640.321665734332) 1
(0,735.9078158932066) 1
(659.9581241445246,820.8415167857668) 5
(438.9882112208812,807.9683687208404) 6
(645.1940477508587,866.0204091772869) 7
(633.5314530074336,259.56812538772505) 4
(972.7151304956909,544.4761328552449) 5
(788.8152789419548,207.42462049753902) 7
(249.90698199443133,1000) 8
(521.1958309490354,0) 1
(407.90949602709054,388.58006067495603) 5
(603.6845457606541,120.33989224964381) 6
(300.85204952803696,779.4616603940542) 1
(655.61828114582,989.552127800021) 1
(535.828765507025,576.9930938631753) 2
(515.4918354008802,201.95220335306504) 3
(676.0691271733227,188.43764104966567) 5
(258.441929755244,141.2721227237725) 5
(498.5648833163944,938.3054677655094) 3
(565.194767332552,673.2182633522697) 1
(888.9276633212838,727.84151714157) 1
(175.69864434612333,232.08716328448475) 6
(292.3642706691411,362.66600866638237) 6
(618.3532476489,791.7374206888983) 1
(760.1198852541431,351.1295984410038) 4
(1000,643.4443285554441) 2
(0,364.42972367336995) 6
(354.57115833017554,486.33317449013566) 4
(649.1837736860413,255.41042763287186) 3
(0,224.44531032313216) 10
(574.5854126865585,793.8539052666024) 3
(606.8680054866321,318.49036626340035) 4
(267.8902392305754,0) 6
(616.0272408943769,722.6085086899757) 7
(68.37443686737697,736.3411744221131) 8
(317.2636653807692,1000) 10
(714.6615732703586,802.292313929844) 7
(778.5108919493543,1000) 7
(127.34406691376063,1000) 5
(760.3459975300024,0) 3
(842.1984858305666,445.3812807780673) 3
(711.4166839495587,749.2885829537275) 2
(381.38762264958854,240.83269731263726) 7
(71.88646139726637,682.5304977428228) 2
(871.9097951912483,616.4274556618032) 1
(871.9761887525857,139.97695903693563) 8
(248.79789477558802,809.2590130315941) 4
(652.8260792003697,300.71562156883647) 10
(221.96668560809331,675.9628253876183) 6
(667.8495478140011,18.35710707338916) 10
(929.5040994915145,345.4522157452657) 1
(562.4024423747895,780.3440367773873) 7
