1000 1000
10
(0,0)
23 80
200
(254.28784380701538,0) 9
(232.47613308934626,956.4735302336112) 9
(766.4680679745125,501.21325540063384) 6
(635.3564154525715,374.6359352638447) 1
(626.9130775137605,1000) 5
(996.7019688957445,959.1697815515367) 6
(15.83274061979887,1000) 3
(826.3697141699392,358.5840268560552) 1
(833.5897584290162,720.6947467303988) 1
(791.3958930334602,0) 5
(917.9491845083968,743.8382718166172) 3
(858.6682078512247,0) 4
(974.443416167316,357.6249377970795) 10
(830.644804767293,304.9562662028885) 9
(321.3917827196086,385.10843777681777) 6
(703.5959352045421,1000) 3
(545.9896125657311,693.3621923152926) 1
(207.01468655531005,67.67403466121192) 5
(286.59197101194496,379.5904435612742) 10
(383.834396401489,284.2514487523765) 8
(250.31981726020396,1000) 1
(144.99027333949692,906.8826895630953) 2
(588.7582395076051,354.5103349733715) 9
(665.7866849332011,132.95288800148796) 4
(139.72275781234822,570.3241467744973) 1
(451.2640106901387,929.7945252722903) 5
(412.2868157724211,263.7571062480987) 2
(407.38251598041364,963.559576095209) 4
(425.20474270724003,404.0038316632765) 1
(313.1856870532889,133.63526126820977) 10
(649.3404276207762,1000) 5
(523.626912210952,349.4628922808229) 2
(397.98594369743154,708.080784215025) 7
(8.619733251625007,453.0271794062356) 4
(1000,586.3121735824766) 7
(502.0053722686223,444.5729435047791) 3
(376.8613951273736,0) 1
(1000,852.3145229086236) 1
(466.83859095530835,632.2679670717787) 7
(728.9366430967872,595.0884689521766) 3
(724.1673733275112,0) 4
(801.1269922819474,630.2360409602144) 4
(483.1805864747875,321.19644012521724) 3
(924.2136407422499,95.32957542495524) 3
(806.5327712374501,0) 10
(255.37365828023852,497.9939258690578) 4
(919.1353841232071,520.3876289281826) 3
(662.2097653130095,469.13267406393044) 5
(1000,0) 1
(571.1363461403816,487.81026575174553) 2
(594.5758735300843,586.4042377970254) 7
(777.1294662316607,716.7497612656987) 9
(987.2725050403733,0) 1
(616.792599424201,653.9434244042296) 1
(123.32642565150638,247.1426106665441) 8
(809.305794096022,365.1499712763403) 3
(280.3747824630275,722.7495740228753) 1
(348.0397953960511,483.72534418615913) 4
(447.31257547708026,858.7111374624353) 1
(556.8341651331414,406.34782700336194) 1
(945.7067789461952,315.6246789671584) 1
(714.2912296378764,137.39781724262951) 6
(976.1462486150656,421.89199112473744) 3
(646.527037532987,323.22363530800925) 1
(0,145.55679830046182) 4
(750.2216834671892,832.3196390468702) 7
(564.9889293210621,505.15371977262714) 5
(408.0090833184873,544.0891216072839) 1
(1000,911.717053145447) 1
(168.00995815745722,61.562055405107174) 6
(516.0176015270714,265.41521230858007) 10
(652.6302773359913,1000) 10
(855.9601178358837,1000) 4
(155.8887513307265,772.3606291175157) 1
(323.6134780648688,0) 6
(408.8735408721611,155.6155995614236) 4
(700.9014897441502,225.37163114756737) 6
(372.4513753271281,0) 5
(670.3524047176446,0) 1
(694.0983338995062,641.3576417705449) 1
(550.6797770693471,815.7326013011491) 8
(1000,457.0404275666216) 5
(180.48176864820374,828.4154314169043) 2
(671.229746398365,733.6518513724732) 1
(331.7573322118917,440.45043865041475) 1
(596.1670913155723,770.4103863990422) 3
(229.6693497639576,42.28281293056432) 8
(633.3693412352864,0) 3
(1000,612.454289364408) 6
(843.146568776181,263.40560926031014) 3
(1000,745.8786790632703) 3
(659.8134845965934,782.5867108822997) 5
(894.713572385228,460.3552776130087) 8
(423.07558048472566,655.394818837657) 8
(448.13328867794166,247.6225537389193) 7
(687.0999583670794,622.7093445180169) 3
(800.2100838781204,75.19829885197083) 1
(505.1169270500561,790.117815479032) 6
(796.6560113974266,0) 8
(827.0440813306386,430.5004825484774) 7
(660.4235005328865,389.72074291306996) 5
(0,494.27554288489904) 1
(811.9993667485414,113.29584484130385) 7
(46.926366521871046,537.6490945437776) 1
(0,278.1266477932719) 7
(429.3431752351721,1000) 1
(380.5554597543542,750.5209258710669) 6
(775.9451585976649,454.30304898086376) 6
(666.7303034616061,230.604698023617) 7
(323.62973769288294,7.0556526004573925) 10
(471.44631449561746,452.23214396350403) 1
(0,804.4223625241407) 10
(855.1938071184913,264.49031105216864) 1
(338.2850616751459,15.931209980229823) 7
(665.945505659747,579.5560647595865) 3
(211.3181988947831,775.4634812721542) 5
(91.54024605244086,425.84104338950954) 5
(839.3425504013109,0) 1
(735.6341444078902,388.4312882822529) 6
(837.5868402714366,1000) 1
(836.9398694781635,383.5754533969312) 6
(369.65734248936735,622.834497168813) 5
(719.1429510736102,585.1032764467211) 2
(489.45754734479056,204.31640758393587) 2
(28.283008528375888,501.48506517656875) 2
(407.43270862874857,486.35064291436765) 10
(471.6935554114279,606.6539499600539) 1
(336.277130605035,148.0371077446407) 7
(29.336506175879833,503.26719795119493) 1
(513.6768989258359,472.9464415098106) 1
(673.9150467470133,209.28632020406286) 3
(236.15456822399926,361.41554700782086) 8
(231.22586353264825,944.7242269238263) 1
(152.18628846348884,22.453490345291414) 4
(1000,826.2260796522135) 9
(402.5581572621168,185.97685213057417) 5
(772.1841209500435,955.1235956129351) 3
(937.4304327384732,540.6380376070767) 5
(296.57815030493197,508.97516381859674) 10
(399.8341517627208,0) 1
(580.0874784964133,468.20327361224656) 3
(375.3935749175255,0) 7
(1000,968.1769618357089) 2
(302.9034531701955,138.4590663949681) 3
(710.4363671689986,639.3787474316783) 7
(917.2194742052047,279.9078910386533) 1
(432.32310837870773,786.102323306213) 7
(895.8480304826851,435.9782279738566) 2
(343.22643598370814,30.933015337392362) 4
(153.87634741704153,709.0310997789951) 5
(112.77480821686311,574.1070575743674) 8
(367.7629108882404,307.0415795630294) 2
(847.5678173009956,358.5483998648913) 3
(0,711.8031200146897) 10
(1000,667.3824914524477) 1
(464.03172618836953,260.5306504746293) 2
(101.56905350041143,163.98123431891594) 1
(607.1361639832437,735.0190194694757) 1
(259.4364935308488,817.3646092397626) 4
(189.9429169085667,721.0873590402465) 1
(855.2425950229266,725.5551083669441) 4
(798.0124401516293,753.8509925332633) 6
(1000,274.9962121612739) 6
(550.0639534395671,307.1193864608608) 7
(734.2220447361115,869.1841964779173) 2
(660.5636226556702,263.72309697366643) 5
(367.4986225622086,846.2970605827732) 2
(395.61133108753353,880.7116482551344) 5
(381.61359883121065,792.9611956918361) 5
(339.1228508151838,450.56750633875) 5
(75.21596492661234,1000) 4
(493.174445056157,229.36783380221124) 3
(538.7122476079238,241.5629252867334) 3
(0,541.3411853218416) 5
(583.9942462897095,107.42570736942758) 2
(888.9391952083569,482.6223978104006) 4
(409.8827669781645,417.17186789557104) 4
(397.96801737904616,181.77603503147373) 6
(63.931261517637154,0) 1
(63.96049741270605,522.679957247007) 2
(679.859997964898,589.2765547847325) 1
(232.93565864556552,814.7608083819383) 2
(0,624.5192619776235) 1
(507.10308860678293,0) 2
(417.19390145761867,469.14425235531263) 6
(371.26849518612767,601.9877628416793) 4
(256.69968908344606,248.67311151239517) 7
(0,390.01587038135864) 7
(737.8895056622534,484.01190818405644) 5
(913.4280143660944,223.37781263164322) 2
(578.3818249567785,970.7137523463771) 4
(0,942.0094763684815) 8
(898.2882070548638,699.5162394412162) 1
(549.6006580657233,854.149262870885) 4
(610.4657065656895,494.01821987691) 5
(0,357.06225648208294) 2
(489.1129667158724,564.3654340805963) 2
(599.5319172340515,458.1424023132618) 2
(454.29935740706605,779.5656809045915) 8
(739.7349791192654,0) 1
