1000 1000
10
(0,0)
23 80
200
(316.8819813123461,197.46527041149244) 7
(930.2545214088962,435.11116743084705) 4
(370.00075416977575,0) 1
(0,379.72478663289115) 10
(628.5226420609577,762.4547748745342) 6
(366.6039717039492,378.0659373203237) 7
(0,1000) 1
(422.70148515821313,786.2528058693415) 1
(533.8326056020665,1000) 9
(990.1067695289753,663.179877371912) 10
(865.0279239243939,240.52481553859724) 10
(931.0301762614688,411.7872672025802) 9
(581.5899111523177,381.71904538213647) 5
(118.61507431099693,634.5726057608694) 1
(0,220.67049048100262) 4
(297.91952346483527,506.5985717809225) 2
(892.5360177132784,986.4061977391367) 1
(544.0330401117805,228.19403502365714) 2
(890.935066130623,902.0249850550967) 5
(352.4878857812189,573.6693816244388) 5
(182.99670229025958,178.60943618251974) 3
(128.4251232609634,823.3880842462594) 1
(148.58449255742988,376.2222569755595) 8
(274.4537633801373,874.7881025896475) 4
(230.6305111092887,778.0205148888151) 7
(874.2540504482411,223.55547691367968) 6
(7.456120012642714,371.17077562267406) 6
(480.32965398216356,647.8349306971742) 1
(227.7655921457619,815.9981953454031) 3
(0,266.8925653324434) 7
(369.8347107462283,472.1719280519383) 6
(919.0517528289776,0) 5
(292.1445070654611,225.19624788586714) 10
(994.47226303481,982.748377128268) 9
(336.1492540546616,610.8828587268738) 1
(712.3569513048581,285.272635687553) 2
(684.4710060536262,475.3277946571377) 3
(760.3509117209628,1000) 7
(121.02568425833601,868.123673072738) 1
(40.1354998315835,301.96838954196676) 1
(723.9810706904436,374.10480709406283) 8
(388.8089980382957,569.685037929343) 5
(481.17109400270743,433.8556389488681) 10
(1000,647.7122219854641) 10
(888.7929656100446,481.08646391587644) 9
(77.0759709441383,727.2414421447506) 1
(677.9543891656205,1000) 1
(609.335979503951,375.13127516965875) 6
(658.2196531877985,1000) 7
(331.78674000327567,849.45307611458) 3
(1000,445.46766933911795) 1
(208.42757982287657,936.2119171877998) 3
(427.7751074335122,125.54735938431054) 6
(188.09439902130254,738.2090658554202) 6
(1000,617.8900435697637) 8
(1000,579.4303782997074) 10
(921.616170526901,425.2778502846359) 2
(174.79759283269772,614.0653696801527) 5
(360.4559866743924,515.965597532615) 1
(513.370091851549,114.34789086805768) 10
(518.2956965367041,979.8308529055412) 9
(558.3827543425931,355.6376572461621) 10
(757.9685056211338,30.499113268044937) 1
(230.81425903769986,944.6416907026667) 8
(919.2564512164837,949.6709520408023) 3
(317.393903606394,610.6950989349249) 6
(221.0243951362238,389.2404169111437) 3
(350.8238092784534,188.6177865087904) 4
(86.13103675745322,224.81531991242912) 1
(680.6110162285288,820.6173433754441) 1
(307.871340480879,214.3967231454762) 5
(339.79212512228867,295.875137130742) 1
(348.44643821736133,1000) 7
(684.207321725028,706.4921672348572) 7
(956.6399473027791,352.76168766084635) 7
(609.7435730849153,176.02654119378946) 6
(0,185.0466404052852) 1
(396.9596879606131,887.3558291881666) 1
(177.24929333829272,778.3984334606425) 10
(872.5961913051401,945.6902874590513) 4
(389.1998425105154,474.5472267274119) 10
(502.5752365629009,357.9782905753351) 6
(918.322028605209,659.6040024082329) 2
(591.7991793913671,753.2838439518405) 3
(284.14573663375097,945.1163270310053) 1
(811.7557036636347,202.2408914058219) 3
(643.0243526752997,475.85615926991306) 5
(500.381139068896,1000) 5
(292.5368348646707,299.43062673609893) 1
(1000,359.2455500418744) 10
(162.6589152575196,422.8817675672153) 2
(679.5796779375249,608.3946831017588) 3
(299.9305097208333,119.71413966718978) 3
(700.8918760697143,370.2688432320779) 7
(523.2891670090362,717.1675594296761) 1
(20.41514574406966,471.6578797431131) 8
(1000,0) 3
(115.87771338741067,928.9760278199863) 7
(539.9535010438782,489.4919286808008) 6
(1000,1000) 7
(116.16950269503911,62.763358023170724) 5
(1000,508.0560796316852) 6
(84.36860220278095,903.6323214185907) 5
(1000,496.7476591123928) 6
(739.1228929007066,841.0567830319885) 10
(771.4264253685001,473.78996365834485) 3
(423.89588143799284,593.988372994593) 4
(307.70989083673885,423.47073469199614) 6
(967.2811185601238,539.4736178177703) 5
(1000,685.7806488468835) 7
(689.7683188349604,750.6519032857045) 1
(0,927.1456338025487) 5
(0,657.5586139841586) 2
(340.35226666643075,479.32010140399854) 5
(282.29470224461227,438.1483963818552) 1
(642.0430211638098,188.75821003422078) 1
(392.63713963308027,563.5701910183684) 2
(426.9485813008998,705.4655492099988) 1
(46.10007100178848,416.68769871921177) 4
(288.30128145417734,144.4916167952261) 7
(101.88443603266245,567.9101622954933) 3
(496.11508046290766,680.2787679923024) 5
(720.9148746070198,336.12301133831807) 8
(552.3057324657988,999.2991175039128) 3
(665.4518849560303,1000) 3
(424.104459385726,5.692852617986034) 1
(634.1379896065379,172.6392233974832) 3
(307.9954123472108,167.3290252642057) 8
(476.4176637944138,279.3464129225123) 3
(309.98061127995794,488.3598505116276) 8
(308.4343419647729,409.3673015160114) 4
(0,487.5942918969676) 9
(0,451.46678938008324) 2
(419.9801190624325,324.91877961287537) 5
(0,236.80497184804932) 3
(848.0937308024452,786.1314132663038) 4
(611.1862339279186,236.74682587780666) 10
(386.0908967273318,144.17242982806823) 8
(503.88742142541037,628.9200240759674) 5
(470.3862728969058,339.92738497477563) 4
(370.39237659561013,50.29072207532255) 1
(303.32208378567657,927.077487242034) 3
(580.3390596438305,276.0613673431337) 7
(556.2671155404411,116.21429277470367) 7
(729.1971897401132,609.0017418783639) 8
(162.24427815429846,1000) 5
(97.78003044166888,1000) 3
(606.2635002721919,746.844852400486) 8
(122.8168127961543,390.01958872067064) 1
(407.755947049126,728.2651064425377) 6
(48.920823928359766,264.3609802935519) 4
(0,642.995249321921) 1
(604.7893161295547,495.8441158232946) 9
(607.9781495571648,547.4551103497522) 1
(147.66621280380662,493.44571979963007) 7
(951.0686205588975,606.0069446069765) 2
(434.80888679266116,59.65906144061421) 10
(437.943552380829,560.7610215473359) 8
(379.85015855146884,997.6040892099032) 5
(863.7040731156504,647.4955022475186) 3
(299.20933448355163,899.9814896550129) 3
(192.08175944654215,619.0283284051347) 10
(758.3938537518925,536.3511796356039) 7
(402.4031698473198,558.5002208719964) 8
(525.7832349665986,104.54743042500854) 8
(719.0539216087539,403.8223911702743) 1
(758.1141641954642,888.2347068949825) 7
(480.9469637366974,706.4118367660861) 7
(758.334583412003,866.1212995332078) 8
(226.45409794910262,1000) 5
(297.920533529697,348.8320935414762) 7
(132.23764859116022,349.54521293274746) 10
(540.5246281922073,699.0669019911772) 6
(557.0794300939713,98.02866404387021) 7
(391.94958531291064,216.90121246545084) 1
(538.5366094890255,573.1306456378026) 2
(547.4008857473452,698.5288717223704) 3
(596.5500961308255,559.4291043884884) 6
(93.16876771776168,442.87617609688203) 6
(353.31727833505977,720.3628299530933) 10
(0,629.2810915375464) 9
(347.56773348264016,554.4605590957017) 4
(315.7265928333487,245.67492563979584) 5
(140.96404885972157,597.0070281121252) 3
(485.1524804584486,533.8237745918644) 5
(0,969.7883094224622) 6
(254.94238824325504,20.817095316115285) 1
(89.34246927688469,496.14644501836074) 5
(816.3907987492801,196.21123597587064) 4
(459.212754002967,181.3862171693193) 2
(788.8224127834492,366.45597452337245) 9
(539.9054696168232,737.9299363512093) 3
(508.3306252741726,0) 5
(236.33648018309236,483.8080076725132) 7
(386.73320665434994,522.3006229482672) 3
(448.3406501340479,713.1197176713837) 7
(416.4360338220019,914.8748594895922) 1
(974.7925330535239,76.72533360571754) 5
(596.826188338929,498.8108541803731) 4
(743.0322552460044,406.7985771023592) 5
