1000 1000
10
(0,0)
23 80
200
(589.7483325639378,496.02141824502155) 5
(618.8082669430108,383.29432468004387) 4
(476.13216219517443,321.82278022477493) 6
(721.1993835188224,78.42690380432299) 6
(152.10411356152986,1000) 9
(468.45552214936845,0) 2
(510.12103787415265,347.27764578841504) 10
(309.542115692834,679.5193505010793) 7
(274.8914312131608,525.8381047643684) 8
(469.38140139089984,84.54203865363036) 1
(0,697.9675862395976) 7
(679.5513742970936,373.6818556409843) 10
(333.1021736251275,543.7747896270071) 4
(359.2773103778727,1000) 3
(767.1533084259895,715.1663809867522) 5
(692.4904749369365,620.9456317044123) 7
(89.12139433666448,163.48086727634046) 1
(904.8126523101254,42.20230303345244) 1
(124.2696755882796,292.0429944432243) 1
(541.1054274493273,460.0502408800389) 1
(0,401.79144849378963) 1
(807.3582550262765,734.3323195144785) 4
(1000,769.5198815237306) 7
(308.9628144159644,706.3945828190731) 1
(126.44121420071758,779.9552284429371) 6
(562.8718035110504,559.3345025583326) 1
(333.58523215207276,442.23105579782214) 5
(142.45788554769905,349.4413986693181) 2
(392.0925510908367,123.31282362740774) 3
(662.1295494716156,0) 6
(644.9792179666055,1000) 1
(292.5377262896436,680.4760029316099) 6
(308.0371406337134,593.0864807535486) 1
(1000,464.1664124546332) 1
(760.5502120639046,771.6784295840246) 10
(491.5431102404041,507.87150677220575) 1
(314.71326787557393,0) 1
(266.66821533776164,353.80204075287827) 1
(289.90342127415505,245.98883360839798) 7
(763.9730263279732,1.3903156614940144) 2
(0,382.83463366544436) 7
(461.6180434206049,311.00098702967927) 8
(323.7471595419457,688.2558354685834) 10
(117.97943956821234,759.8442690491031) 6
(176.29861480902133,0) 4
(892.142201418343,1000) 10
(777.6652109217134,1000) 1
(488.8696500264032,605.1595052450048) 4
(582.8837229835964,598.0589815995522) 1
(59.020301502668985,117.15595352906234) 2
(496.5747648749673,526.3137874573952) 3
(343.6730088971218,376.1477860350613) 8
(40.47888426822885,736.1452473810314) 1
(104.82065157061089,43.88009071080512) 7
(72.3900388557617,452.61622810612926) 6
(545.2149493840487,298.1799292514145) 4
(820.5091429597626,407.7192565449392) 2
(707.561304861332,1000) 7
(75.08954773313195,496.5546720460797) 6
(260.9249971325447,112.76667730860225) 1
(562.121561321281,363.10106622821866) 2
(257.1268287033622,554.9718138607292) 4
(585.7601529632923,157.83502603654898) 3
(0,522.6017487784081) 7
(171.90042285144727,258.6201877859081) 1
(675.009390993926,259.2124992954577) 5
(1000,335.76082666638376) 3
(945.7701973228628,721.2148410616267) 2
(941.0046510687292,117.94682717064609) 4
(440.07472900137645,0) 5
(701.0948991475715,739.6774530228313) 1
(477.4926075813609,1000) 4
(213.49951377450083,771.7798103401165) 7
(275.5088561151632,750.3584456815947) 2
(0,922.9173907713255) 3
(796.0150823664674,0) 1
(1000,607.267434203881) 1
(552.1078936038629,583.2066294425246) 8
(690.4927997587449,418.87727791837335) 6
(403.18849529116807,623.8232607453945) 2
(84.25210733878941,0) 7
(129.62125734098692,573.0367301834609) 8
(521.1126205679493,589.4141629129996) 8
(893.455218248851,896.5850649739116) 9
(495.1742320204866,617.0227364127098) 8
(300.2026595649928,441.4917075010901) 1
(373.2772519893633,490.6669546635699) 4
(483.3384463087843,43.8599008182519) 6
(1000,818.9310871994699) 8
(253.85215896995058,713.5885469186571) 1
(800.2505679258724,377.2008674144874) 4
(284.007307109334,261.4030319980043) 4
(232.43101672031167,918.8501411873879) 1
(119.48751247704837,1000) 9
(62.13873808739015,534.9768435535187) 1
(589.6675593480235,317.258722857017) 1
(883.9228887592533,763.0129920015024) 5
(288.23054146443496,819.9693554113408) 10
(443.84240517286275,458.76181959039934) 7
(640.5606011949844,533.2145018408992) 9
(828.4762264948808,1000) 10
(757.3575901670333,453.1579968678144) 7
(739.775134029531,656.6232520000459) 4
(716.9217482532249,240.07526227434727) 1
(201.78546215328583,1000) 3
(273.5823099690117,1000) 4
(873.4056339202754,0) 2
(116.31204372734561,563.794925510674) 3
(361.3105669851926,401.4178656662982) 6
(248.16876728044488,0) 1
(783.3473065423458,673.3411208040984) 5
(0,240.94994091078672) 1
(788.2301600359547,920.3382001012633) 10
(372.1630571634047,306.9910786799978) 5
(459.94192537347476,192.3931186066149) 4
(238.39106885759008,851.8425325112951) 6
(412.7548050999286,423.23622196042135) 1
(663.3135563323547,705.0558998102799) 10
(703.5108311687468,556.0756767653379) 5
(339.8971691355678,474.44345452996885) 4
(774.0196213696767,285.3812550716244) 10
(1000,602.583502046201) 1
(570.8605029275082,248.4047097363138) 9
(1000,1000) 1
(288.7115868217643,245.15708449300848) 1
(412.5538269294651,317.9182632664167) 4
(278.8530698009829,596.5881473912671) 5
(1000,342.07838049415363) 8
(0,672.8142717363124) 10
(151.1670671554752,522.3524651128231) 7
(301.58658752338,168.43193111831386) 7
(435.0896304081622,538.1771929307419) 3
(589.9718364310584,304.40582250987654) 5
(430.5595443285214,811.3022123496266) 5
(534.6904731970727,343.96997467868755) 3
(355.75828039372124,787.100351390703) 7
(180.9204296765784,829.7040339596723) 1
(626.7688422314291,586.793187720526) 3
(1000,689.5342351940465) 3
(130.06184626087753,523.9970914368675) 1
(0,555.5995032723426) 4
(499.1611980506564,630.9851357888007) 7
(447.17857711624055,441.8907353591275) 8
(1000,303.8120814502389) 1
(655.8618469004331,664.9911504659727) 2
(46.39719874217582,777.4807916178796) 5
(922.9654818356523,85.8986654443014) 4
(45.28555888803072,351.72190657105426) 2
(951.5926248091315,0) 1
(281.7036454387424,258.0827547018432) 2
(476.0077396994118,218.70245169056693) 3
(0,894.4464390803694) 8
(407.82129300544557,387.5212912851399) 4
(244.05353516461665,483.43375115948896) 7
(422.14768883798325,933.7370884431035) 2
(0,0) 1
(578.3434306730969,0) 6
(385.6898093125417,601.0723166785432) 9
(989.1299799510625,254.74090342582954) 4
(266.8502099280522,624.5472021673207) 6
(179.2831297233214,1000) 1
(287.89697469415023,152.63496141166286) 1
(510.5130678458222,519.6498446831756) 4
(738.5270397247552,679.9241204888343) 1
(752.2553863988974,423.0123668047171) 4
(179.14168264166426,315.9912201435835) 5
(982.6388783037918,866.776300845436) 5
(1000,98.24269071374334) 8
(231.92228491808197,374.39142829428386) 5
(313.0603180376576,341.6635670927307) 1
(231.93339956987796,631.7047023248198) 4
(673.4799364538085,478.0184316453516) 6
(0,927.7059375980259) 3
(347.50011920960003,517.5090364604503) 8
(750.4786782208487,559.5661676613718) 8
(70.19968846255136,569.5045096076369) 3
(705.6989379991016,744.9346822138077) 3
(912.8514666688743,396.3091957839252) 8
(768.6539258024393,715.7963969321061) 6
(1000,733.890622159927) 6
(839.6861699162213,0) 1
(720.7673495999134,365.01621920044795) 9
(654.9064740593938,233.47689579876686) 6
(719.8710098194515,359.1656160054182) 9
(693.0294972119066,419.9800694320676) 1
(89.6938579723805,816.6018243313554) 8
(763.7759953306595,616.2610616806636) 5
(712.5669500697586,647.0936198427137) 7
(1000,422.1120725710145) 4
(1000,236.47230288844798) 7
(124.18233537145954,484.33388465074563) 5
(446.14635458456553,592.3728767385608) 2
(1000,646.3717075345197) 3
(405.6206631970943,221.87267600876504) 9
(309.25315080124517,311.5852635765307) 1
(104.41323680898358,182.76119492956025) 4
(152.13345861344504,645.0431596540006) 3
(611.4088193584363,1000) 3
(51.706670614320274,276.784404000815) 2
(51.905230286639494,465.274435770054) 10
