1000 1000
10
(0,0)
23 80
200
(1000,448.36434305643206) 3
(403.22004828964975,136.706263607469) 1
(406.7399251000986,586.0875256467559) 4
(583.6407157901592,183.4838124891241) 7
(331.0013709698588,454.28716666673415) 6
(465.5323719989762,513.9545770618563) 4
(508.7799495288039,256.81024248743313) 5
(649.7846379724947,575.1330812553069) 5
(94.72693054136215,1000) 6
(486.8340837136151,579.3176810158247) 5
(557.880732758261,784.4027881894056) 6
(642.0055029776836,543.2773165018071) 5
(540.4509473518843,759.6078311220765) 2
(677.3355673326369,580.6808557683974) 3
(238.18230843784045,297.1073259630605) 10
(60.76688384853685,384.8312953580713) 5
(1000,289.9332919034184) 8
(498.3864667215997,898.685506952015) 2
(961.6103166513379,403.62046897102493) 3
(1000,478.16845103682937) 1
(830.828792771056,0) 9
(570.898072250421,648.7408240408306) 8
(26.60271248636633,196.91520963654096) 4
(357.8616861917084,0) 3
(175.53962376447828,437.8913080135069) 5
(813.4305536561819,473.55973320759466) 5
(564.9548324165715,653.9919506332654) 7
(94.64092746657934,449.14930176621317) 1
(1000,447.48338967929925) 4
(564.4851192360717,877.9861477086959) 1
(0,445.80949073348444) 5
(0,1000) 8
(513.7620883956707,379.51358901170045) 4
(271.5579415356569,81.61006650700688) 2
(623.0096555636255,934.2506144977037) 3
(943.1337904500654,507.54391450917683) 4
(637.1103428704894,0) 7
(257.84057881003343,352.29621017431555) 1
(662.2614329492118,36.62606888495236) 1
(960.2988901852705,806.5887140607709) 1
(371.7212959874154,526.6992517534047) 1
(595.0177307473824,563.1815717129792) 9
(706.9766034420936,386.52473341300043) 7
(407.569183810784,570.193735638784) 7
(1000,212.61650146703067) 5
(476.40554322170317,439.7016570386351) 6
(181.7460870994036,699.7813051646012) 3
(164.63742499956356,752.7070091220965) 7
(295.5552129474397,1000) 9
(725.3286976931283,502.2517849101069) 9
(318.15694438319315,404.8289200868899) 1
(403.9844653725675,243.23980254961083) 2
(135.01570071602998,246.04644343710783) 4
(566.1254358914151,904.253053985989) 4
(417.4322218658699,784.4176874127115) 6
(295.2542991585427,587.9845168107214) 6
(1000,799.8645591577989) 7
(490.1639642970544,521.9456001705576) 1
(1000,477.3044160273602) 2
(834.2933293611142,735.3508537260277) 5
(24.205536276762757,217.67805552557462) 2
(1000,629.943128456059) 3
(0,893.3177222913341) 5
(614.269911062666,525.6847023038264) 4
(868.6827910831546,385.0792802770786) 1
(1000,555.1703578328659) 2
(305.2443879248294,860.8734310298901) 6
(585.3414666933523,989.1174959622967) 7
(524.7283935897799,518.3390271677868) 6
(379.79440040559757,1000) 5
(250.3770882164201,272.67339281272245) 8
(182.50816147533004,454.0731022336098) 5
(509.69120545400114,0) 2
(133.6011557283772,907.6038250055918) 2
(644.2458876974049,418.42298155669477) 1
(419.34847894263703,45.86470886092167) 4
(290.05275588576035,571.0705139792166) 4
(0,581.0097982169871) 9
(916.7813813091146,413.1142440340385) 1
(257.34433532291104,496.65230724601474) 10
(735.3465622181579,299.69790674233786) 1
(51.116577480023466,780.2214610853582) 2
(0,29.948450657337105) 2
(1000,676.7935399691532) 6
(845.9302855999958,487.9501381932954) 5
(800.7833353138485,331.7392482224363) 4
(801.3692422948081,473.9936223936881) 4
(561.5075041796683,309.90798788345455) 1
(57.34294916765651,834.12655891385) 5
(346.52629192834024,529.7395115602814) 6
(374.1955663537943,1000) 4
(0,466.88737078256037) 1
(864.2557965742525,832.009424779661) 2
(222.34574631886937,500.20543185301943) 10
(0,74.78334607808273) 1
(350.3721251167647,28.23099767813727) 6
(875.9678465845348,668.4202951282305) 4
(894.3652437835765,903.3840065487035) 3
(602.3779309716082,513.5159850337731) 1
(911.0953226586121,958.5645050374246) 7
(82.5108659354288,336.4854428431172) 1
(208.28926141570378,707.4303317626689) 7
(990.0051352011092,896.3159243745223) 3
(105.03031826204347,608.5209897101328) 7
(171.6869453807895,958.6099811105641) 10
(490.6428162278478,0) 7
(336.1338120831381,435.2087014513497) 6
(654.7766429357284,97.86325692713717) 7
(598.8853640011655,284.19360818507414) 3
(262.61624489899316,407.75341547723) 9
(113.57591630150972,789.3490935988152) 7
(723.0755203223104,518.888618859209) 4
(599.6801829915375,400.9665948963484) 1
(429.8833450223884,5.3770362981524045) 1
(1000,649.0625936233507) 3
(375.75700351616007,223.1024518894821) 3
(535.4064612261449,47.23804804150973) 1
(240.2630216457435,434.18438294056824) 5
(758.0262076251913,351.1382623591404) 1
(313.7527694772538,391.4929524999834) 3
(413.3063353674957,636.5063890732588) 9
(256.086133336627,1000) 6
(63.71631160593802,919.8496817306245) 6
(89.42496927494216,393.21424286941465) 6
(466.752884233528,252.45327989023545) 5
(0,494.4966459324875) 8
(0,547.9392816243964) 4
(375.1029335914161,210.34455950658366) 1
(474.4902602612396,468.3945668009771) 1
(890.614888050104,625.8155038594412) 5
(590.2794254753695,337.667635524954) 1
(439.1623982770837,382.2408134228952) 6
(484.1913645706785,251.444734489606) 4
(931.407098166379,702.2739949430758) 3
(864.5655168261192,260.70893731872525) 1
(518.5429025423978,538.4970184980631) 6
(351.3252393479071,436.90645844105256) 7
(537.2575071822167,1000) 7
(417.1737499363151,310.9286787544281) 4
(1000,1000) 2
(44.57258748757113,0) 9
(705.256734300357,254.67657351997238) 5
(310.04266482904495,257.2843695486448) 7
(371.1433899444989,479.67395946891645) 8
(953.8498075190284,710.513013314378) 6
(1000,612.583205455057) 6
(496.93236984540584,994.4942852944444) 5
(363.29992662024574,759.4575423498314) 1
(206.59878079205617,524.9373352071326) 3
(589.0937890581605,308.1729790778717) 10
(156.91948755698996,417.2047665036731) 7
(607.4402118727647,636.645106651336) 3
(903.6787982141057,177.5628249334829) 6
(0,899.758038374197) 5
(710.4854953430751,224.2949884217531) 10
(458.114784340589,836.6145106980969) 8
(542.5392045294459,0) 6
(211.71599257715383,647.1292597245263) 9
(828.7179013338405,790.3834827158068) 4
(251.37129721685582,364.73965148744674) 10
(490.3350653993688,95.17140236083486) 7
(383.1310949140632,25.377492399396147) 6
(830.5647049729675,1000) 3
(333.3092576129218,549.5445115922536) 2
(826.917980642947,689.187838381735) 8
(525.5081783572851,1000) 1
(285.64287867178734,683.5976251187421) 5
(469.51309190165125,212.58243601327013) 6
(973.5475213176379,0) 5
(373.70255342875566,159.091207804279) 1
(0,378.3446242368103) 1
(0,829.8336018799624) 8
(634.7466160580802,229.46667129318234) 2
(454.90167879101955,554.4325379605501) 4
(867.562311261624,296.40756533839) 6
(387.67425969088515,35.74756034461558) 2
(357.75471654372825,452.43240531394594) 5
(0,537.960643179243) 5
(527.0585378550817,319.4249112789873) 4
(0,0) 10
(353.4137581346698,979.2094892414889) 5
(105.33064514601125,628.054054843832) 4
(729.4427017109192,504.01573179127644) 4
(740.6560909818428,0) 3
(164.1977687594195,113.22219516703649) 5
(232.58720637303543,863.2475459982994) 4
(527.0358062790691,964.7656917380162) 4
(781.9303859817333,536.1418090037) 1
(849.1190220580363,314.09007130734517) 5
(271.0079648102009,1000) 7
(539.1358019256458,1000) 4
(606.0237720851316,691.7433355844967) 5
(812.434475607303,681.48425361733) 1
(740.6854118763955,22.86423298681251) 1
(448.3054854892281,976.8781581189152) 4
(9.70991540469123,317.9884768792188) 4
(353.41824272751415,533.7543701718051) 5
(782.1286782474211,391.10102730007645) 3
(71.88961156920323,335.4510631419287) 2
(264.33050992209974,574.6269405188364) 6
