1000 1000
10
(0,0)
23 80
200
(704.6342580140563,807.669333255333) 8
(219.7039287315086,912.4493791662707) 9
(435.2778763671156,1000) 8
(513.8715578729149,600.7995934074061) 3
(541.264489451696,87.2212182746112) 5
(855.5119406812255,455.34858068305317) 4
(944.3033183293496,109.95231652111494) 10
(441.5350966190008,460.817057056222) 4
(336.4008617626709,493.82310014950326) 7
(387.7445341406448,474.58431122215086) 2
(289.5124614366523,654.0573307330385) 8
(806.50274599887,228.60366884902243) 10
(717.2752085784387,252.03797313743422) 1
(247.24546252442445,848.9500879474895) 6
(1000,430.4843655315856) 1
(1000,192.97163386026926) 2
(762.3776208951138,142.91584827390392) 4
(851.7690297247514,370.6671086589854) 1
(356.9929566561924,424.8679821857312) 10
(398.97658606018615,15.942873535144145) 1
(276.1255879385094,452.45928233888833) 1
(0,439.49124266029855) 5
(1000,75.3036961032966) 4
(292.6075922486034,475.92760565348544) 4
(271.5564445114754,295.9534094048445) 10
(751.5124136217161,643.2971195279598) 4
(744.4041657384172,418.09226579927855) 1
(285.1068545483362,289.8963089164941) 5
(467.81062593316216,633.3129455747403) 2
(447.4202907961352,1000) 5
(921.6168734262707,1000) 5
(0,775.4981781048493) 1
(0,287.3305825017418) 4
(602.1201677225484,88.33664513038053) 5
(959.036149931663,415.4803922920288) 4
(630.3358000567207,500.6605441120338) 3
(585.2631307152841,647.3355562834817) 5
(349.4013721108672,240.4122841429609) 4
(533.5481428773462,51.2671664018298) 1
(547.6700969048715,374.0816612596952) 2
(171.3307691924307,308.55765404035907) 6
(290.7518785163445,215.65630282412133) 8
(462.31448990319217,759.8100496588922) 3
(551.0762565393118,273.78762166635744) 6
(745.4950676866343,229.64182060426612) 4
(468.22368548569494,574.2245104448132) 9
(551.1166041614135,388.4727992729262) 1
(887.6082778765932,987.3947483969012) 7
(570.8056581844212,206.68286926338624) 9
(418.40529192941005,378.549253537492) 3
(577.8578182724286,636.2497248495678) 9
(447.10940403222617,559.6688370275783) 3
(574.0791541316913,22.93373472689808) 6
(568.5860897760506,358.72509405926183) 1
(835.191332182944,0) 6
(651.4921676694436,598.8491660719908) 1
(372.7599495462136,830.9857299103064) 3
(670.5715619739692,728.9143939460596) 3
(614.7405401678107,855.5220334516362) 6
(785.3993589840738,420.87896906379734) 5
(552.8621118148312,642.7226829207065) 8
(175.18447963874007,0) 5
(335.4429957911707,198.62279851072753) 3
(736.9784771385938,663.8938902825003) 2
(461.08999373335115,555.1086782239474) 4
(296.72185933972594,405.0243603919881) 10
(966.233701714586,772.313512040027) 1
(152.56384211636328,681.9404227113878) 10
(632.9806996667085,398.91178087519324) 4
(79.16261821988769,0) 3
(107.09140523677104,508.3692681949573) 3
(259.4356033150266,264.6604964146412) 1
(317.13755724622706,369.07397479334065) 9
(0,889.4266045877898) 1
(1000,561.9524253483862) 9
(442.11901411657345,152.77689707176432) 4
(322.6862285210523,276.8132481305265) 1
(393.077657398744,0) 9
(340.7974372782344,135.56941060490237) 3
(544.6895498343733,645.7445696532783) 4
(119.7286021948081,60.69532010908114) 7
(1000,764.7137174767802) 1
(1000,103.89780478053427) 2
(1000,259.2443744217698) 7
(887.8797650731192,818.8548538984352) 5
(524.07744188863,1000) 3
(0,365.67308810385214) 1
(0,0) 7
(954.3726354494825,413.00210166183865) 10
(70.32566041330006,542.8990249335542) 7
(481.50035054129904,0) 6
(30.712074915673043,935.636102009639) 8
(315.02939336990005,643.1934929604065) 1
(0,928.3882378686827) 8
(338.6785513820296,970.850930304015) 1
(582.3292303258601,1000) 8
(967.2651875757483,1000) 4
(680.3188429333487,150.9457745288541) 3
(825.0934114808315,890.1089559671243) 9
(1000,1000) 8
(292.2330056291179,258.38031247556785) 6
(522.3340250205692,132.92239412082296) 2
(814.9304809907788,181.7990793736488) 2
(692.377814966581,889.1671866487343) 1
(883.9042302536154,167.39075783386886) 8
(739.7879623959367,318.1012870760556) 10
(915.1294421839689,447.80309679788616) 1
(604.8507026747097,24.48522251032864) 1
(607.7051170812838,336.60316484252155) 4
(199.2963178531578,889.5425982768742) 1
(398.4171410697364,644.3260246602116) 4
(236.60079369955878,741.6814691532925) 8
(799.4984793721653,0) 8
(441.94462554874195,301.54549785812213) 6
(525.5915820231007,770.3135106831656) 10
(1000,385.8711551427405) 8
(621.8606652023813,280.3794215821696) 7
(944.8253447555193,691.6283689896691) 5
(978.8218712485275,237.83225502263946) 10
(688.9355492205834,858.6822040185189) 3
(719.2660324330527,638.4121536898858) 4
(573.8395661009237,93.92139060476796) 7
(0,275.91101625376007) 6
(0,577.9242919091151) 3
(609.5485496035315,544.4191376655152) 1
(269.5490347581209,555.5065529979919) 4
(453.1330468390468,973.2446383865288) 10
(421.5114354368283,230.85816193464643) 7
(590.9731406878645,531.9050236870022) 8
(46.88051332405911,591.0025775936261) 2
(967.0916121480163,1000) 4
(1000,341.57222192103455) 5
(393.21714365711773,690.3432471653589) 5
(947.9775115580092,235.19269694864823) 3
(509.387793653249,178.29331590069285) 7
(918.4147121124099,0) 4
(511.92540187537156,380.86083727775986) 9
(768.7909663611381,843.8750187188223) 5
(941.1639317338609,228.65527810064862) 10
(1000,347.39682015946613) 5
(658.7945529359185,438.71707169897644) 2
(424.2944934281252,0) 5
(228.35002461826969,1000) 1
(507.82030548068735,0) 6
(1000,928.6513905499899) 5
(286.17299131049384,402.0505214114852) 3
(856.9813068721294,563.6388858611807) 3
(442.3574661407485,268.03386371875956) 3
(79.02591480776505,466.4727407460053) 1
(359.4506050437002,539.009535245979) 8
(638.7380752787378,1000) 1
(172.61686123334283,489.1334727720834) 9
(736.2030676029937,364.80895781605705) 3
(546.5218498676808,379.30296298062956) 10
(669.9069471111761,324.9284040483747) 5
(983.0287490638912,255.1551201067038) 8
(322.0363493523628,584.3843289138921) 3
(758.4279082277949,764.8931943829042) 7
(680.5371004482289,489.1239089151215) 1
(746.430010348911,1000) 5
(0,635.5402247347683) 1
(740.4847542146814,247.88205870518763) 1
(76.09691288129642,583.9922587684533) 1
(766.0768720327553,728.8492726741358) 5
(1000,520.0480943410568) 4
(0,1000) 6
(714.4512671834748,401.48929955081945) 7
(234.17831851173742,622.0427032039863) 2
(735.7587904472446,645.2966710744022) 5
(701.3929006339586,283.07662601667033) 7
(919.3051439710617,391.77153247228665) 1
(842.2304196285074,1000) 5
(768.5219668364991,857.5467370938594) 1
(1000,643.3857220369671) 4
(285.8564961788116,784.2920772340989) 2
(86.15793559753666,504.36730193859137) 6
(579.4150790592413,384.9281685913918) 4
(268.52958245492846,152.29287848232383) 9
(503.1066674268579,672.5101184096583) 3
(856.8533942110616,994.6573587601254) 6
(118.76554988921293,779.7196647925052) 4
(541.681688839881,500.39347220828296) 6
(698.88728066769,337.03686259000426) 1
(737.3719553031748,1000) 1
(871.901325744619,608.5191136923232) 4
(497.3119461741879,646.4710065947164) 2
(192.52035355432844,975.0635959112649) 3
(816.2115330377203,0) 3
(797.9303369714257,692.9687915189116) 6
(408.9924397013772,809.3606783167012) 10
(801.9727632226231,0) 7
(764.2439762858678,655.3098207877633) 1
(201.24907364611522,845.7271653774465) 4
(682.0386570665162,579.9808863109619) 4
(572.2007159788031,251.10132253299471) 3
(0,366.56213860618834) 4
(0,730.8506802783509) 3
(1000,570.1733732137003) 6
(67.9105666288176,714.8410973110466) 7
(171.94118300129605,741.0584264036911) 1
