1000 1000
10
(0,0)
23 80
200
(465.8138112098826,841.8257065259718) 1
(742.0556655739422,354.9261008053138) 1
(11.80705135486852,980.3047164437746) 7
(756.0633986614919,448.0818411606466) 3
(410.98838804891517,148.00774916027103) 6
(88.49303407876295,342.8367432274617) 1
(583.2988932941662,694.3436326643266) 1
(0,0) 9
(1000,1000) 6
(173.72520022670795,716.2099368181885) 6
(1000,0) 1
(342.7841503428077,881.6128703521435) 5
(337.7819899551301,387.68694974954656) 5
(759.9538217599263,347.58499877399674) 5
(1000,99.86895695036577) 1
(528.9880964146231,243.8152917306116) 8
(449.428850115905,560.9138278544132) 9
(0,226.69790618225363) 5
(634.4803482183011,460.2426129357242) 4
(299.9967234534822,223.23591436087287) 3
(892.7769663333132,619.0247774793862) 2
(277.635891872083,908.2035313418737) 2
(322.6446355633051,1000) 1
(0,685.5284069446133) 1
(406.6750303432785,844.2890912095661) 1
(0,419.8530041747755) 3
(314.91941092883746,228.9701315196283) 5
(553.4037943076789,363.7060372819024) 4
(202.8141054585787,523.7986575031712) 1
(19.505003796557673,493.5075714243101) 1
(468.60050401451457,488.3185761439002) 4
(760.2213737928907,562.7015504479273) 2
(0,253.93840946807123) 5
(394.87859561050755,241.12907638188796) 3
(549.6659631471952,912.7533502059164) 9
(623.8364798348684,198.52614850524225) 10
(792.5648999213056,545.1842861843492) 7
(372.4267825636573,473.43370116755676) 6
(753.8909713561,724.4413718952857) 1
(714.2997342769752,563.1632654952441) 1
(590.7007216559795,706.6771312411486) 6
(710.9988270233839,723.963120577112) 4
(309.3361431676289,0) 7
(499.13577050054124,684.7028828407279) 8
(853.6432102783051,802.4603761238465) 6
(535.6965703188445,238.46640909081282) 2
(199.73972495830833,595.0639990338664) 7
(706.8947315904321,564.1749824683653) 7
(298.3753023142991,228.39410783337422) 5
(420.64904733702883,916.9789695404634) 5
(9.310621139202226,720.2386873738842) 1
(810.5060219520728,277.47359210340187) 1
(459.7985712153771,310.8713400530787) 2
(510.92220233949456,233.55155182065886) 6
(860.8584650575149,465.96415777192976) 4
(38.183989411931464,698.7879537484343) 1
(718.0233599334656,453.80377915768736) 8
(137.42844259484934,0) 3
(943.2040077569236,731.4318920343436) 6
(432.8968680139951,1000) 1
(321.0160169114141,1000) 2
(213.23491444261703,126.57610230820461) 4
(505.68243442562925,709.434113809646) 3
(872.8022267060198,132.8906688159002) 3
(339.04955792650304,158.07835895518878) 9
(471.0999938759089,784.9543645708767) 4
(383.58391532848265,388.0360001934635) 2
(724.4722593661772,740.4019424730467) 8
(1000,678.8379287077944) 9
(333.885015198617,554.000405214613) 1
(0,832.3379396796046) 4
(317.7241829800511,393.55236008179884) 6
(214.05667830664362,744.7821102407762) 5
(0,545.9366487318663) 1
(502.33055886710696,1000) 10
(615.1000326378439,600.1897082387297) 1
(283.48108014973843,391.5814449953406) 4
(487.4978760104821,569.9431782138049) 5
(203.02490207670598,631.8032773341712) 7
(506.7024100906207,0) 6
(0,812.0740692924545) 7
(140.11814902520865,0) 6
(991.153818358739,943.1895561139252) 3
(617.6163046625243,481.96970791536023) 1
(347.8880998820307,1000) 4
(0,746.6391401205153) 6
(382.60573283827966,478.61638325916226) 2
(103.05941751400098,650.4597733688281) 1
(729.287012459534,306.24885298499686) 7
(701.9014868335927,332.2021368382291) 5
(972.5587763427293,399.04243650062455) 4
(501.39759822673443,55.77684634178581) 8
(746.5774845490497,781.795571831444) 9
(518.4057439178076,531.1753930807938) 5
(642.0132322038571,763.3682721392709) 3
(792.8865476418785,979.2886822768814) 6
(641.7433098489729,1000) 1
(411.1840910374699,390.8467504856787) 7
(710.6284247431197,321.4315112593074) 1
(938.4022840547142,424.6788878112895) 4
(214.07672921440025,415.76933564909467) 5
(293.286717308431,493.7082941013669) 7
(1000,822.5431361415066) 5
(604.4641581971727,302.584894112669) 5
(140.14051009835146,657.4302182455311) 4
(867.5090199092559,226.363782327082) 7
(128.64693485341866,0) 6
(590.141368447376,475.7024029192817) 4
(31.381696047822402,529.8772525810153) 10
(176.34014068530598,553.2226048475642) 4
(880.7886788792937,54.79604115043247) 4
(18.280123247186054,454.94055746978245) 3
(579.3352417638071,401.78669277775475) 1
(1000,312.61030855197737) 1
(304.8333928299986,734.850253167607) 6
(598.3441705094008,234.85021648511236) 7
(557.0204943270385,522.8682965665432) 6
(1000,428.1115693989244) 1
(189.31209415144235,550.6231496407029) 4
(589.3109377186062,297.16821538488296) 1
(240.89935147519793,617.4890781141269) 3
(868.6555846543133,494.2727202683428) 3
(564.1328540442851,654.4069166786747) 6
(691.32565669066,1000) 7
(521.1075217283587,578.4480279034633) 5
(566.4393472160525,1000) 2
(375.1441456422231,848.4630955694965) 1
(852.6913482288097,295.31190040887736) 5
(443.81877944741063,418.18896556481343) 6
(348.2248327693992,92.14447586158917) 9
(162.2869052731943,363.17345735704157) 1
(316.46687434260446,0) 1
(306.9511933813071,0) 9
(498.7641387748395,366.1562231008818) 2
(183.7874359600321,979.8866043458897) 10
(355.7433282040379,632.135990441404) 4
(0,754.7026827265404) 1
(578.941919633872,1000) 8
(681.2937256098842,589.1600309874464) 2
(255.4943571211524,953.8504379741727) 1
(761.3180144410755,539.0804730453209) 2
(0,747.3349303475954) 4
(428.1285569116935,894.5885616801102) 7
(0,343.1277353450382) 3
(637.4843920313594,370.2982037533428) 10
(0,392.95728859785225) 6
(127.45424107302091,991.3269512919178) 1
(0,516.5838312318479) 8
(600.4144734246776,480.3901954946088) 5
(1000,578.5853731905975) 7
(588.7375084325379,844.3917902317116) 5
(1000,808.7676408646471) 3
(411.13240448127965,1000) 3
(610.1571317298541,300.12517595018767) 4
(47.303042494775354,523.0763573036506) 10
(414.6127161497217,596.4009973639805) 3
(0,211.5939583012729) 4
(558.4565301962591,208.07499577285932) 1
(2.233443474636317,601.6891031633152) 7
(734.1481429390763,526.4038320907595) 5
(868.9727297414026,796.778035988039) 7
(300.4807937086989,1000) 7
(1000,419.6083828936343) 4
(148.65249547601093,572.8901128636592) 1
(1000,442.0099430070044) 5
(1000,213.45859821867475) 2
(203.51257267164414,0) 4
(634.1081161981585,0) 8
(449.74378062237065,0) 1
(0,1000) 5
(392.292829297337,434.6580243182747) 1
(63.207831526129155,675.487111785904) 9
(717.4375382405733,929.3329536650945) 4
(758.485598417062,1000) 6
(793.1181431914197,293.0490939099746) 9
(166.41274577050774,614.9401336756885) 5
(0,924.1724027925814) 6
(419.50558901142205,335.58952871778985) 5
(0,671.4990486031174) 3
(777.1842035261864,385.28240720814716) 1
(584.2067243045555,572.7531008051313) 1
(547.3829245862878,947.8499551641678) 7
(893.364301737319,616.5416489651476) 9
(1000,172.06452978711178) 5
(424.9147913936528,923.6272477008033) 3
(440.0571209326106,1000) 9
(207.4430541881831,32.85657665725813) 5
(677.1404339309826,1.0833378568912622) 7
(516.9334912800838,240.71706256392736) 1
(286.7222048064562,320.8106991431132) 10
(442.38740907539176,372.85683405883145) 7
(821.9359184096943,739.9755421215264) 3
(612.2483600363806,444.2735347686897) 2
(459.17795298890894,114.97621071620017) 5
(439.15516944539615,511.3082832868822) 7
(300.56724559500594,458.5778301795224) 4
(311.30113047955035,575.1653372360516) 1
(733.9739947677907,316.5046731715087) 7
(426.75361627275817,362.00354448958296) 6
(673.5646055956923,713.596232786875) 6
