1000 1000
10
(0,0)
23 80
200
(445.0809412370944,428.6467570875028) 1
(258.35391725785104,177.01586785410598) 1
(458.2166075769521,534.2704283350967) 8
(728.9731838728454,964.0960852958108) 3
(391.3862528583967,433.2357498211246) 4
(1000,559.1085350107705) 4
(0,1000) 4
(997.3482474963973,690.7085322185831) 6
(535.2179704618969,61.88392979447474) 3
(1000,884.3242458286479) 9
(892.3888326117125,935.5154103682394) 8
(664.4143829556479,400.2474663559871) 10
(474.6439344762754,696.8813765802356) 3
(609.7565443258773,247.5167768814202) 3
(770.3629475427983,427.1086726329028) 1
(43.53025159941319,803.627705778843) 6
(411.17486767775557,0) 5
(742.3725388761326,0) 8
(468.46857511174636,357.89824156554744) 4
(1000,710.8001742299874) 1
(567.2701064217626,110.34240906038411) 4
(641.386475309343,647.5254480699602) 9
(632.2191100128978,71.78511276023295) 1
(401.52564596558585,13.254045469375) 10
(735.7909397202894,80.70926925290479) 1
(532.9485081549882,827.2868973728631) 8
(264.2383319950134,893.48953924907) 1
(141.46511858339466,546.112865485872) 10
(461.0020619185952,773.8829727279601) 3
(517.2367419349121,185.9216497682596) 10
(0,923.3940474880714) 2
(1000,722.4808822027032) 2
(0,794.6230096699974) 1
(447.00725806661274,320.2068572219698) 6
(499.74925432863233,681.5146762790471) 2
(378.37699918499834,786.8255042026303) 7
(199.9250870152461,1000) 1
(799.9057696817953,0) 1
(1000,646.884818020301) 6
(255.59685015066972,465.88373890348504) 5
(691.7822595516567,0) 10
(139.84142290989377,842.9818733870958) 1
(1000,0) 6
(1000,428.87065716413815) 2
(368.1563449980264,459.5496864522823) 4
(363.30961350729217,175.35751863613842) 9
(563.9765896175239,620.9893713913132) 1
(511.70859093914186,879.0895594747838) 1
(506.0946181149683,0) 8
(131.56446769284526,628.5601093970719) 1
(591.7056450787215,464.87940742081594) 7
(490.3672443899535,550.4994275750787) 10
(898.8510824235591,232.13795770104514) 2
(728.7399625451801,543.7210935983697) 8
(520.4217201369431,897.5819041211096) 10
(475.96138727080245,468.15203996484456) 1
(837.5323262021121,648.9957528305295) 5
(319.316431756833,163.8265818456336) 10
(639.4558961077812,634.8619955758676) 4
(595.4157492442297,686.451064533309) 5
(612.20690675267,535.2655244088378) 2
(272.90438991810635,906.7868564863081) 7
(755.7506647073319,549.425459147481) 1
(790.1561488773109,172.08001817609357) 7
(706.273664492699,275.7042785019218) 1
(427.2756910165977,90.50167701719647) 5
(94.57664213921123,702.3420743388431) 2
(293.9630151290103,61.46151666902557) 2
(133.874314633999,626.492608091776) 4
(578.4215510369874,545.3630437574607) 1
(798.4473139890174,1000) 1
(483.8652744968637,169.2234452896485) 1
(159.10589241552339,414.935097667276) 2
(880.9544147678421,514.6802849764846) 7
(549.2284753439125,1000) 3
(454.4564963741408,379.62702658550296) 8
(0,888.9743550111416) 10
(359.59048048751254,0) 1
(643.5689154883385,424.49843258535634) 3
(524.0580584670158,829.3739010901653) 3
(431.9680726540523,969.1484095923448) 3
(755.7527046967281,952.0937669378224) 6
(1000,298.5327102184552) 9
(414.71154465145713,416.40161030737335) 4
(693.3284772045372,0) 5
(259.28894917103446,369.401682127762) 1
(72.19050236028517,381.7943118572493) 1
(601.4796748218674,405.1378555075089) 5
(964.0624671464369,206.2668622895963) 4
(160.9771753015524,463.3338017139813) 10
(323.2182766666471,353.12834976092716) 2
(582.944300247737,132.1452939206901) 3
(821.3739767660478,109.25097377500674) 1
(1000,831.9615476102706) 5
(633.8371998034124,556.8704424532991) 5
(744.5830736339104,651.9096017573388) 10
(0,477.11226525750243) 1
(146.99018135611016,263.30620596656206) 6
(956.194743666448,324.38035291833035) 1
(498.45449516977453,261.3518281461155) 2
(98.9492852867699,0) 6
(286.1451001186854,68.63747479793778) 9
(503.1457521328941,623.7137991091635) 6
(790.4504447030222,698.1123265988685) 6
(641.8018668546089,365.2823846557205) 6
(803.4571636899743,509.63024358810156) 7
(391.87851145946325,1000) 2
(1000,780.5774607945569) 4
(740.1822324737051,821.3723365793659) 7
(706.5887527641166,437.9303810400411) 1
(488.5072617634314,484.2920103724877) 6
(369.6071307460862,923.357790221994) 4
(776.1022324247527,499.90795597339246) 4
(629.69748899109,751.1299953732305) 5
(244.05381230958673,472.61566347547074) 8
(732.2039026633017,387.6900764371687) 2
(473.4475922372005,0) 3
(0,467.49970087375783) 1
(358.8778777621085,748.5775590630833) 1
(476.91634299517034,169.83756114024357) 2
(569.9254138424343,657.9365884784249) 4
(1000,321.2624118781757) 1
(137.38357544258207,213.9054151988858) 7
(123.08000402241356,300.32283559553946) 2
(621.1091388811509,1000) 6
(245.97022504216034,343.1686875250102) 8
(866.0697050584072,342.7250547117451) 8
(936.4453357205908,380.8990485583931) 7
(458.4647902815028,564.0065178876625) 1
(950.4477612739674,468.58906545910645) 4
(80.6709193895071,576.2997809425253) 2
(838.1193620986205,288.7933306434695) 5
(918.0198435804513,0) 10
(511.4491536002301,429.9671629576982) 9
(859.7722306299611,384.73232638997746) 6
(526.490001401793,357.34247257010145) 10
(69.97323679964933,846.1403502755713) 4
(0,922.8147091318428) 7
(270.08811309065203,639.5640211772549) 2
(599.2715871514544,885.0012019464316) 5
(683.3621662691721,460.0812058583012) 5
(662.2018258600182,378.8195977016388) 5
(174.94889349950193,371.2266894972777) 3
(413.6232066670782,570.249703529853) 5
(479.0707783040112,852.7522803963006) 1
(136.45886300393988,629.2229036678215) 3
(236.16191125993464,0) 4
(480.3887124896558,1000) 10
(376.5737587155533,232.07907894715333) 6
(717.073537129708,72.50059150317713) 5
(408.0947087450104,575.0431226013081) 3
(987.4015501999165,512.3568409424159) 3
(398.6076765395431,139.9962944593462) 1
(831.7190619484531,381.6583216742519) 3
(239.48002292873025,681.9353910309655) 1
(362.0284603219618,1000) 4
(406.1236817575061,0) 8
(595.9732110282309,250.1691754356893) 6
(553.2929030413762,655.7359765059939) 6
(1000,387.3693523384981) 6
(934.8610948410775,101.09531906132315) 1
(1000,448.40972652231426) 8
(882.8113640225529,706.5072846007489) 6
(542.0834177761733,663.5395007972242) 5
(158.08140168976092,209.46349055845172) 4
(929.6185096611204,350.6530099371965) 5
(488.21173643198097,1000) 10
(959.9413911981655,795.2761931199768) 2
(891.7742205151782,653.2411966710363) 2
(771.1496820319009,302.0903329772759) 6
(586.0989368556656,444.96061710104703) 2
(283.21931446505243,1000) 2
(416.3068235285325,827.7012482751566) 6
(488.3277178770063,268.17715316694023) 6
(223.36788608327572,0) 1
(90.55305153902583,247.6160452963578) 1
(171.181996192121,479.4232062747674) 8
(490.6226347242325,812.1409169012902) 3
(490.6205365447614,1000) 5
(707.017190527476,238.893102512996) 4
(656.7786546221843,956.7903167567317) 2
(369.5031829535965,568.7564958876359) 6
(428.6384702074491,397.9795332059369) 6
(909.0658968812313,602.7910828344068) 6
(279.67065563277595,1000) 1
(831.3001658673616,726.9757643226051) 7
(329.925025362978,0) 1
(936.4986790801279,848.5551920139221) 3
(959.0132300527728,1000) 6
(288.1215366184011,788.8450770326581) 5
(0,587.4550103344664) 1
(830.2752183096463,0) 6
(720.738128769975,385.26969992891026) 1
(686.3080156377517,360.74428551889775) 5
(655.0871229915182,524.6689864001) 2
(239.13239615929734,385.0292428944207) 1
(640.8561949733917,209.31932511350345) 6
(113.910786173514,804.3518461161647) 5
(320.80430077142,427.4777399609737) 3
(311.3403284906,811.4305256560802) 8
