1000 1000
10
(0,0)
23 80
200
(375.5112243209944,390.62743161764183) 7
(83.3078895801923,72.42362149848299) 5
(374.56104413868474,567.3368915472242) 4
(780.4264445334618,641.3577347603189) 6
(778.875541051749,233.86263940216514) 6
(990.9198394038922,845.0951050637962) 4
(418.2906938166698,136.6719234256213) 6
(219.91006384211545,745.6632926682228) 1
(593.465311419564,339.61213201305554) 5
(1000,900.6377293816043) 7
(973.9851403291157,706.826799865208) 1
(312.89639853126926,243.3939277483721) 1
(356.9061732955966,690.7957703092087) 4
(155.90559090416252,384.62918763303094) 6
(0,376.1476454678977) 6
(584.7973764044652,488.7109018778285) 9
(506.9153001813905,376.8110022835694) 9
(652.391979925472,783.3221356030359) 8
(423.55495506250077,574.8046623099538) 4
(924.6803425367248,1000) 3
(452.76891173191535,557.1142531558417) 5
(518.7431013736841,546.1333610731506) 2
(591.55827860007,649.8187971853562) 1
(1000,24.61054900334011) 4
(503.942185429269,574.4190669844088) 5
(862.9524840489535,437.57284009915867) 3
(877.6171361334777,665.0083889591461) 5
(613.0227478404709,546.230127649409) 1
(0,825.2665334953956) 6
(172.8525842975872,832.6625337560499) 3
(96.45793796036907,0) 7
(254.55028361757,14.542658339484149) 9
(757.8941811864204,69.09027712351798) 1
(433.83720391097114,297.42965464211807) 6
(797.524133615153,614.5894244399898) 10
(174.36038508149727,3.728421248459142) 1
(890.2625579761451,300.1374330489921) 10
(678.4577234507196,632.1144842599881) 2
(862.3170593564691,41.42163296369995) 8
(456.5928862330081,381.1891194549085) 1
(200.73369193504044,244.70257006796456) 3
(531.2351295821819,534.3772379972844) 4
(918.1725485365125,761.700186673051) 3
(430.48758540972057,810.2843980876171) 2
(915.104606832252,1000) 1
(58.0788137273052,697.573297153368) 3
(352.2409056266474,119.60463642315773) 10
(322.2749355110459,445.5605155438849) 9
(531.2789345742948,493.8312371145849) 3
(459.29141689796893,251.1045556800424) 10
(797.2696312542865,384.4168828415236) 2
(325.0050841628275,0) 10
(674.6103179261755,795.0915072963014) 8
(68.81653698223545,364.22030186015286) 4
(725.9990995772243,438.5357972066654) 7
(547.6431795427291,391.23280370655255) 5
(1000,223.7483685670431) 7
(77.70096524750267,297.5555588250649) 6
(511.62547033929354,586.9426691005117) 1
(866.7063769836175,476.1395341708062) 4
(1000,22.184123756184192) 8
(702.9512595116887,242.7124363056795) 7
(452.5741718223845,386.83591141019554) 9
(0,260.95690616751824) 1
(1000,716.3878850857094) 2
(491.5898065264592,824.088307915129) 8
(1.7002096598391176,89.24850368254596) 1
(576.808669282007,53.54993337120902) 10
(767.343736059404,1000) 1
(249.21601848305465,629.174292316719) 3
(465.92525838587795,647.8847030306074) 2
(980.4388534559815,768.413652290024) 6
(867.2177498732271,119.33461416437711) 8
(920.2572717560089,125.88326754467874) 2
(410.38695585238145,0) 2
(569.7334392541467,516.745026344995) 7
(1000,795.0272506952056) 5
(57.785776568971585,456.3796536328699) 1
(371.2817160914552,617.7968800547715) 3
(109.7399636648135,219.5278502425686) 6
(330.0181604024597,0) 4
(22.49115865217351,147.09646895409134) 6
(607.5068152582046,0) 6
(7.212044945936157,248.31149439465025) 8
(283.6869174750624,77.890030486726) 1
(1000,779.5161017462447) 1
(757.89978965568,280.32109320829454) 5
(32.22347722044958,671.9372288389386) 10
(631.4510682495709,778.6489821935745) 1
(228.75376537819034,522.8089850138767) 7
(210.62892199344464,785.0618680259458) 7
(700.7397608904565,261.66858146952023) 7
(651.992095600477,23.176341975973287) 6
(0,523.3949037453576) 2
(695.025131678408,851.9850280467203) 9
(246.83073167701244,919.9126037274822) 5
(812.7496749572556,0) 1
(343.7355818313934,506.68135054520013) 1
(106.58017483386413,0) 5
(173.99880668215138,859.9829772445288) 9
(856.54330943174,750.1726260090875) 6
(622.2792427098552,422.0754242967509) 3
(608.2493894902938,569.5770235597646) 8
(476.77284510833226,216.38434839316068) 9
(679.7181387469973,1000) 1
(1000,634.7691738925002) 1
(505.3136241193295,1000) 9
(963.0084498151398,281.0641442383211) 8
(436.19175175547406,559.1962969501355) 5
(528.3822766403775,674.4704618896452) 4
(879.5120474358278,306.54702235803194) 3
(794.13060009955,680.3793396963646) 1
(523.4252648248039,288.9444794445304) 9
(337.8720734019447,564.6542342301202) 9
(322.7450542758365,499.3416010904599) 1
(0,1000) 3
(828.9231481019981,510.0522030008356) 1
(397.3470157504141,82.26079499047239) 1
(244.4219576573554,712.3547200776214) 6
(603.6754388591697,152.87483833904082) 5
(712.8269591459759,0) 4
(476.3631769459209,649.0435988415165) 7
(644.6476642344884,548.322736237836) 1
(400.9271501137248,625.8668855614135) 6
(567.7749105742643,965.904683493357) 4
(284.4564515745132,616.6996639256556) 2
(836.74135957832,731.0066170855775) 5
(515.2705453725199,684.8353386043854) 1
(492.8820515056213,406.0977020713093) 2
(343.9935472398147,0) 3
(798.8203203833008,352.459470235873) 5
(712.6674307361195,423.52902732269837) 4
(733.271233688332,493.79945313925384) 4
(382.5479620782972,274.8208119889176) 1
(933.36823223442,158.58986819113045) 7
(939.0207374532131,626.5948781682166) 3
(1000,461.50784329094995) 3
(370.40989462023265,379.7693489547372) 4
(399.00054382735505,157.9231317437122) 9
(440.3830418447222,500.22342453656495) 1
(248.83743630958978,351.817870676082) 5
(557.6693632354277,925.0569328712115) 4
(426.23779863861853,323.5703540737809) 9
(483.89781944772915,1000) 9
(498.8640256780996,295.6551697496444) 4
(565.2387044513958,430.5397003740778) 4
(34.884096992338755,340.5653843907903) 9
(599.1545586693135,703.5906918004665) 7
(197.57330058870275,360.47733588019474) 6
(761.1974232301294,407.3243306480568) 6
(464.9667743406561,670.9485836563398) 6
(497.3519259753188,576.7285893545986) 6
(0,281.590926629092) 1
(481.7684199296034,652.2530874678282) 10
(463.63718889924604,0) 6
(240.09410236112478,232.6340796623246) 3
(376.2137793687385,435.3177235267957) 1
(897.1999538994841,310.64017135640745) 2
(525.3254223810319,662.9660753555843) 1
(920.7785052465755,51.61553938977528) 4
(222.6655907521337,848.445277303482) 10
(775.0810596768022,0) 1
(462.80161129714816,656.6013442324339) 7
(874.1158550707171,0) 2
(355.6426285555247,271.3228399699291) 6
(424.8650185427882,409.65171943421046) 2
(229.93087345496758,434.8154579609753) 1
(18.501929612608706,909.9914304026809) 1
(628.5243151922986,509.8838896457368) 1
(464.39818101675473,1000) 6
(934.8381728981765,110.87282285272067) 4
(929.4299202545308,734.9519590312925) 3
(213.8978589839977,419.2797175205782) 4
(479.0273069753519,0) 1
(583.5258184302428,0) 1
(154.80052053866729,380.3067025722986) 7
(649.9383098178987,216.26713141122116) 8
(659.6157053730901,48.37959197140202) 2
(645.14962179332,225.91023819526816) 2
(258.9311108306412,590.1664404205146) 7
(171.92683684268877,716.5430388561058) 5
(438.3296395994962,214.68319169247718) 3
(688.2332474906162,878.5301166555478) 5
(606.5833799656664,584.4973871433406) 5
(667.8421901323791,1000) 1
(196.5351056391201,162.36414862854053) 8
(174.2636104679749,580.8008480183519) 9
(324.5037202391767,462.53804921849985) 4
(484.1244573113373,1000) 5
(672.5839726690872,513.5917564435061) 4
(333.68176097771453,681.9616873808816) 8
(95.6137528132428,1000) 1
(333.76682290323276,482.0870454980831) 8
(181.56231620214106,238.77695983341397) 6
(855.2271357748881,258.8643222335961) 1
(583.8055626772464,1000) 1
(614.3115683871227,0) 1
(678.8905888221632,0) 1
(819.1406989893512,349.3092379541449) 1
(614.5973570642394,626.5484979444806) 5
