1000 1000
10
(0,0)
23 80
200
(632.256640104274,501.4778209307463) 8
(624.6171215294834,922.1923216410273) 10
(567.8769289301244,549.3292714842448) 3
(212.15218000517234,368.5048176042777) 5
(653.4636029143717,0) 1
(298.4167648022757,0) 1
(1000,288.18229021107123) 3
(521.2330414398791,543.9393043611152) 3
(630.2679240649513,715.8049352222951) 4
(547.5102279282808,322.7447072109411) 3
(414.0743356679884,753.529675360707) 1
(701.5312275942528,1000) 5
(295.93018993065004,414.4701233480086) 6
(0,292.48787653946727) 1
(529.7596543077336,0) 10
(160.9112339502401,511.4278898550595) 8
(740.1735051906911,594.2169870473722) 5
(625.1471709334826,815.3935323404633) 3
(117.8758974116455,818.0831749654553) 4
(704.6719487006665,755.878305198167) 4
(391.47535624047237,554.618258763119) 9
(935.9875722396548,202.0419389877224) 4
(0,709.9759950775372) 1
(304.56377972515963,0) 4
(710.3029886474453,258.5659679258543) 8
(0,688.4830358416876) 2
(181.15250724438147,337.48385415689404) 10
(600.8812506067767,208.46426021022802) 1
(531.2198113054465,642.0800100050808) 1
(372.2045056836262,484.4856664874063) 4
(0,721.8177756012619) 5
(1000,880.9626247452749) 6
(51.91032809486984,321.736628431683) 2
(790.0304911251819,96.34706123848991) 5
(810.3090047092456,459.74687855369666) 5
(548.9804704929187,327.1855834156843) 3
(42.148840326143954,278.2114284423664) 1
(771.8913694970237,0) 2
(570.5770935942053,796.2505418419445) 3
(592.1397929696585,117.62431031408852) 3
(617.6787553695465,545.8419865119605) 4
(269.61253054937185,607.5957406732127) 1
(45.77108972789699,665.1924988019628) 4
(898.9112793218299,234.88788779277303) 7
(735.5743747859336,516.7566263966388) 3
(847.6124244577795,216.8897749323774) 9
(509.8428189486071,591.1860164254821) 6
(664.3071824750695,0) 4
(0,0) 3
(18.72814025829973,637.2853452933443) 1
(411.8550150381657,172.2458461721714) 4
(0,729.2282756963166) 8
(37.92937309558624,131.08051683390835) 9
(199.51747139335077,645.1060229009558) 9
(379.86850794120176,835.1366811322503) 4
(266.22191057222375,0) 6
(124.26781217096953,623.2881125262322) 3
(262.328729754623,873.4735432154678) 4
(369.30623748366406,398.0889037595027) 3
(361.95785848943353,0) 9
(263.43161389543206,52.34431368411805) 7
(1000,738.3728102274362) 5
(540.0283198608671,172.56111208000073) 6
(368.62905466236697,0) 7
(152.32387173348775,817.8076997723922) 1
(271.37980667601937,227.72655376423506) 6
(117.92413121543296,297.7141043604885) 7
(860.422879167468,81.91424732498797) 4
(1000,50.65911996002967) 4
(470.4751873243454,0) 1
(483.8528484326457,153.94358107664328) 1
(1000,421.3947214899174) 8
(493.1223628150997,262.2745144830369) 10
(229.0633090681447,482.18849345841346) 8
(200.5482996146264,341.05214057578024) 3
(147.35053249073007,576.7137309208927) 1
(767.2769818716395,522.9244523885754) 4
(946.8037168791266,368.21877634957076) 1
(750.8294493548347,0) 5
(328.119063951665,254.98875568940042) 10
(562.0002810679646,951.4371983355771) 7
(0,79.09690423053297) 9
(0,616.3282200880265) 4
(967.5661937249358,663.724888052997) 3
(142.36909975501578,370.68242040707486) 8
(1000,483.58172499500705) 10
(490.1040603486205,1000) 3
(1000,737.5090495103029) 5
(816.6663460544926,311.2345165047843) 2
(359.9466318979632,994.5052181655608) 1
(200.15373396015963,1000) 2
(520.302091949466,561.6988762435242) 8
(698.193115813402,319.6476284562144) 7
(521.5605352065373,470.9578176126476) 6
(518.9527507046375,512.7815154760998) 4
(953.2481368411736,833.5927506371472) 10
(868.0822922537329,294.86094412843056) 8
(745.1575118364821,470.4145433362791) 6
(712.8735653358591,409.20423817338235) 4
(347.9018839276069,767.5539541967775) 2
(359.8893684303911,635.0073721303143) 6
(990.9307929886921,410.8315236801998) 2
(850.1332954070779,529.6996812151378) 6
(560.1875090677245,398.4144494729976) 2
(282.52342647578837,977.992730591257) 1
(1000,359.7143406629771) 8
(343.4736850457458,772.3625717947259) 7
(552.0290259099597,342.3323757853494) 2
(603.4302534486834,292.68809413077537) 1
(831.0552573291882,127.56648231635478) 6
(960.4002798171806,439.76621328497924) 1
(652.368330105518,845.4415401752327) 6
(259.74849380574096,551.0062489161754) 1
(849.7619164188143,679.6124182894948) 8
(453.87705141949635,280.08771415704) 1
(420.6661472963114,599.0170158176006) 3
(476.56427120842096,1000) 4
(478.720175678646,749.1152661036288) 6
(211.24208286828826,879.819936297761) 1
(0,769.0948814896554) 1
(314.183572498015,822.3490592348275) 5
(524.1504642348991,202.45012265731958) 6
(573.1051643666697,625.7067660506316) 3
(279.4333518530955,301.95868663347767) 10
(261.61660496937895,277.28432908532875) 3
(199.02399899455548,618.3609267449555) 5
(438.8567929980914,613.0195508344519) 5
(596.3284873991513,658.5995146541303) 10
(313.9205193566394,396.74436677455935) 1
(663.0581326325574,0) 6
(625.0023700685205,761.4638929980873) 1
(138.55049133426616,464.71095054821535) 3
(276.4919855088453,387.29343084404195) 7
(794.6204034126968,470.07301888284616) 3
(495.55003842285953,822.9092283880095) 4
(729.5449187890233,839.552904335992) 5
(0,520.6436128919973) 2
(298.42936341618747,448.8043602088313) 4
(904.0955847615267,559.581012546405) 10
(410.45861985982975,825.4346844313768) 1
(688.0846793941788,930.1176698288562) 7
(284.89471469900616,730.6702284110804) 1
(428.16263643794116,757.4100268273886) 3
(600.3500374580417,1000) 6
(873.2845639858247,0) 4
(234.66075299277026,979.9898788785408) 8
(153.63783407565006,841.0788703162752) 10
(445.47361900122803,247.32835840675642) 4
(546.3617518656549,1000) 4
(398.29843759703004,868.7309584382836) 9
(231.06501469172196,431.36847954894176) 1
(515.3179837438056,896.405715502646) 2
(0,616.7037491399856) 6
(568.5026520988368,508.1023122738858) 5
(0,884.4333146775637) 5
(428.1290197979664,894.9135431243533) 1
(883.0201856849574,549.9653363347575) 3
(468.3890087407107,651.9350186968333) 6
(253.5297116032921,0) 1
(80.36353530709903,459.7330245796056) 10
(482.70263660976946,452.3787043775053) 1
(0,291.94005450881775) 5
(206.2584774738832,404.15010941143345) 1
(930.8871236771637,549.0214754451573) 8
(859.3106480804016,428.27839244476) 3
(563.8388196294891,353.05434112904925) 2
(540.3937917125756,189.0892567894362) 4
(339.94324557765106,109.84325611728599) 10
(899.5601488946261,271.2032052555562) 2
(179.96042639819586,423.13646648548274) 5
(315.83623282450094,1000) 4
(830.5590544686243,674.2087080014296) 7
(835.9664984837964,150.85915439150784) 7
(373.74801839642123,392.9839199449772) 7
(491.0510706976087,60.67408839152631) 1
(498.7616818550515,522.1698116062308) 1
(628.1270867825323,343.9401152147373) 5
(1000,899.2971433717543) 7
(0,115.2870701643082) 2
(702.454731668055,1000) 5
(288.0660130474639,0) 5
(581.8366846035459,626.3968271116543) 7
(346.7740786179907,110.01524408964036) 3
(793.0411508859058,0) 1
(671.1139699710294,303.8092285158342) 5
(783.1949104729779,0) 3
(721.0205217578872,592.3299199041854) 5
(671.2208435373245,52.393846079753814) 1
(34.37413012092196,660.0876946429746) 10
(421.43680015250766,293.04055440907956) 4
(0,140.55973607104954) 7
(397.6993421042163,56.917269233834986) 6
(398.1043512763754,340.68721489510733) 6
(1000,367.2661237769262) 3
(592.697820494609,285.27527191230837) 2
(379.2483515882138,372.3706477962933) 8
(775.8107108184269,883.9596755500884) 1
(517.0980645134024,698.5734683643159) 1
(981.4699754708281,2.791506468069997) 1
(661.3067264004417,519.3476414205169) 6
