1000 1000
10
(0,0)
25 80
200
(0,747.3444355164942) 5
(523.30018833887,458.44530626921033) 4
(739.2608552444074,512.4244306674998) 4
(449.46786890453376,842.2212256356192) 1
(349.8923059738638,627.6507892463354) 1
(415.01355718460024,406.71528750997015) 8
(657.1344450231131,379.01172712221035) 9
(61.17378058483985,579.3186412787859) 6
(293.5644811210233,924.5529167126409) 5
(28.490153726814754,483.89719160220756) 10
(115.2660163641541,762.9149267565851) 6
(664.1910878427836,0) 3
(566.1292100040911,481.01432605811635) 3
(837.2739650483575,582.5663816860757) 4
(701.9655941414958,271.8911541639186) 1
(460.2264984333565,695.6596188079919) 6
(255.87751724250913,307.04031439567643) 2
(687.2033512981143,664.6813671578167) 6
(426.7883138788414,415.4470155705813) 6
(828.7864898960352,501.58091462465586) 1
(737.9363613851377,579.9694820223821) 5
(938.201623916557,382.6560951217649) 6
(325.66173677695866,567.6360170127596) 3
(389.6680857155138,356.2624260064903) 1
(0,958.8989698588251) 6
(31.512864695038274,600.1905274278694) 5
(686.3471280562432,1000) 10
(739.7912243941887,564.599665588183) 2
(326.942515276843,290.09576496902986) 5
(0,419.5739299196347) 7
(476.3571736296154,398.7379749474499) 1
(704.6534695341867,291.63407805433854) 1
(1000,364.34161986591903) 1
(364.4588103232619,356.75930441429364) 7
(475.5854561187551,180.89141432812312) 5
(0,1000) 10
(769.737587394654,753.8571688896222) 7
(0,387.29664440384266) 1
(326.37668046227805,755.9910962215621) 6
(832.9200786286392,198.0236491353221) 10
(639.0227359396836,126.21485396168032) 5
(619.986134795067,1000) 1
(435.4419855631805,140.26568187546508) 3
(384.24103535081775,692.873002619073) 6
(61.0493313040829,894.7142357226281) 8
(509.9926689346174,467.3764060811774) 10
(613.8085575448055,997.2061989659601) 1
(199.79466707438502,528.2332310876066) 3
(733.6210940121503,0) 4
(589.1042044423168,0) 8
(1000,546.3028052502915) 6
(515.4627430553413,397.72273744028956) 10
(689.7642969926007,442.29438018257565) 7
(435.61071950658317,554.7830573736758) 3
(28.293023168827972,98.09764901588954) 2
(152.61842825001457,0) 1
(384.50715474355945,827.390957077341) 5
(694.4771428968362,281.7069889055352) 9
(531.8157460246316,364.90828588203317) 6
(580.5269996969391,193.9518780598189) 7
(368.1225694809527,932.3974048306864) 4
(0,67.93716192283182) 4
(257.36028513302017,267.451474511763) 1
(49.92131464237042,343.1825548854604) 6
(394.4407110196912,242.86944139172442) 4
(739.9810218018462,562.7135934393173) 3
(286.0975362047593,407.10769580343276) 5
(623.3437613828726,553.9312421678061) 4
(465.7142619988101,576.6897318793622) 9
(469.4020724152094,514.9780213572135) 4
(520.5029674241968,453.61566513340483) 1
(57.9640252110371,880.8427252381498) 3
(575.458483928753,767.2912758915121) 1
(445.35214104374995,299.4368492337999) 2
(385.81450020654694,675.6651141656121) 9
(409.52998234615245,569.2840600090558) 6
(751.7409532069698,1000) 8
(667.9091253633394,482.3053611693464) 7
(745.5061375511302,1000) 4
(685.0770634095035,647.147342185734) 10
(726.9230564595795,156.05007466417214) 5
(645.5292877277021,564.8280437188909) 3
(1000,194.0053477849179) 7
(841.8847275093196,79.57695907334352) 1
(104.56713491767971,632.2432244345125) 3
(809.1798035398567,368.65609055228936) 6
(597.055885443126,923.9437366376102) 3
(749.7122846377905,444.61429822331604) 1
(1000,0) 3
(521.0044679549278,567.2443105434645) 4
(272.8681578374359,20.199354061688382) 6
(981.6897750978892,27.965874434074465) 5
(308.15540647328476,0) 7
(17.714669961218533,264.07751244590236) 7
(597.9796818156324,717.0180826067643) 5
(696.2432001460368,578.1504625128175) 1
(604.3984060806969,461.5717273193617) 5
(503.32738248831384,779.4446461615742) 4
(254.12931366898923,538.3580906890088) 2
(226.97954350075474,538.6253580381353) 10
(498.57993916642016,274.13927713544626) 1
(1000,219.4524870434986) 9
(41.85612919631137,364.08520323378224) 6
(1000,567.1386229089869) 1
(0,819.2337395609319) 5
(712.255052101111,781.7791816146027) 7
(274.6712840105223,345.08738891375816) 3
(1000,631.8160721079722) 7
(287.0789111260279,187.56732263364933) 4
(820.7642180371345,471.61614736008926) 3
(270.44813926001495,178.50936649518945) 10
(546.6436530263383,427.3433918351962) 3
(839.5987350602647,0) 5
(519.535665541138,706.310645199007) 6
(718.1466407025893,0) 1
(405.9326448775052,112.88109505999603) 1
(661.5325464953094,569.1840796621939) 8
(1000,220.57487888002203) 1
(822.8677894977714,284.1130914478182) 6
(699.9108535440652,681.075527645496) 3
(569.9986985866839,1000) 3
(257.34186390150853,629.2358492796784) 5
(117.71939355185185,237.19303860188097) 1
(0,659.1637256383531) 10
(466.6759561630739,116.46844084470217) 3
(1000,450.88170287374476) 9
(166.9977612594834,800.5144706166776) 4
(328.82020380879067,1000) 4
(413.5280920622778,708.9900400420021) 4
(787.2061028713488,20.368538480851498) 6
(152.11067411939763,558.4648912510024) 8
(339.8558091151917,289.40166265211684) 2
(116.5951603083584,830.516607235015) 1
(280.02966917731595,516.2091681593184) 7
(681.8737454396523,410.2829175616626) 10
(98.95227719246117,699.8423930878674) 4
(638.6976799756385,1000) 6
(611.165006784029,333.90087208615626) 6
(305.21521980553376,550.6339984386682) 3
(0,436.21742695164795) 1
(466.324188233581,550.9428782730408) 3
(302.1753924368736,170.02548530983148) 4
(712.8345535037682,107.20114407215135) 2
(267.8780671238825,201.97443320549144) 6
(401.02611134076005,742.6032317273055) 3
(716.3202115113812,1000) 3
(743.5002600227635,356.8633913972183) 2
(715.0420878667933,293.54914916949934) 5
(823.2352744678731,458.2621566731164) 7
(483.38174175948416,64.09899479200305) 2
(123.9410419711939,495.3299305776836) 1
(896.5827485011835,707.1537441660894) 1
(242.68572962193406,639.9975978030822) 7
(0,367.5159190953126) 1
(0,689.6897951096223) 4
(954.4324691342501,342.7447831967943) 1
(364.8724947989797,891.5839129252433) 2
(294.84162530193174,446.85983403141194) 10
(587.9971244622614,557.3164560842929) 7
(755.4378235894349,805.1461407386719) 8
(262.27931205527364,612.1531573403345) 2
(112.80824028488746,0) 7
(678.011517260188,282.70250568875974) 1
(221.22939212951184,1000) 7
(587.9212642103989,665.7886195092849) 4
(1000,661.909826363498) 6
(877.1958561510512,671.7456298164138) 1
(178.67134318134214,983.7519876247372) 1
(663.004353542459,541.8778456841089) 6
(0,174.35389292416858) 4
(232.45317623917168,428.1143429169309) 1
(349.1234473750935,857.1132629463307) 4
(982.88222292237,651.171200623965) 5
(870.1341229387407,186.7191399210862) 8
(551.5963341916699,903.5359423204106) 4
(722.3626433592581,313.34664698742193) 6
(180.39478009835113,726.8059473145297) 5
(397.40240015629956,176.05953175998724) 3
(829.9504369053941,444.7567779488064) 1
(61.682688082563686,398.06760142511337) 5
(802.7385748386845,410.55795355431826) 1
(251.63298410165692,886.1768183178417) 2
(712.2736216316039,220.20307820673406) 5
(257.9479682175869,391.82661471203767) 1
(652.3734941341384,465.31629393279286) 4
(276.6498281417387,1000) 9
(1000,233.9627550665121) 5
(26.24067025897625,665.8310944330166) 7
(230.83499853765665,738.1099682186916) 2
(198.3640479843391,182.81408266475734) 6
(391.8215073039369,548.0114272015602) 1
(208.83491671691365,804.5681106503553) 7
(850.5588446953,589.2358545825851) 1
(331.63728486362277,499.0157915485488) 4
(653.3170018689232,411.1277265800713) 1
(715.9912076616517,208.89175297887567) 3
(125.08269952572556,197.89077177043043) 8
(599.7423230562929,343.1906450678513) 3
(474.22588034154705,1000) 7
(547.5051169347863,112.08171285226297) 2
