1000 1000
10
(0,0)
25 80
200
(181.87615728572212,266.19061653225685) 8
(1000,636.543218347955) 4
(529.6547715557934,913.6301288835296) 3
(407.606941139934,520.8462737570469) 8
(547.1042455258806,731.4411128750812) 7
(117.35508521346719,798.0769281650068) 1
(1000,319.35482613705994) 3
(800.9861064063114,621.541310122562) 5
(463.2915673758282,1000) 4
(47.32570901554084,759.8820073812758) 2
(175.4750399488376,21.54434103687811) 4
(723.6593907778462,926.8663462785196) 3
(525.92894824141,238.09613987772696) 1
(778.1308713765254,173.22066512859584) 4
(841.311896158411,543.6082384868749) 8
(128.77392327405846,0) 1
(499.86445438907384,974.6542341950939) 8
(967.5655749346292,727.5689425958025) 5
(0,135.1907958864108) 6
(208.2449579859587,825.4991567923745) 2
(526.1814823343692,589.5174608413904) 9
(157.45625008689962,0) 8
(644.165705000325,268.33578329726134) 2
(637.8512581923603,605.5105869399647) 7
(0,415.29298632592423) 10
(367.88811832631495,417.960453781679) 6
(720.4883308714043,504.2093794924668) 1
(332.4612021853367,384.18918995801437) 3
(923.6530820871517,560.1150198381096) 6
(87.40664336564453,376.25819175090044) 4
(666.6598750165629,246.3305503212114) 1
(787.6287284656765,579.557983774735) 5
(1000,358.78921151700575) 6
(247.38679245619275,687.8217332504165) 10
(0,140.0329961332281) 10
(172.07875757327565,427.3908602484063) 5
(894.981079731513,1000) 5
(47.03064671959942,661.8726006034346) 4
(1000,1000) 5
(812.9287983724766,325.7707847412129) 4
(419.21400493945475,894.6891645911655) 4
(84.30209079429295,590.4532577404411) 5
(125.85169745038945,676.963162086443) 5
(782.3680699856166,363.6719953828409) 8
(709.1395006966507,1000) 3
(411.3298896633596,395.1708623022825) 10
(324.8554050287543,362.0035746080089) 7
(79.72778907967995,377.72338551096595) 1
(631.6497019352149,870.2106223889089) 4
(572.3343047166748,141.98215480246608) 5
(352.7133374069013,459.490061335546) 4
(196.59176781901277,292.7900547706506) 2
(410.4527731525086,1000) 3
(676.7656057214922,588.8944545200559) 8
(633.1557431849612,152.5779688156589) 7
(305.6938478648593,470.3740838566058) 6
(0,0) 1
(409.3145389512608,198.32556719753052) 1
(214.57784530973578,879.9449693798889) 3
(100.36557783697401,692.8331248201633) 10
(547.0088518206018,669.3088379152182) 5
(134.25557099379125,660.9992110505468) 1
(322.89204255419656,582.8056532588108) 5
(68.76512701838288,416.11729435309695) 3
(387.0530436907823,359.12251508189206) 4
(1000,845.3367155776845) 6
(903.3990152355113,19.095389023131986) 1
(699.6867374705309,846.6432658160647) 1
(806.4940827869998,0) 5
(294.01660372871027,877.703170990322) 1
(1000,661.1045678769132) 7
(429.1175956370848,792.7422895781157) 1
(426.2675356120585,403.9921901173903) 2
(549.5308944939283,854.5485919063608) 3
(300.7558193321046,500.6645757329053) 6
(282.2135938515727,313.7766692531844) 1
(196.867645982844,391.53582932122004) 4
(450.03936167629604,1000) 6
(633.102379646677,221.0400216375296) 5
(594.6956288385961,763.466583232291) 2
(921.2550419262002,693.1175886529697) 7
(805.8277403166533,686.8446961577395) 3
(472.68914095802427,1000) 10
(892.5880651263896,203.7889926646472) 3
(762.6819303582503,440.6915554570654) 7
(83.07956051545472,278.0727823006813) 3
(756.0159267041546,291.4715487310358) 3
(523.2892837138257,0) 8
(323.7490112055876,65.3171899241076) 3
(680.6218193181257,649.0021562526734) 9
(233.06844800150958,459.1599419635216) 10
(646.2794059248947,520.7724654805427) 5
(672.6712634187072,358.7632306841174) 7
(944.9322220767957,193.88986015835286) 2
(710.0498082720106,525.048257157445) 10
(222.23435793124298,136.85709442515122) 8
(597.9998260902597,0) 4
(173.3426407953845,459.7609204607511) 1
(1000,321.5211440678296) 8
(791.4927434913672,415.65958025997884) 7
(17.825508394318263,608.1347155345409) 7
(63.50820551865786,146.6429067004014) 9
(190.09452368493896,1000) 4
(607.1881755193031,489.51288281035113) 1
(678.5265581540228,250.74004951732795) 9
(1000,450.7865542787021) 7
(1000,555.1255447974962) 4
(806.7486633811775,109.93396754269065) 2
(644.149844516691,497.32226786353505) 3
(220.0313600055972,809.1482220429157) 7
(537.0570843567326,689.5564108870572) 10
(770.742849432344,0) 4
(299.5347755370552,532.3651686880299) 2
(984.0831458464022,87.5055895784244) 7
(244.62599820758084,897.9586416038933) 2
(659.8379110997677,494.299383013425) 1
(316.349862745398,922.9069198599274) 9
(207.25957197954153,689.7990882325755) 4
(773.4300500839511,40.64510864428536) 2
(90.02141712163984,738.7571584904035) 4
(695.2998392328427,0) 6
(394.8183236142304,862.6762394536838) 9
(312.0027693289891,531.4427971987665) 3
(418.8468550574361,218.87891019718853) 1
(322.318279586113,607.1729593736367) 1
(918.6343913105084,430.29312762183656) 3
(1000,410.08008549049435) 3
(330.97369918241213,246.97529798470782) 6
(762.4147583251987,205.73719357879128) 4
(1000,612.557637967417) 9
(526.2212248565833,0) 2
(726.132892871438,230.69106161840278) 5
(329.4202626170118,725.0408453314849) 6
(198.07922979265152,594.0547329852778) 6
(322.45744161134616,440.3426872864858) 10
(532.6176843349612,675.7930285876837) 2
(345.09761360888376,38.650033421523744) 6
(544.6820526603339,1000) 7
(455.25997549728373,72.16711868471805) 4
(568.7691790210956,583.3886543377182) 5
(612.0529952479797,469.93092435159303) 7
(629.5336856955342,894.756380939231) 4
(157.1201688936456,1000) 4
(103.84630758001907,0) 8
(1000,448.9185514897231) 2
(944.0627345240209,1000) 3
(546.5150082247212,318.01041509788735) 4
(196.21964572598102,594.0017442238958) 6
(425.59225603299,588.3391094318198) 10
(650.3278261216124,0) 3
(0,234.27365840434805) 9
(888.472902347962,349.5900077184572) 1
(798.5556031308253,228.99743058959268) 1
(523.4082584736296,673.4574528153364) 1
(352.8273956241836,654.6810070844379) 6
(0,481.33803612083165) 10
(1000,964.440539798902) 2
(281.3942966477066,558.3410423423034) 2
(287.6090956614392,630.0108249481881) 9
(822.540056564118,323.95287480197294) 2
(655.4067214658797,559.5359564285747) 9
(169.91505787231898,865.9464961769891) 8
(346.5870314777935,799.0425215498531) 6
(707.6612440468792,689.1437132365043) 10
(837.7389858847009,337.797360972643) 2
(467.1590876780358,579.9921727257283) 8
(605.2602569575255,566.1082920653157) 8
(1.0935691979622675,513.1053275609073) 10
(462.1125485082102,963.6632794090852) 5
(305.5118109163332,1.5280869430961275) 7
(647.6333896113956,473.5998365009074) 4
(411.0623976313992,461.4206164445897) 1
(245.5768991168207,800.9547820696007) 4
(534.8805910566992,1000) 10
(720.8711395618193,809.8487962994928) 2
(312.0288102775929,7.114675632543992) 6
(562.2680607452851,243.59770399111727) 7
(469.0019797032285,665.873782639929) 3
(783.1350407095057,790.5120722701213) 3
(849.0874722877788,311.8461731955446) 5
(796.2412175553509,320.19815648129804) 5
(363.8934017289781,423.5912499660645) 3
(487.69100367566614,793.1055824418038) 9
(769.1668266884396,320.4536200228117) 1
(168.20776537815203,596.8018679557649) 4
(938.5329767867659,413.375205794173) 1
(842.2240772004192,466.02223745601935) 7
(501.6747825011441,368.2806306142846) 1
(546.9720106727815,520.6992171576451) 2
(0,96.09000283192296) 8
(917.7508342526162,1000) 4
(574.1431417391414,215.17670874205874) 4
(184.3430746382075,812.5690260930447) 10
(452.84643171232045,423.5231179594897) 4
(1000,254.4408398286516) 6
(261.0394289933705,539.2735036049655) 2
(503.571417832427,794.8547585860972) 5
(582.8183428957592,679.8164018766618) 4
(15.879020667696977,648.31344546015) 1
(547.8399681327146,339.3427282630329) 5
