1000 1000
10
(0,0)
25 80
200
(721.1831930698761,311.6498461083698) 7
(0,817.14898504444) 7
(717.1770533044539,421.7171238502324) 9
(1000,273.85378414509097) 4
(0,438.376264822021) 3
(166.60095660773106,856.3650060852485) 6
(443.57535348724485,175.71231852016143) 7
(189.28793647955933,78.39857605612218) 3
(663.6590070136141,340.0133067944422) 6
(271.6710933900497,204.8993759112778) 1
(360.3572892846523,475.9291710048527) 7
(696.9563937170162,685.4099871368707) 4
(517.1337240284549,307.676949789946) 7
(651.0548178733818,453.72209778875674) 7
(626.4771432773506,1000) 1
(957.1692875752003,416.91680437337254) 5
(618.6363828381374,621.8148185399275) 10
(625.9521579792766,441.16295408829757) 1
(307.9615524563669,83.12436623971257) 2
(117.09051462961952,635.3156577128475) 3
(314.10315025813793,1000) 3
(710.8459907846255,595.3709074839924) 1
(994.0556264121129,846.3078467520884) 9
(478.1300836308133,253.50192134712836) 1
(1000,560.2828245225143) 6
(1000,690.9265119980275) 1
(279.808090828662,277.64014285982535) 7
(527.4248519097372,692.7535742932885) 6
(686.0545055369863,320.07641265484983) 2
(319.17927724072894,587.308103477429) 10
(775.2733293572724,652.4335670086854) 10
(556.9021969112665,235.38831053187283) 3
(519.8510165556994,406.52100550594355) 1
(360.81304772772404,376.57351107186435) 1
(0,634.1612055293767) 3
(45.30059841544062,533.8417174293629) 3
(0,627.4961454409289) 6
(0,318.19255209980724) 10
(526.8738731205934,573.6374797219677) 5
(814.4701466226152,702.4290483332284) 6
(914.2066792608455,628.1680555899123) 6
(349.1657825281916,1000) 1
(919.5221101168529,361.5704200561702) 8
(561.1072290685598,0) 2
(343.5895405222892,339.89153569932785) 2
(563.1144805166199,455.67503844712104) 2
(628.6026984933148,187.69041250579107) 5
(145.7014532828444,78.62411760220743) 7
(0,415.7729983869699) 7
(157.67126840914295,0) 4
(703.691936835679,341.65630541076746) 4
(478.4813407262567,707.228811093717) 4
(536.4884334836458,893.0803355098813) 3
(57.37009818454635,428.0020630119301) 1
(334.3434102175362,149.9202956688692) 8
(0,307.3459411324219) 1
(892.469041385494,546.766596190998) 1
(488.4778745963065,866.8015356574106) 1
(736.6930348708775,427.2694701373604) 6
(412.7422822369865,573.5747959484786) 9
(1000,336.0498940414951) 5
(395.968869246233,278.6237346725545) 6
(686.1918205095519,575.0878589203993) 7
(613.8010855296154,654.7564414596388) 4
(825.9863635236856,1000) 5
(740.6706100745678,522.0003910686079) 8
(478.4401447263125,0) 4
(504.48502703517033,0) 8
(443.4169395549688,181.07015982089348) 5
(214.31295780430844,408.59928347818465) 10
(1000,687.7791956581618) 4
(223.78184302023817,621.224753064068) 6
(706.7390769270797,465.6108209241543) 4
(636.2718498498901,1000) 2
(445.711091293123,701.5145115969524) 9
(636.8357322141615,260.07265712743714) 7
(610.5650219076623,0) 5
(737.8602689602315,0) 5
(217.78372226415343,27.257542895100016) 6
(303.13130438285555,848.0591853343528) 6
(746.2292299978327,546.9867968162177) 9
(0,644.4215792349905) 6
(506.4901449236137,762.9769695904512) 4
(398.8239019054707,464.9953104355289) 1
(1000,351.9402839467004) 10
(812.5397467835217,456.3731426578274) 3
(0,392.71865993526234) 6
(873.1687259578764,911.872785810479) 10
(185.8736195193162,135.13578902412058) 1
(46.33962755082575,698.9512591422808) 6
(629.4301001948753,244.74234749221642) 2
(541.5686859835348,1000) 1
(418.04361188014906,0) 9
(815.5523835941797,440.6706943169945) 3
(942.8656365346818,176.6715559336335) 5
(457.1136830053098,70.61986700702676) 7
(912.7589717652165,1000) 7
(0,469.03291244899907) 8
(591.9361477631719,529.8186753385705) 1
(883.9792552858262,318.7991726220903) 1
(674.6353402454823,508.36311577523566) 10
(907.3036572371951,939.9536271081214) 1
(286.63693809790334,863.4580914095484) 5
(440.09743651335026,313.8624191151944) 4
(1000,456.57886818380166) 3
(1000,647.1653691198123) 3
(215.10120476611183,384.0231593469935) 5
(728.7231397788876,378.8337235362136) 2
(448.37756545018016,400.77078142367407) 3
(608.5312306837504,792.0778078937047) 5
(748.042006827836,626.60126658533) 6
(309.71730099325487,457.24050892645306) 1
(329.2662531083276,418.96356756960165) 1
(752.6131402691462,515.0690408284443) 9
(100.73363557762468,1000) 5
(301.3336441108307,0) 6
(180.13736075063906,1000) 10
(232.20351528122933,0) 8
(681.8972263675275,699.0414538902753) 1
(344.5312576885801,203.43549799041716) 4
(574.041498408564,515.5145791188719) 10
(243.07932831151942,264.2504532065377) 5
(503.6783389480841,832.8748185729248) 8
(357.53665415335587,847.3344282966051) 3
(589.7713477336492,0) 2
(799.6751473543161,1000) 6
(1000,0) 6
(306.08080531229774,1000) 7
(0,222.4951212655298) 5
(741.3226700909413,24.690415479985973) 6
(338.47908041359574,180.9398549516199) 9
(273.8542421111089,611.660308631665) 2
(688.7891499576303,300.02589196921144) 7
(313.7468019954687,752.3056749941777) 4
(423.73052089468814,967.4783412835216) 6
(203.09667481820867,54.12505500759545) 9
(294.25427342589705,1000) 4
(438.9895677355974,0) 2
(708.671408432137,758.669197671231) 4
(314.4987598093626,296.19569974267444) 8
(226.18605302672415,429.6557173974734) 2
(716.2143333225152,399.18737143305566) 5
(448.087192163122,647.1966267407195) 3
(208.3907537717098,701.4152238875629) 8
(146.65082238489606,1000) 4
(692.5744675700583,525.1651631481336) 8
(418.53113792977103,189.81757186483395) 10
(278.9660906750668,505.455309693279) 7
(403.1791320858176,852.4201967788729) 9
(723.0265230242215,0) 4
(839.8913058936894,406.4342467690114) 4
(846.04875489459,471.3152972980014) 9
(158.18228474613284,646.0005257538506) 4
(572.7610441129112,327.516444265132) 3
(395.6501218757061,1000) 1
(613.736216892651,134.07631038548482) 4
(449.8282069336754,1000) 7
(815.7802304442408,254.14403358194383) 2
(604.8428769887569,638.9740254992734) 2
(499.76213195667964,254.49543022840345) 1
(462.3233664393299,152.1189325439027) 8
(716.3282320985586,653.5712377194063) 4
(0,912.5549495517489) 2
(541.3359843009994,446.91343302563695) 7
(341.4355808485516,596.2073435485912) 7
(992.8875566772549,746.5605351044849) 6
(754.1101735195643,889.9181124540332) 2
(509.83782083662175,132.11329673661248) 5
(328.28503538459006,479.0337404374612) 4
(672.1958914262658,376.23837567383873) 3
(339.3969662463426,170.8148334821035) 5
(1000,160.8278021703698) 9
(446.72873660166124,493.93362857792465) 6
(0,844.2429096244102) 5
(800.3116229837275,164.85393748413486) 8
(662.136880061638,86.51416879819573) 1
(703.5912655013421,320.2348487602254) 4
(432.9429237473802,521.4506808723766) 4
(731.4435536926891,440.9981373542189) 3
(639.4723106363327,652.9143144051577) 7
(0,672.2322038799589) 10
(0,485.2541607940032) 8
(0,784.5671999303961) 1
(820.7349672165446,35.68668150349794) 6
(791.0216573059897,461.8178464384838) 8
(99.376729914934,666.0644937368248) 2
(491.32236785384356,88.48934240815368) 7
(1000,736.1999882856476) 4
(432.04123705501684,532.1353239294908) 3
(720.2571393711168,463.58995893137643) 1
(974.6943932027489,608.4725635710819) 5
(408.1094800331935,583.2258156626053) 8
(1000,976.4591900704927) 1
(0,53.59644961112468) 2
(455.4326901250814,1000) 10
(69.09028652762271,377.3161789341492) 3
(525.0504322508253,1.6772961597024505) 8
(940.8830319614895,430.46012810188574) 3
(656.3328720634913,695.2806018806918) 5
(116.177610690177,660.0159669232036) 8
