1000 1000
10
(0,0)
25 80
200
(322.21134459110067,755.330717386053) 6
(595.838052149451,928.239939271514) 4
(460.4174516476301,464.99390370361607) 1
(38.163229527742544,583.2689220679152) 2
(665.0095548607901,371.1466627987595) 7
(536.7682978717398,315.4352445054924) 2
(519.9507842064942,879.724023132471) 5
(663.1758025091232,688.0472466769567) 3
(915.8296821723702,77.60453007334922) 5
(60.0150776251308,800.7209377627676) 5
(651.4236785056293,876.9183196571732) 2
(221.38694197092155,684.3032401985796) 2
(791.64777482372,0) 4
(426.49903805152945,500.6396316973326) 3
(743.4261951495571,0) 2
(804.8678894233199,428.5439716701359) 5
(294.81781748565925,1000) 4
(464.1427689721735,494.79013438044194) 1
(552.6582035453678,973.2853158510113) 1
(1000,318.40831656692774) 3
(0,13.667183472343083) 10
(881.9897226381258,0) 4
(413.82188016527846,370.1546595751445) 5
(803.1707612227215,440.1407611775978) 2
(393.4337411032807,539.5035653200863) 1
(344.89868226841304,214.40700305781974) 7
(283.69261618413304,0) 6
(199.11785112560938,322.5640670501557) 6
(830.02606370058,697.1594045729164) 1
(260.1299027944434,989.1817075086562) 4
(524.3812057489984,0) 5
(385.9467690724209,367.60928487364856) 5
(1000,644.392987379956) 7
(1000,491.1246348563478) 6
(894.5837093664007,755.9653154623473) 8
(0,539.0689281573627) 5
(0,486.2820363273017) 3
(854.977908180693,1000) 1
(676.1697525331087,328.3821824645873) 3
(789.4640377340377,380.57907734808987) 1
(367.64389355705725,708.013087325686) 4
(78.9376173934221,0) 4
(364.75753406615763,751.1858245481969) 6
(77.32602641179244,780.0546562497566) 2
(328.1140405404625,0) 7
(574.2833683905922,491.52460932183675) 5
(735.1678513160375,1000) 6
(103.98610718067926,331.9662295777342) 4
(553.760299551684,456.2123571108275) 2
(751.4240552803625,645.5465792505566) 1
(300.78746558994504,0) 8
(761.4803042101679,746.561586541487) 6
(406.41305825684856,170.103080711718) 3
(835.6634353467601,1000) 8
(285.4283673311995,467.82655600115515) 3
(0,900.6867629901151) 9
(574.1508516460451,358.76909723925985) 4
(722.1358192322955,503.44138442576866) 3
(704.6449372687757,436.14150525218) 3
(450.1758118078186,611.7989394561944) 4
(418.91580157444537,0) 2
(673.688444163321,251.04503595089486) 8
(768.8732925399677,0) 3
(93.63780564435234,875.9467087683847) 10
(373.1482132307773,1000) 9
(0,206.74242292788676) 6
(410.86294819072424,306.1955059531198) 8
(760.3352463060112,399.95659646486854) 4
(589.8913422818571,462.20752092789843) 4
(1000,444.57801607634366) 1
(376.1626076911995,389.78857323925496) 6
(295.22909546060924,388.2634386011892) 5
(6.457752325652677,704.9246976505207) 3
(550.9983742672086,666.7071437673515) 3
(1000,767.6523122752081) 7
(900.3718510310484,846.9531690756985) 6
(383.73188273635094,31.16752621174902) 9
(317.4838844627568,1000) 4
(962.6749667419464,643.753836502309) 1
(267.3662645892106,555.0373027647036) 1
(333.5275129947685,768.8958984269935) 7
(591.7176073118098,452.17005962522967) 3
(336.50894104921286,607.3096290298571) 2
(782.8472870668741,405.26298427272957) 4
(178.88883759584002,588.5792168813576) 1
(2.1249734567163046,480.9491779206328) 1
(552.4839393285374,839.1852024657583) 4
(671.8274865376775,1000) 7
(964.3246924526982,0) 6
(267.38960024846415,974.2330361367948) 4
(460.9717891313106,620.8232922984457) 1
(104.25560746818604,865.1804857111345) 1
(853.3402702531871,834.2936712395988) 7
(384.44121279917846,401.51383502439245) 3
(1000,577.2110447698527) 7
(744.9458277147864,376.9831529130544) 3
(415.1480134361431,546.877842409752) 4
(460.17638434506347,278.9111615997016) 4
(370.75241757459503,293.5056892254712) 8
(404.165221578709,706.4707632439944) 9
(203.55340004654107,314.75280598410416) 2
(506.78685859688807,161.35233352324525) 3
(142.12650836989178,0) 5
(791.4149137562706,342.9394303930205) 7
(573.8745551639803,919.8036646094374) 1
(188.93808888131883,336.9653303263015) 5
(813.06775494386,367.2902592657083) 10
(849.5941046235015,240.3540562814872) 7
(145.4028905774842,1000) 3
(240.21311330105107,426.16481255718963) 10
(453.0292974033178,584.3818978117375) 7
(646.9054246071141,254.6929231109367) 1
(751.5706299103447,437.17915353261105) 2
(775.7619277705189,0) 6
(473.22964264310895,0) 4
(475.9937772959873,764.7359307174715) 7
(878.0399140282043,797.0298892058171) 5
(553.7321094244732,524.7968237819416) 3
(720.0173417979357,623.1203924418573) 1
(504.4510814409824,0) 1
(1000,541.493091168153) 5
(284.91045784731114,307.7575526516895) 3
(353.1441913135688,538.7493701914559) 1
(523.563461673708,733.0521770499253) 1
(119.47227517342128,402.1937432220734) 8
(0,332.57861330529875) 2
(1000,125.07578274932706) 7
(582.3161796811609,509.3677396747247) 3
(694.688916444326,74.98283548649977) 1
(478.906409293961,436.68369970933276) 5
(149.0440843499377,991.1344572071278) 1
(593.670069208204,1000) 2
(895.4420111594345,970.2168171027754) 6
(760.2907169069089,534.4208466238954) 10
(747.1150581489037,469.5826266981402) 9
(596.4014050815672,491.9212859182441) 5
(323.59059215961815,753.8515212748679) 6
(579.6951187207264,326.8199273623487) 4
(385.3005420120734,718.0445751483996) 4
(0,1000) 10
(275.6506990562475,0) 5
(810.8544154143583,380.9165663462078) 4
(325.5650521582911,767.4769339678669) 4
(523.1698985343379,489.67588116897264) 1
(463.07666230437974,673.3448402136455) 4
(227.59264970818867,707.7909830385853) 2
(708.7478991596763,203.97092876264082) 8
(84.03907297919432,289.6283750761188) 5
(281.27419987885685,265.36500864878866) 1
(86.99682164334774,104.91149052536764) 7
(550.2486541250639,457.65532985616187) 3
(18.833182349627805,65.78675637388858) 10
(253.54606750379125,558.6763907672167) 4
(447.80387972515985,702.037890694097) 1
(733.774150079944,737.7048515711056) 1
(669.96475884504,338.9324134281419) 3
(683.7818664624384,642.9905452605839) 2
(803.838748996041,602.747211984659) 6
(773.2530240621979,638.5935551407476) 7
(204.9378616498483,832.5901770941422) 5
(640.0546737006176,181.4556717366268) 1
(292.97053206253054,584.1565877781895) 3
(843.9710835981411,205.13292110206805) 8
(821.5721713007858,220.21508039314006) 7
(1000,964.1960283644471) 5
(211.13917598498318,982.8827576386751) 8
(169.42544612654973,652.6139073354433) 1
(554.9736027816102,972.5928520307725) 2
(657.2767070123817,329.6721442247094) 1
(651.2064885325437,270.21330585797) 3
(654.5363114540539,847.2542437085566) 2
(572.3152005202722,194.08649936213249) 1
(865.6371572566893,567.0279618302144) 3
(851.9355638614591,56.65028148383925) 6
(456.9010651043585,203.94839540651333) 3
(269.0463147529284,190.04251258468747) 8
(846.5449672622699,403.86135805317605) 5
(462.5222364305181,47.44454020428367) 1
(1000,645.2711273487976) 1
(1000,864.5782147064547) 4
(107.69227860967777,217.57859743081553) 7
(399.55145828724244,0) 1
(603.9989127574911,765.6480779476207) 8
(739.403265242527,409.8514630808585) 8
(693.9791356178839,741.6737196336284) 1
(94.08215169605973,609.2088882080501) 5
(753.4440905338905,136.74789085358776) 4
(897.9374411660708,803.2503057787769) 6
(604.9891463746844,1000) 6
(953.0205455366986,829.1493476409348) 2
(143.2474728428806,674.1389087372322) 3
(606.5337791634495,204.9962616119472) 1
(1000,380.45683158982166) 9
(313.5620431420725,135.45944020135977) 8
(0,639.0214008587803) 10
(473.4610750547458,39.486237114662345) 8
(842.887278027044,825.4246928900908) 5
(227.63629575581677,442.63970113207347) 8
(76.4204660507769,362.6248457360573) 8
(673.924333690669,446.7011260796453) 4
