1000 1000
10
(0,0)
25 80
200
(571.3853987653129,553.1509051414569) 2
(708.1787113651061,448.7604859915186) 3
(401.80994372557825,536.2074608022086) 3
(440.25255844447366,1000) 2
(1000,191.18906893310026) 8
(981.9019150238935,605.4418291017266) 5
(0,829.3460518191912) 7
(390.2657483732611,761.0961177507983) 5
(412.3859353657582,833.1545662898081) 4
(425.9411036614615,728.6973733675685) 2
(382.4092071135188,1000) 7
(336.41730465151835,883.2461364849144) 5
(171.39219056511723,478.71930979361025) 6
(440.51482738812234,970.1438173464903) 7
(354.4308461951314,328.22450493305166) 3
(1000,610.0056559443445) 7
(514.5602334996659,309.2186228407569) 4
(580.3552309133065,751.6378879966437) 5
(542.9532583665467,622.3788430592194) 5
(776.5284637714326,837.6271926941108) 8
(0,734.3860507009158) 6
(817.8705134116005,0) 2
(0,267.27521976259277) 6
(40.491156344784315,446.89885606883263) 2
(980.4842359641801,911.7699955996077) 5
(735.1761778322934,317.0137815062909) 6
(560.2326118872339,868.6354252911055) 2
(700.5619785003686,892.4407143518991) 9
(559.6170596083065,683.2794028162881) 10
(26.310011565816183,379.5412143987086) 4
(244.55952671798534,194.24825551269834) 6
(556.6513433518942,455.51503566331326) 1
(182.35988947564522,0) 4
(601.4096456082061,430.2774403880957) 8
(421.5465393402901,254.21955575916223) 1
(96.46655835878471,510.3294183779292) 6
(0,239.2461043125415) 6
(65.19961135023425,534.6649290998064) 4
(517.3486826254527,540.3739195746662) 6
(887.109941521287,543.622981554593) 10
(362.86297593944676,156.1705945868913) 9
(723.5999787298775,510.81748974353934) 1
(691.5182594966566,0) 10
(346.36347176315246,940.6024913292854) 1
(566.4653057200383,438.8612728849878) 5
(313.2377067798588,725.6455315817094) 1
(621.4422598458906,0) 3
(356.00850209586883,560.7894631617131) 3
(487.2798447266352,251.17111013792058) 8
(366.2522250259589,579.1818860242081) 3
(1000,308.04434617775917) 3
(614.0400348583594,1000) 10
(332.10295926789865,846.1502416357016) 5
(1000,499.17461777704943) 1
(724.3135331922088,473.9025021997162) 5
(518.4230925310752,306.81586609047827) 6
(425.27863791359295,8.81665134306769) 3
(1000,347.79062138999564) 6
(668.6830069084178,759.4387429358032) 6
(408.0602755296025,10.427143460298396) 6
(462.58041254106115,935.6294606288402) 1
(228.8572197865114,729.4992358672725) 9
(817.6627298101828,243.84663808246682) 6
(637.6767375650575,121.56833667724277) 7
(581.3793906985754,458.9301223572575) 6
(413.9014612776238,515.524537961964) 7
(259.2144671692953,959.2133101618035) 6
(497.143520609866,406.79860657332245) 1
(431.19497806885096,517.9830448444512) 1
(626.1809783209063,644.4883669266601) 5
(813.5574109627353,524.8997044495588) 7
(991.0473712082276,387.8985261057986) 6
(0,21.987462095948388) 5
(891.182643383173,355.8367191086415) 4
(752.591344457306,1000) 9
(868.2550228657577,213.51771330505983) 7
(540.9744876983314,679.6275196175498) 8
(592.0848933126807,515.94403736609) 7
(799.5451369223624,821.9966889191926) 3
(329.6084937175801,627.5970181500259) 1
(303.24647612078445,696.3618271999818) 3
(503.8258696377573,425.59765753580365) 2
(102.88298795425078,151.59155577683737) 1
(696.139383896331,257.4019380516031) 10
(970.9900518959495,553.0413960196686) 5
(650.1565236082749,893.086445353702) 1
(0,269.5410302622163) 3
(764.5041757258207,0) 5
(589.509078366252,779.0339509757537) 1
(600.8020641205146,1000) 10
(456.6004992822018,0) 3
(682.4576009816152,770.8515947697249) 2
(126.79683992419433,111.64229818171009) 1
(1000,493.6752363922763) 3
(1000,967.5296828848554) 4
(464.2617689990162,486.2005927871281) 1
(0,1000) 8
(677.7698095105033,865.8532354246772) 6
(0,217.17077848040083) 1
(5.5074082868232495,282.23713644235227) 6
(488.2658235931996,725.0106812482153) 10
(658.9218303734656,596.7483834199486) 3
(625.7778911265842,600.3516480711527) 1
(419.26856831416035,281.9758463622136) 1
(183.92343992669157,203.00914846029542) 4
(549.8812216821304,279.0146923912511) 7
(64.46525073561844,447.41075657110144) 3
(693.4570936269711,950.5839103816347) 6
(201.5049746833718,903.539626318337) 2
(368.2038951130501,713.0736958345641) 3
(426.0554409086282,852.1417414046438) 4
(564.064590090988,1000) 4
(0,357.5554887941006) 8
(495.33259990538465,376.327567312451) 4
(414.27524674288884,42.096943620299555) 10
(222.69669771388885,1000) 5
(617.8251994515981,741.1374937246818) 2
(0,677.3635584752176) 3
(86.82417323594387,193.97104451809815) 1
(589.0357392938726,548.0430422137573) 1
(654.675052592146,229.47270335614814) 3
(27.109823378390388,814.6281286145822) 5
(330.2287979470634,370.17717811181546) 7
(701.4196904110784,721.3711794616408) 5
(489.1312669859546,209.98405154126567) 8
(709.189951713796,950.2710258604275) 3
(566.5562754494009,350.6443911880201) 5
(861.6654418743528,972.8875297707099) 2
(894.6210107459589,373.8150746317001) 4
(741.7394935645332,867.283311209792) 9
(45.56129617172081,1000) 7
(925.975060146945,27.647003182062747) 6
(1000,0) 2
(210.32847243936226,815.2615406992643) 5
(794.6374080769538,455.45095200191696) 4
(778.1612497667154,410.0780544173205) 3
(563.124816880265,327.3698072610456) 1
(446.9458500487442,1000) 10
(7.082336475036925,939.1010728670204) 10
(0,586.2208057626622) 6
(11.323351351639587,1000) 6
(305.5205772476779,99.50980262247555) 7
(936.7138267593026,0) 3
(293.1483053814221,598.4307799919272) 3
(409.7105906165317,1000) 8
(941.5506111191839,538.1362825341488) 2
(515.5552158114394,596.2127535694253) 6
(464.0594784780114,1000) 5
(546.2822606876271,612.971831817731) 3
(791.7740264596769,492.00722277876275) 5
(338.79598916606506,2.1659867896007654) 4
(263.0963015755676,941.0652635216063) 2
(388.21105888172366,400.02695403819996) 7
(710.8669753259942,404.8420607876001) 10
(1000,1000) 5
(600.0326886939903,814.0779609654509) 10
(732.9574676365758,440.06347218285885) 1
(1000,445.94844783355046) 7
(334.1262329362414,728.8913062196374) 10
(4.534807011398414,114.59002402973817) 3
(266.43025082050883,0) 7
(156.4508518493712,536.742265327334) 6
(0,459.05292667078663) 8
(398.672505380537,436.4478484964178) 4
(919.2110415858242,411.92306528206745) 3
(124.16043420679591,930.9094533911752) 4
(0,189.55351577057212) 9
(561.5415040627482,177.29460730547476) 2
(77.64214861365605,721.4974576760573) 5
(0,947.0560593181445) 2
(0,462.6542216964076) 8
(271.7705035406098,695.2343385002278) 1
(811.9288644462547,369.65249266761793) 9
(664.9566513877262,524.9906767973979) 2
(0,275.48711863139584) 2
(648.8520478086475,344.09115646068847) 2
(1000,104.80719941074608) 1
(289.49718385068695,439.75710982840235) 10
(527.3944619578979,81.00457630757319) 10
(470.49734035133105,797.4290346817257) 1
(0,483.9553472961576) 1
(222.3595932201206,35.469747728721075) 7
(255.21000189464908,738.0039318980229) 3
(507.10434375420186,1000) 4
(258.97658256645764,617.3481230259422) 3
(728.0728567865573,783.7303255835018) 5
(325.6925339280018,895.7355772338149) 2
(594.9044122700598,452.90321737664794) 7
(1000,532.4392155049396) 3
(1000,980.5598345904846) 3
(545.2386274094267,1000) 5
(90.71797559968138,34.62162918890641) 8
(669.6231078660321,485.51619323561505) 8
(0,0) 10
(0,91.38729742916178) 1
(59.07163427154393,953.3901949869442) 9
(306.01625209186125,677.9719531226852) 6
(472.0907153166045,0) 1
(0,493.2397116888646) 7
(0,408.93499349334263) 10
