1000 1000
10
(0,0)
25 80
200
(475.6236063965952,233.55945746148183) 6
(228.63291151842787,838.612813182142) 7
(1.6360816046870923,386.29713185482734) 1
(92.81108713297004,133.7784287261165) 1
(1000,159.09696212038597) 2
(283.8743315540004,254.74297987773664) 2
(38.722203952329096,30.220241275530327) 4
(21.672878620630854,1000) 8
(131.77072639402815,609.9558760694466) 5
(1000,581.4281654501215) 1
(259.0957584465515,535.6881777145187) 8
(174.93162172745303,1000) 1
(508.78966101004045,386.0614396189492) 9
(314.29336923779294,247.64103665635045) 3
(606.0713085759071,214.82361946746295) 5
(0,400.4244539847608) 10
(540.6721420437472,974.7583751559212) 6
(305.663965638895,558.4553936051663) 5
(392.4170076456633,0) 5
(590.3891390547757,1000) 5
(466.1589564091888,574.8966845123639) 5
(441.2994526465094,1000) 8
(184.09768666753467,246.80798462788383) 1
(904.1471768948916,181.22817214272828) 1
(371.1906536702005,159.03222282192928) 10
(706.325009753969,0) 6
(1000,861.8599885718731) 9
(169.06913592735737,434.0559619986818) 1
(1000,666.3974250508487) 7
(732.1789023321147,335.9398127024614) 6
(606.271251912885,19.688002019521377) 9
(143.69934718925822,212.3861040517936) 1
(692.5775471457237,742.4868348439295) 2
(391.3656726392362,449.4037185298169) 7
(566.5049346091847,1000) 3
(1000,680.5235997473676) 4
(115.46410267081217,766.6453798133329) 9
(1000,567.2349915696499) 4
(118.05170812664608,404.26615533666455) 7
(651.63601366337,453.73754347943674) 8
(218.8043396022337,727.5349416377463) 6
(379.26308538074005,907.8210871629639) 4
(0,1000) 1
(612.8086116036386,15.546820393630526) 10
(0,605.2074708359764) 10
(1000,356.5609438305839) 3
(377.77994136017765,788.8232265720596) 2
(724.4819842579612,1000) 7
(327.85012799689866,258.6410079490911) 2
(633.2076867029515,235.0100316733937) 1
(842.2627963078542,356.48453366385525) 5
(744.4795967244851,263.5028579775852) 6
(989.9459047276417,375.9252594281288) 6
(161.2223357307778,405.1294561768884) 6
(984.1512343307518,959.9663345152378) 1
(0,0) 3
(566.61048359441,175.2545179734148) 5
(666.6527065213671,613.8250995605458) 3
(682.5040365468948,640.3690447044604) 8
(166.79172692807276,416.1040832369154) 6
(0,613.7315230066209) 6
(751.0526742235786,1000) 1
(0,345.61012297804734) 3
(947.2581565231837,558.2688562850709) 10
(264.0356476145777,0) 6
(912.8023060646262,370.6178841619195) 7
(303.1262737909966,823.2993762461624) 7
(144.1907856438462,1000) 5
(570.8739235711307,940.8959054538976) 1
(926.5096261960874,362.1021076870063) 2
(903.7166206165194,712.2565340023967) 4
(931.9245309710452,395.3832386125384) 2
(495.9817393921633,0) 4
(1000,352.37492824256515) 10
(406.28848408434857,493.7616200793836) 7
(370.55552801826116,462.5400413562488) 4
(583.2703252776253,0) 4
(842.1803277851426,250.1459376195622) 3
(457.0432658430747,491.5739615915942) 8
(799.4865766915616,22.385184765712836) 2
(0,22.463508171209412) 6
(1000,844.583015999435) 2
(700.9846804483976,855.5570506075969) 1
(506.67360222517846,481.093462942628) 1
(315.93165486401347,0) 2
(593.6897619873585,1000) 8
(388.9724904885387,536.6188193511406) 1
(787.7620478036131,828.4886697245945) 2
(505.0234514988024,606.7982599692665) 3
(747.0029447478014,1000) 5
(592.2776563211756,385.42611929629527) 2
(270.47317790159883,393.67001306059615) 5
(33.10460390723625,204.13173744263048) 6
(531.2616524793383,496.614528803072) 1
(942.9519383586837,116.90797357048348) 7
(528.9539698850883,533.0346051769865) 3
(109.4450251217649,1000) 1
(14.59651944359183,390.93938839068596) 8
(1000,405.569482255203) 1
(537.40904548618,997.300200598446) 7
(0,139.13307736048245) 3
(442.1589301222797,658.2044771888548) 1
(0,421.47175609530984) 10
(882.3844717840706,350.8131630164505) 6
(0,722.3650917090716) 10
(1000,620.6305306789357) 7
(746.0956000871973,282.1727036089958) 4
(647.8566585529983,548.4853608513671) 9
(792.1772499419393,0) 9
(887.1859377527071,227.5552713663103) 1
(574.062427604309,434.55502463615727) 7
(722.115081051593,0) 2
(815.7247723297503,888.5353636600557) 8
(826.4317871834005,162.96631599631564) 1
(226.81635390007898,650.5544589062117) 10
(821.8728157794434,883.39088790205) 6
(470.8342163405129,445.1263691003793) 8
(318.4738837898685,573.0418592255854) 6
(0,420.6416149607791) 6
(556.7485767418117,229.3520764422621) 7
(311.3165318643405,133.58617329089873) 9
(492.7239474564746,457.393033315881) 8
(897.8334803092537,81.2491671984094) 3
(479.314131912787,271.72900639098145) 4
(830.2515873498323,325.02217812634206) 4
(1000,547.0700639537731) 10
(467.94521078326716,287.2603615164844) 5
(811.6798401820765,662.7742983760432) 1
(276.2045430638875,0) 1
(507.6938324210637,364.20623286883824) 10
(556.0005426053797,755.7236832293324) 1
(296.1267735514724,601.6575032560944) 5
(521.7489389603246,193.29630737392927) 1
(320.1490736529986,371.84679792388374) 5
(992.3445099234534,591.6441621315254) 6
(29.86704956959568,226.76422003408038) 4
(280.84631404556706,661.0235112668339) 2
(188.67695227268268,600.4533698718135) 1
(241.5975225270243,481.9988047310049) 7
(0,821.2676465107461) 1
(575.076795527913,540.2106505037018) 4
(1000,123.30617019889712) 1
(696.1491170283211,479.78422934095283) 4
(216.3000271373595,1000) 3
(770.7567582443572,689.4286283520094) 9
(547.2971667027541,1000) 5
(679.5874290870729,259.7128359390101) 2
(588.6145872505645,362.40423853187826) 3
(385.92400448358194,563.2886587643844) 5
(694.5915352551137,540.592203612502) 7
(106.9615769488359,0) 5
(328.4701596648406,0) 6
(1000,306.55468056392266) 6
(434.21475518629313,98.3710421352165) 2
(654.8505091699631,781.4934599747763) 5
(841.4785769835568,808.559428248657) 10
(0,589.2128987542287) 3
(324.0144795163586,541.1994614694647) 3
(400.13215137792355,267.3146966128619) 1
(613.057290755009,248.7235821687739) 5
(337.63100880616037,314.487261382411) 4
(758.1383498938746,624.3979313998508) 5
(321.72605447041167,0) 6
(632.0173771934152,0) 1
(6.052960623603951,423.8036402816165) 5
(748.4066369399221,754.4791133911644) 1
(527.9493591018926,517.7500521389647) 8
(147.0735225830465,0) 1
(1000,1000) 1
(609.9455635807258,318.6583608983414) 1
(463.38418164071805,324.05731038588397) 1
(0,728.862395526296) 1
(631.2734829551582,44.846664241977464) 5
(396.3196720513409,251.57835037279068) 3
(91.51195078576308,894.9803696245117) 3
(321.5643028695515,1000) 5
(180.6511387545009,653.1702948413263) 2
(0,231.80684095293003) 2
(638.8517558033659,680.0642669272272) 9
(71.13713779873757,341.94614870759364) 4
(776.0095821946119,792.224482696498) 3
(423.5207404171291,683.7714664832015) 8
(605.9528299420524,0) 5
(294.766588861639,824.1200510884958) 3
(387.20093765613206,465.19198604803177) 5
(296.1338310979687,407.46917244865847) 1
(567.2248430893469,726.7441730682591) 4
(569.8441148497495,770.5170434676002) 9
(845.092746164556,134.30764672955524) 4
(362.60517850784163,507.34540535494847) 8
(1000,910.2983458573792) 3
(571.5920257214801,514.5257640104626) 1
(392.1381896308592,663.2474655834192) 4
(239.50046447847433,649.5849199182001) 5
(947.6445133668196,546.6117280275638) 4
(419.53577888465077,687.0297784976254) 4
(679.3763336965606,191.37230002751215) 1
(104.57354376427912,648.2959834733529) 4
(234.01125819068506,714.6380519912364) 8
(0,293.6589689007517) 3
