1000 1000
10
(0,0)
25 80
200
(918.2371937021321,571.3860283887165) 8
(447.615768510517,81.06257612095959) 1
(330.2478705309304,193.2388613731623) 8
(834.5618755465346,792.409496127541) 2
(261.2213132580566,497.30003938481565) 4
(1000,189.00236212478524) 4
(461.34130387721086,365.66628886896206) 10
(445.0491709319001,1000) 3
(645.1437477548707,971.0474217748247) 1
(484.9595324935606,315.067884965804) 6
(34.92886629781185,959.030092568714) 1
(382.4974750344553,228.4285087418425) 1
(0,235.7057497555311) 5
(837.4382529443924,959.6626857521749) 1
(710.5065147312855,849.9720300938247) 1
(1000,331.39457030870994) 2
(232.5553250214944,1000) 7
(536.9026679828545,776.7853382299065) 8
(726.7452100056271,72.37680391451318) 8
(265.08820400195975,466.73830285261045) 3
(675.4780959962193,0) 1
(486.7721049636363,857.0685407231028) 1
(362.20741651461464,370.6317343679963) 1
(793.6820613563686,685.9503840957393) 5
(404.27675280236656,305.10939188426016) 2
(752.2164807063552,571.3964910620178) 10
(390.75942603126066,425.6445943354145) 6
(267.84346755786964,736.2724505869371) 4
(927.4731535585709,155.22251559100067) 6
(978.3149623227312,1000) 2
(860.7826564088725,621.3790488572864) 5
(0,474.147445271688) 6
(1000,135.99803521614047) 3
(1000,673.2293952300918) 4
(942.7048696349534,233.9638043343192) 4
(893.2218832602441,356.3191091092011) 5
(571.7401366295244,196.1613691666716) 6
(432.9938697452261,855.1793495697891) 1
(488.0532232986561,453.4234831805738) 8
(1000,829.0344790799186) 8
(352.72144564580583,986.4657063448215) 4
(14.306082812858506,252.4057857086859) 3
(793.3029476235374,1000) 3
(437.09057248739947,181.44699782792816) 3
(538.7942477138074,785.0622245725303) 9
(694.2602351153224,1000) 3
(563.0833136751002,0) 1
(737.7189622926812,327.7529486972928) 10
(373.74637815000847,597.7510756386945) 5
(553.1885042870666,0) 8
(330.03572118798064,388.85491604572684) 4
(1000,418.1816676710106) 3
(920.5614452858488,584.672204349306) 4
(134.25833330208718,902.2022055370644) 8
(1000,634.1057310650259) 2
(0,926.1807251698574) 4
(369.1145791050676,964.5852208550946) 8
(552.9951915065419,895.1811435166337) 6
(693.2258785972775,844.0369172331343) 1
(390.8706209733988,495.4745608410802) 1
(755.8622435948063,748.1344905146468) 5
(673.6049699189891,402.6998315347098) 2
(238.44466784728206,581.2222739592808) 8
(234.4822981355195,263.4358271115717) 5
(314.0433819772202,320.148773865247) 4
(329.3752072732379,511.81523082776977) 4
(350.6066112828482,827.9192881804488) 6
(0,811.4505187867258) 2
(526.5825231398145,807.0922094880414) 5
(795.8496828046314,0) 5
(986.5203677687632,21.513610680285865) 6
(1000,655.3590605186429) 10
(395.6873444677156,554.5702870666968) 8
(324.43404018937974,1000) 4
(146.3422567066608,0) 5
(545.0245983334562,426.03390854914073) 6
(117.14039469916366,414.44008714996016) 3
(631.7277700814527,851.8954811676081) 5
(187.03306121872924,0) 3
(418.71773853944944,434.21522244109815) 8
(617.4961088651112,392.2297925123605) 1
(722.566599603731,722.3119415451475) 1
(805.0226746237098,541.6544891785812) 7
(850.4895065422238,695.9206302403736) 4
(575.4322754709542,66.400570935416) 5
(734.7201202766474,373.3423370993111) 7
(611.9693043547212,504.7224491790297) 6
(671.330936215495,477.60686331230033) 3
(902.1817219267655,1000) 6
(751.1978623675369,636.4896707730674) 10
(294.64685485124596,91.48362036420122) 6
(803.4949639231659,546.8872802800851) 3
(302.89685423619443,0) 3
(405.3027469956943,144.46336726271056) 1
(797.8389166372172,757.2541299306658) 4
(314.0650404930984,220.25230278525066) 8
(252.05241806891254,334.51588600069783) 9
(186.1978385697007,945.1193356535357) 1
(0,479.7989296701043) 10
(764.5789063892668,756.3584856234253) 4
(438.9088023190719,300.09120625088605) 9
(327.67259944110117,984.7264500931196) 7
(574.0761125505742,1000) 10
(3.7886829137544282,731.0772733066801) 9
(472.9445193790563,253.81385794008114) 5
(413.7232348783855,870.6651770612096) 9
(804.9613054271007,150.69879046661055) 6
(385.7930389482671,494.22567918352735) 10
(66.65167632652066,839.4476337955809) 6
(540.3846969443593,675.3383370788187) 1
(810.3331794695582,535.2777061699167) 4
(122.88367022007003,849.054878371747) 7
(369.9842590814512,383.32132745349924) 2
(442.64859993918657,626.2146020071548) 4
(365.22646537492847,371.0606915712258) 1
(255.991695956528,278.89473390779756) 10
(0,458.1414537302604) 5
(394.52036958259725,189.26828024649734) 3
(165.0950540861914,478.62938196208086) 1
(276.12026193899555,755.568713281421) 10
(787.7685230010782,466.33801687226463) 7
(498.8292573143411,455.8266593992917) 7
(324.46501398795806,679.6373579608629) 1
(975.6108056068235,356.56163501627816) 9
(83.29968817988265,376.892775691431) 5
(665.3589110543504,458.5037079904603) 1
(701.458478400445,0) 7
(507.80674535747175,954.0843396785219) 1
(746.1368272442744,375.24170641589194) 6
(0,855.6687952131651) 1
(362.11664486351077,138.49851357876304) 1
(92.1830798606195,348.81563973656216) 3
(948.3546286771284,756.4169408152605) 1
(636.9099521992889,729.3830565654888) 9
(758.8749456267901,467.97961950527207) 6
(0,0) 7
(1000,695.0051501967254) 5
(234.33386027818204,926.88322936867) 8
(274.98815548047247,901.496985497071) 9
(587.4249545282565,78.119426064815) 7
(662.5446085456897,0) 1
(1000,82.54929904585453) 5
(211.73903307040177,837.3416359218609) 2
(461.13254933079503,438.1649472590546) 6
(70.2456793842785,468.08998288500305) 3
(415.11777022281814,625.8657078212934) 10
(1000,1000) 7
(392.6816616531846,32.028912071535956) 1
(762.0387750267105,1000) 5
(621.0347956534807,806.8006691727046) 4
(399.0703544963292,568.2148585148418) 1
(847.7453931273077,565.4200939951827) 4
(747.4111207215025,600.6289412440199) 3
(391.860855481244,657.4434970135849) 5
(265.5634979929661,0) 1
(650.1551607162273,81.43273243020985) 6
(967.1715057360608,941.9201084595187) 2
(308.1284188472525,834.980774689973) 9
(186.73724646710286,395.34924759834814) 2
(302.69696954446977,712.8088853403107) 2
(1000,365.3883954571157) 1
(1000,216.09760751237422) 2
(995.2681703118105,341.67681953984686) 8
(115.13001344102537,402.374568870129) 1
(464.4373380508694,0) 5
(192.86078637216139,0) 1
(1000,708.0597754088571) 8
(0,397.2955192628326) 10
(475.2133893898519,519.0802663280822) 5
(710.6250781746891,467.4910512583093) 3
(691.5369441522616,536.6993803263503) 4
(365.67861743093385,124.79449394213145) 1
(504.30467404521244,643.935310578225) 6
(465.95962108741764,903.4016687521789) 3
(405.2879368251152,197.10079815566536) 6
(409.6461779599548,680.3998770133796) 7
(266.5338188522793,941.2524207159258) 1
(447.4620893160279,235.77613482970037) 6
(0,972.4741757821076) 7
(240.9227953596598,0) 4
(650.1677318822365,848.8297789765215) 5
(646.8061950815163,721.5955819403388) 3
(507.1057017266113,198.90481044764834) 4
(721.4692310092304,576.5786238393028) 6
(327.0041683932992,570.7673396199563) 4
(252.65001685483648,560.306396419888) 6
(281.08767315518514,611.4681914758655) 1
(444.0189061017966,814.1166381694583) 6
(1000,811.0180110807523) 5
(1000,304.5113584568427) 10
(425.3934409848416,838.1014025639449) 2
(612.6521145760235,295.2775226505373) 5
(0,668.664248405896) 1
(485.2895494826683,190.76399378296975) 1
(812.0789436944963,375.162134641001) 1
(271.3843828472349,1000) 4
(1000,0) 2
(292.97996067761176,290.3044431475421) 1
(1000,817.7833918018428) 10
(486.893886599743,796.8402283691082) 9
