1000 1000
10
(0,0)
25 80
200
(600.0189479670495,40.88063655255729) 10
(663.619232682426,1000) 4
(175.8543431695545,494.749567155047) 6
(30.470178137802066,472.76886858098817) 5
(354.6618332366727,259.2269657333452) 8
(482.130675602362,830.9157863150899) 7
(485.5201005709678,481.7969035672147) 3
(902.9827794848381,0) 6
(675.392658554257,324.7067232598873) 7
(402.7774236474577,347.1875235585212) 5
(914.0650053598354,143.90578532767847) 5
(533.3856848803758,392.5702239263856) 9
(787.4352745955161,630.2168279460457) 3
(596.1212770781001,29.595674146241265) 6
(0,731.048578303406) 1
(881.8429143557951,189.0432082925886) 7
(80.62974742405555,733.167355455382) 7
(925.0831588889563,662.5578348909894) 1
(443.7757275325437,92.4136736023255) 10
(1000,999.849072828734) 5
(971.7914143219062,1000) 1
(306.8215954774729,237.84974390862703) 8
(45.51894175625483,565.883964457449) 1
(0,482.23414332805856) 3
(82.01149520349486,505.23746264498095) 4
(634.1083253110172,530.9760909190335) 4
(384.29207765541514,173.1842642719231) 3
(428.98484203102373,15.99311405731305) 10
(507.31720387156537,593.8010744546991) 3
(871.8129672675188,899.183009510309) 1
(744.122732786298,582.6780023450395) 5
(403.12493101350884,0) 4
(379.25454845821946,0) 1
(793.0456818235543,791.2391338147561) 3
(0,631.6818881342193) 8
(522.691129306296,453.5625458594177) 2
(812.31516249954,20.00795636006336) 7
(0,0) 3
(69.07458159432917,1000) 8
(169.96372830015122,181.77094638517445) 10
(660.6093402052043,618.379159929322) 10
(627.1854601005389,169.26217881531943) 10
(1000,520.6144671982424) 5
(397.0905786545417,358.65350282319355) 10
(0,1000) 6
(0,685.0906465822255) 2
(0,388.3212648001063) 8
(418.11513543753836,929.868730864776) 1
(156.21801988222228,433.9790937099906) 3
(264.23593497098904,195.9161714922376) 1
(535.8883273353249,21.02808754177562) 10
(612.7942480726902,441.05911219635453) 2
(353.5196479989611,52.494374249742975) 6
(547.1582012167435,75.65887141932103) 2
(654.0920449109213,0) 8
(700.5636363212111,379.99002566300635) 1
(703.3466166913238,377.59425594123434) 1
(108.33864007512176,444.3802731551381) 3
(345.6435299603093,102.40697843256743) 7
(738.3485708844128,911.4480541917828) 2
(907.604934298924,785.4324359102222) 3
(18.6718491038489,575.470539658022) 5
(243.1002619332126,45.71445818892124) 6
(1000,118.27000582180284) 3
(769.3084961197324,316.8638269206489) 4
(654.6206698891936,436.4847791738612) 6
(570.5406980617357,459.1460364879538) 7
(660.0942262698593,330.6725396922707) 3
(154.24134627862463,553.7361519138897) 9
(639.0090717916896,300.6592067116029) 8
(388.84174327768756,1000) 1
(332.71488636689367,354.9552694112733) 7
(166.4596598989927,1000) 1
(314.3903034074478,336.61251293962346) 7
(178.87633906591134,0) 1
(591.1386300149458,981.1759267664091) 2
(820.8563873955721,278.0358434739635) 7
(591.0105394040617,304.09046917140495) 5
(0,613.2022177542473) 6
(482.16357939329373,946.5401416524917) 2
(604.2402974835151,325.89274610304767) 7
(475.56770203859423,440.37758294878546) 2
(447.23166602856196,294.10276639998904) 8
(664.6734577713721,1000) 5
(400.22971001610176,95.1749215853535) 4
(742.7308004522929,515.7214040494819) 9
(561.8268828862721,720.6439202478039) 3
(387.48179379455394,543.2019900862723) 1
(241.99544396539784,215.19708126384307) 5
(698.3406836242823,1000) 4
(346.1573049477762,1000) 8
(470.1745190032455,86.88733715886059) 7
(0,377.8835294175397) 9
(642.56926380189,40.474761103265905) 4
(583.1819634770493,242.12397427887828) 9
(0,252.50762681177233) 4
(580.0975747826088,158.53802601683276) 10
(649.3561590768653,909.3078619681996) 10
(303.0340192998284,102.66411346758196) 3
(931.8566991992425,326.92844564971756) 6
(0,129.1265862171532) 8
(745.1962987501951,342.7488012435259) 1
(456.0376573754173,389.02369853977615) 9
(677.4864590030327,1000) 6
(784.4212207012645,633.0883926556213) 1
(731.1553078167726,448.23180772128063) 1
(533.0246922386325,1000) 7
(992.2884038611471,710.0614015072376) 1
(313.1533398854804,518.9530622705219) 3
(72.82133916656096,645.8170389621068) 1
(45.51946809018631,35.31323933150509) 6
(812.7443645518263,231.3788618125056) 4
(837.9222593582042,722.5529834063061) 1
(523.8845048264809,0) 4
(548.6598528788936,0) 4
(730.4805055455602,784.8186298828152) 3
(286.16209133672544,433.0419031288221) 1
(238.40732902483586,906.9029401460316) 1
(249.04779038027908,117.09688463798858) 2
(283.1705493147299,497.43481290573754) 5
(249.0550447226281,823.1284695807105) 6
(582.8739764504784,746.9997403374189) 4
(288.0150619115735,213.96963571808567) 3
(162.5605954486535,713.2837300455946) 1
(778.4388493322341,73.12207153493137) 3
(250.384631997014,495.19125458954693) 1
(776.8351355941289,535.9754701069734) 6
(356.46153429819674,647.9065752022582) 7
(0,159.8081063785164) 2
(0,536.2295439305849) 7
(799.2906219379105,1000) 4
(705.7991981221343,535.3165910186264) 2
(500.99383612318246,1000) 2
(369.3496258505313,852.850494308494) 5
(714.199745239729,282.87488404991166) 10
(1000,316.93446507580086) 10
(407.8384814155666,781.2153546361703) 7
(465.31123900176743,488.0804073840363) 7
(94.3927149911998,784.9457937722168) 5
(302.90050140638573,407.9128247135222) 3
(877.7256325206896,536.1195883002197) 6
(955.4504771454017,625.1874752532176) 4
(976.0379611555398,340.6959054954807) 2
(559.3497700137324,988.4641483405655) 8
(501.0518549121343,814.0611648259728) 4
(0,947.0015138341623) 1
(650.7261710036731,729.1953060237001) 6
(688.783217616354,564.1654599302643) 9
(369.4578860975437,416.84117875058746) 1
(864.3054955760011,113.1511766755217) 1
(93.40505022863618,372.27439235006614) 2
(253.18971784081927,1000) 5
(92.5886321816464,274.1912752714927) 4
(560.0235643764478,634.5649679421714) 7
(1000,552.7422872846481) 10
(75.18560217536657,1000) 3
(445.7276924297123,748.6548760557141) 6
(531.1200725726001,414.66499462759907) 6
(284.5389152202652,333.64912215625617) 6
(339.9860169615693,416.14328140612827) 3
(375.2221503801548,511.0778762762621) 1
(522.6913136512517,21.12754394686607) 4
(547.59181867492,956.3668830997178) 5
(557.5140233156375,336.91343767890373) 3
(413.3456535348473,500.0059378280214) 4
(451.6440485183722,522.5297106721754) 5
(669.6058869448927,624.7020935281515) 2
(425.55129332814204,592.9511279599682) 1
(668.5045968281438,0) 2
(775.733940475016,1000) 1
(223.92739813488163,993.142234011141) 7
(351.9316233449633,432.91248074753855) 9
(365.60789660079257,250.63416943010265) 2
(1000,464.31712144816305) 1
(58.26452383060479,0) 7
(794.042938525472,1000) 10
(377.6702665124585,1000) 8
(750.6151017212125,411.61253671429023) 1
(0,545.3877739963721) 8
(607.0532314737164,915.7565888356414) 8
(1000,439.7243814805412) 9
(435.5064872426946,676.293838093274) 10
(470.91035663026713,696.509616738346) 8
(216.4403421584338,0) 8
(909.2673803787422,666.8584672102713) 4
(0,543.890038980288) 3
(394.02499645861883,69.58121889722293) 10
(442.2525296379812,836.5720523612918) 4
(271.7343869995033,867.8717404894749) 4
(482.16480739334924,620.8164604859186) 3
(519.7865145513281,170.56700472337945) 8
(574.5981388060748,1000) 9
(543.1910370105227,388.3973561407255) 6
(94.00594393205125,560.8710465978204) 1
(142.16603383706672,1000) 9
(321.6501250364237,505.84263461062284) 10
(672.2591964927748,543.2631458675681) 1
(77.71099385893393,259.77733922590767) 1
(855.0433263735925,633.0353493329025) 7
(457.41755963994444,420.1492287289892) 10
