1000 1000
10
(0,0)
25 80
200
(0,501.5226025162127) 10
(213.54045854757152,633.5239365372506) 7
(701.8594862818883,624.7303351942418) 4
(694.7678576031705,412.6607346310384) 1
(643.0900298001977,26.59323928616402) 7
(704.6129849028786,170.69574608066398) 5
(514.5476533762769,318.6551748076379) 1
(929.7820556439506,514.0193976236421) 6
(384.83426559342405,880.7625832821236) 8
(519.771175285645,481.7282429779866) 7
(608.9987530748541,959.6910829019655) 7
(899.341541361541,0) 6
(912.4938533352669,759.2322525253195) 4
(782.6708034724604,823.0254741300973) 8
(248.75020378860177,0) 3
(24.51093100440073,237.71546868937742) 3
(744.4144893361624,494.23881218059904) 5
(501.0926146420928,218.7311117126772) 6
(461.5982570113337,536.9573497607688) 2
(361.1031904608669,549.6237785586121) 5
(617.4048001726616,353.8757788692151) 1
(0,206.46493732133757) 1
(670.5059616744577,393.1651625335494) 5
(461.0051033089384,682.1607441758215) 6
(0,967.649649534811) 5
(1000,263.72778182146715) 2
(678.6680957796563,758.9885979837834) 9
(329.2429308469267,737.8494642772288) 7
(151.6981702562909,740.9646220574489) 1
(420.2438741411124,164.90013323366912) 7
(0,397.55801986058657) 4
(526.6709318720763,265.3862421976452) 10
(242.71951952626478,374.2264570995124) 5
(360.0608743938725,202.66569637810716) 3
(720.9265918833778,756.696653708686) 1
(354.70966599959746,375.33408013516146) 9
(1000,486.9833340998246) 6
(167.7598645167152,545.6594443183146) 2
(0,36.407464016318556) 4
(486.1928215154176,309.0255152852076) 4
(774.7102760275988,0) 4
(1000,230.08037261475567) 6
(588.2966464549986,852.5508530034298) 6
(1000,711.3970138747387) 8
(0,849.9654595761401) 1
(368.8425067231017,848.5967184947215) 1
(564.090426468761,581.8908619429045) 4
(684.4274005238526,211.85490581733308) 6
(67.88914454997598,644.660039664857) 1
(634.161484827111,543.9378071742699) 1
(1000,432.6992476991881) 2
(6.408845813213247,318.60501989329623) 10
(660.8278454133499,344.96986727355505) 6
(422.67753803249525,333.18977694025125) 1
(625.5092236584351,198.54867108330632) 7
(324.19637528667033,660.2253990187708) 1
(446.3341200455703,0) 6
(513.421005786024,0) 7
(1000,546.9747647832443) 1
(957.0574611631571,801.6681394723445) 2
(781.1505714319939,152.51702322754267) 5
(314.6425375580691,609.5477984570725) 8
(850.2821445843958,734.5567409612357) 7
(0,544.8381325671088) 10
(626.9888801788768,329.4163633139933) 5
(408.7194352847638,48.500515316250414) 6
(251.24038504472827,589.1930247118632) 6
(358.4089835990988,167.84154946137875) 1
(588.2599496222965,529.1119505279993) 2
(500.44101119026845,685.4481599073346) 4
(692.499070784065,873.417224388265) 4
(984.4585984576452,28.726787448049322) 1
(539.4866861861187,713.5828238325576) 7
(637.1892972311273,711.0071819934096) 3
(700.253316727812,1000) 5
(458.1405331597169,279.4927600390396) 1
(0,388.1925652698934) 9
(444.7543125832879,0) 4
(374.4870868529707,683.7867127241688) 1
(549.627331217493,487.5364587507378) 6
(967.2026896388086,1000) 6
(519.9302414992811,1000) 8
(515.3000397475328,291.1521930918216) 3
(648.6543719645936,838.6759530351317) 1
(327.00467857492833,587.0932415532012) 6
(690.2086381920578,343.2313771451476) 2
(377.58291562201975,227.97454675505526) 7
(830.5465103225738,514.5587208704987) 3
(131.5679315145083,748.387933563895) 6
(1000,735.930130568857) 3
(226.4426316228313,637.5779287678805) 10
(385.10753268364766,262.980110396141) 2
(985.1215118382521,164.27711468558402) 2
(444.44582740043757,426.3012430822986) 4
(609.4338038865704,46.472801505513814) 1
(276.27354693403043,1000) 6
(57.25638743265017,195.77391652138664) 2
(831.3329967596524,0) 1
(733.9486459135621,423.5024741536272) 1
(476.0965115501918,973.3370064200519) 4
(333.04204690196406,34.063529577696556) 6
(566.0111144087919,0) 5
(333.94813346159293,1000) 8
(575.4510265386698,111.88257716756823) 5
(256.1346414760652,0) 8
(708.5542950279213,425.9798740737436) 6
(435.5394726772371,730.7599057175896) 2
(721.5292641614485,1000) 1
(742.9625213575245,0) 8
(721.6966779481306,969.89401538) 10
(6.209217895303425,204.27737166266576) 5
(766.3125217786438,1000) 1
(782.1178291977101,410.22650268498955) 8
(215.3608717445705,652.5990591599771) 4
(680.9485598796051,670.1510784424428) 10
(580.7030325632709,259.1816692797445) 4
(521.88403165202,514.215933004488) 1
(302.08616211167987,1000) 4
(32.318152515790246,226.94970092876787) 1
(668.0930004422323,578.3483364219547) 3
(706.0041922969139,638.2368640533456) 10
(668.7879277339481,442.6668953534637) 9
(191.51689890781125,593.8493719635787) 5
(289.9702217490527,188.42357878452822) 5
(0,322.415981396512) 6
(667.0817950325082,398.69523551907065) 8
(826.5965559430163,399.7339762731833) 5
(611.2127921235822,703.5460114169731) 2
(685.0819474669297,755.7575029583434) 10
(634.6023844664835,450.3858596603168) 1
(916.7993219190907,1000) 8
(659.969353816764,532.5169428387352) 1
(922.5451134054124,185.16181338839567) 8
(0,684.6544897509149) 2
(321.4121477101511,567.5451403018279) 5
(719.6204358895485,701.1354784588539) 2
(290.75813266726834,66.08030665054349) 1
(458.47793387908143,492.4846734225398) 7
(0,0) 3
(663.6161082970555,972.1960488295852) 4
(489.5525422993707,685.3349987868673) 1
(105.78922042543729,0) 4
(70.30879463136046,300.92187062290543) 7
(260.9348970375428,0) 7
(690.0528224988664,530.6279549139874) 1
(212.72121452146354,563.8369404989279) 1
(309.33506775872706,166.0730081674281) 3
(374.49095360418164,670.1786566502154) 3
(1000,942.1205213042072) 6
(529.7198295222908,484.8137096008824) 1
(1000,589.2681183734064) 3
(509.5734417365289,120.8804364867226) 3
(1000,758.6721834451262) 10
(908.13555364452,407.92627939294306) 9
(165.67738715651063,521.4611673345099) 10
(67.68823349867449,564.6792276836405) 1
(581.241124677655,56.35895329196899) 7
(228.31360649701082,232.7278310819146) 8
(112.4062587927578,910.891054288229) 1
(290.7649225541291,562.3948099397281) 7
(166.4994006309222,450.0242269673113) 10
(597.9216484532254,627.4218716315618) 5
(202.63089646363204,0) 6
(632.429922597425,595.1327041548502) 5
(698.7187363811635,681.6371806046741) 1
(1000,776.1435895563956) 8
(478.7049364222468,938.5586031304379) 10
(235.91836590969694,36.75397356751512) 3
(508.31880162388796,524.8940258012638) 5
(503.98782939852083,322.2157609294238) 8
(484.65097872463883,868.3167782013204) 8
(928.0991846183301,306.5052005138183) 5
(390.52431079055884,398.91967011673194) 4
(1000,897.1363933721502) 9
(0,23.260859260425548) 3
(553.4589915784983,194.51820813750646) 5
(397.55864028379324,0) 6
(0,248.49978839932956) 5
(520.275588827216,725.8610136509722) 8
(343.2809189506662,476.2459499746448) 5
(790.4461394133459,537.0183044128281) 1
(445.4737232088503,1000) 1
(139.32403426260976,276.37429565324544) 4
(676.7787476764006,123.43929022664815) 2
(233.64469923884542,299.7424830615654) 10
(255.54287121710811,312.385609771517) 5
(941.8355635790143,105.74442253108515) 3
(316.51223139026456,859.2559522420638) 5
(1000,524.5621788234371) 2
(587.2982851182591,266.31064255226386) 7
(206.16486037353087,124.5452801846061) 5
(458.53440622128426,611.7649199149573) 2
(357.99027211516074,25.590722202333495) 2
(0,63.97189459265553) 3
(727.7301758184328,676.8199429091734) 6
(0,66.4223393635258) 4
(1000,432.8030124883584) 6
(516.3287302288993,623.4512487151648) 1
(0,74.3882883101561) 7
(640.5075325394973,1000) 9
