1000 1000
10
(0,0)
25 80
200
(528.1314892137142,0) 2
(373.62046256446536,147.05296143065135) 1
(590.6866442734697,636.6813662945191) 7
(1000,0) 4
(510.81155495061967,582.4057947284406) 8
(745.5034184221932,196.06785011796512) 5
(464.46809530667525,326.0477137692854) 2
(161.9234657710865,760.1996820958766) 3
(724.3652544770392,181.1465388033215) 1
(542.2826528092705,400.1354287681173) 1
(811.9997800806838,682.4624280766095) 1
(963.5181609739346,323.60319314716406) 6
(393.9035262865966,866.562857358143) 1
(545.2061024088567,996.5919115868404) 1
(123.35693668185252,685.3409062846416) 8
(201.72335302843732,23.175069040267488) 5
(642.8502126406456,957.340994697324) 7
(352.1390901310041,360.2788711611303) 3
(685.2638544661015,652.5835453964628) 6
(476.4122344161985,309.09354704186603) 7
(34.144147289611624,395.75853608825435) 8
(758.175817238417,256.16825677836914) 3
(558.9771342286518,690.7931744810343) 10
(257.6608728753363,579.8635582286396) 6
(828.1654802536639,517.0932939022238) 2
(656.8280216651942,411.9946311399865) 3
(885.5030488895276,153.520035135336) 6
(94.82821663611105,296.6989718115302) 1
(779.3723316767587,504.5303164844186) 6
(666.3989550610357,306.0131661158109) 5
(809.6854569169782,592.8236535331054) 6
(585.875082377071,373.0287444414729) 6
(590.3995032195606,533.4317765238478) 10
(215.32135815848716,766.2770285455931) 3
(978.2692178726996,634.3570324600668) 6
(102.59876056633095,454.0491141620065) 8
(928.6243930432169,398.2838641147466) 1
(500.41448624535826,215.11312993865806) 4
(0,775.8818267817205) 1
(152.47691825102044,1000) 1
(0,118.18151177322977) 4
(733.6167739526959,72.4066063519171) 4
(837.4962789705837,511.2632286650394) 1
(26.043554274214046,390.67986853639746) 1
(972.6891871789876,570.5305352167567) 7
(571.6954494155294,548.9000563371155) 6
(353.2678661462726,549.5020748395548) 8
(899.6608453755762,306.8330689044996) 9
(480.8126045633047,510.0048216941819) 5
(413.31468234706705,697.9592251868402) 3
(301.1594605840917,689.5645279602619) 3
(1000,1000) 6
(612.4459766589721,372.45949175062367) 8
(1000,643.9392615633535) 2
(225.32806964531255,1000) 4
(677.6384280082355,707.9249116015083) 1
(985.3686341773991,262.4047363065333) 1
(848.3913563608558,263.5331769932822) 1
(615.9222543094006,434.4309115142299) 10
(554.1103685706747,0) 4
(713.289550794163,354.1615726595926) 4
(528.0853588722141,489.3919674172154) 4
(620.6965850552789,289.81054508687197) 1
(516.9164847168494,236.2160661293966) 3
(708.8215292145442,198.95215997240126) 3
(130.94829128637082,975.6592151754603) 10
(571.608671395361,584.12644615459) 10
(508.72421582638157,2.5121825102583557) 10
(746.6675980936845,611.0565608067891) 3
(357.7859901121497,448.71633921511955) 9
(849.5373020995355,517.4809406093074) 1
(451.84110310703335,1000) 5
(358.747180110252,405.51620554505513) 1
(1000,13.621210822528383) 1
(197.81988304287296,0) 3
(1000,279.73837885390736) 6
(0,155.83179873712282) 5
(0,915.0718204225279) 1
(162.39888841268657,547.5373309989109) 7
(279.832751115366,462.29192505367115) 5
(368.679514252873,990.2009906935973) 5
(235.38582177735913,662.7386834104227) 3
(603.9405852674037,431.98274371313494) 5
(608.385529721256,669.6893787611413) 10
(657.1488811709007,207.71628537368053) 5
(767.5816370905322,290.36736827038794) 6
(72.77198820083873,0) 5
(163.95878175680815,23.94105364352447) 1
(0,600.1056531110223) 6
(203.00946959840036,135.4193295423891) 6
(594.3228489244076,1000) 3
(466.3050523711754,0) 1
(421.34026408870744,1000) 7
(709.1996821550206,459.70582186662506) 3
(478.7253626310759,823.7567701357154) 8
(286.27820169132144,433.12352982154937) 1
(719.3082793959596,0) 3
(1000,301.602868222962) 2
(317.69752367510563,538.1144042821318) 1
(488.6433942573351,570.3418951708941) 6
(385.7767600046867,906.0500529086604) 3
(626.5814671293952,453.1217063380301) 9
(726.6366927564213,311.5758079017728) 10
(209.74865624452292,78.63032003057373) 8
(46.21743025124522,671.4932984400359) 6
(348.2926994876908,706.7087265815954) 2
(834.6909567901141,0) 3
(879.2186284759057,426.77462146098384) 1
(215.5911497268212,201.7810303300966) 5
(0,1000) 1
(312.48045653165775,973.3176832704733) 6
(404.1865659241762,603.8702831002267) 4
(138.25449068850355,1000) 7
(0,234.78089815838462) 5
(426.35139508576276,627.3653883474519) 2
(0,686.3550523007748) 4
(1000,871.3492365054371) 10
(778.8434191082293,465.2692113213098) 6
(900.5164391302817,331.7453602602452) 4
(639.3177306629331,401.59283283837345) 7
(241.7185904877594,729.404629016244) 7
(1000,278.76017195889415) 5
(603.3948271079329,278.9435373956579) 1
(122.03250293231366,498.6931120387067) 1
(223.37340241565136,788.2551391538609) 4
(629.4921509052008,627.57858955516) 7
(0,215.67321032315203) 2
(460.2072588673198,609.3942297518325) 4
(799.1494302550084,375.20772120477676) 1
(838.86426107004,591.7499866319097) 3
(875.6584315408846,1000) 10
(347.3791831959668,287.1641735992678) 1
(602.0592082572721,369.7425282869968) 5
(1000,677.9212285982222) 8
(515.0263108341172,40.60212354502835) 9
(473.3708886864776,640.5264333700383) 2
(279.2406017002244,404.66388608275423) 3
(413.80810241182905,824.6206347034567) 1
(649.4971068759206,707.9006666991284) 5
(720.3666464034261,0) 10
(888.4135072545866,543.813072531408) 1
(424.3689567069091,394.57355593233166) 2
(363.11761843542195,0) 5
(574.9469124105328,722.6163949995339) 3
(799.2676077830708,496.1965654620178) 8
(153.3589375715464,344.97018326879436) 4
(461.9589089940189,717.9727681725437) 1
(134.73324858376122,541.2742252969573) 1
(708.7988796889354,400.5759184849407) 2
(351.1525057936803,103.11424127882287) 7
(54.37561612276136,441.4632202948135) 2
(162.15090988401533,1000) 10
(25.142995752789943,719.355112190017) 6
(801.1036673527758,500.9537482676026) 3
(429.6252629992461,194.2688464612088) 5
(468.65179522396505,801.9583430711496) 6
(661.5904615643119,0) 8
(942.0878663363268,585.0117449643571) 3
(123.05933767791726,276.8839271490388) 7
(581.4311311887006,35.75984245914151) 5
(951.5658106957385,211.40049684317302) 1
(472.2095386260892,460.3762459583422) 1
(446.35161926231643,382.13902275671586) 4
(1000,311.9825543632677) 5
(634.566974063966,203.63916984127036) 6
(847.3103516829995,940.9328762396523) 5
(414.0176106736142,395.7357315133553) 1
(933.6640449463102,311.11673355431606) 2
(1000,446.6751495948096) 4
(1000,261.74928563725325) 4
(756.8710521870382,663.0642007722819) 10
(403.71842046347285,444.7130735109626) 6
(1000,148.3842647490336) 9
(568.203042823393,640.323784733134) 1
(377.34357935339153,195.3842756646613) 6
(577.5236185731202,383.3234434344579) 1
(780.261369620396,476.96291952139) 6
(430.3539806681211,67.30526310213725) 8
(100.44933452056426,403.2711183443585) 4
(446.19676630748756,667.772292841246) 2
(0,577.2760569283852) 6
(648.0668102599661,489.0716045972345) 1
(481.267971520776,758.3377472795065) 5
(583.0333961511119,355.5644596867018) 3
(90.40599234483005,0) 7
(246.32714078400065,497.0113189824634) 1
(530.9937816869132,633.8075694873511) 5
(544.5259828862605,122.34946574471019) 1
(573.0702070766192,0) 1
(613.7050051030976,497.61779100151523) 3
(494.737577821405,216.28219736335257) 1
(1000,889.9246179926993) 6
(0,293.2366625588952) 1
(0,120.48144566078287) 1
(121.37544018475751,799.1246080697181) 7
(733.9211444570194,327.1670761452707) 2
(661.5242718970777,843.3060400611704) 6
(1000,904.6935167933427) 6
(981.5953978628028,1000) 1
(678.4230031832193,227.25721129217823) 2
