1000 1000
10
(0,0)
27 80
200
(0,510.5982425837693) 1
(319.57435823092055,726.2223093800783) 8
(412.7499311486198,441.5616866635616) 4
(727.1470740710981,327.94432626855723) 1
(571.5355061682556,0) 2
(408.0515823590381,803.0890475105155) 4
(125.61817678735599,1000) 9
(0,616.7478192124578) 4
(547.037498831339,0) 1
(829.251431914736,651.7720296233704) 4
(777.7649537645,1000) 1
(388.5581703195605,591.795477808859) 4
(67.43454017387972,1000) 6
(175.74216475731907,181.32425048201594) 7
(1000,25.730946326767594) 8
(284.3074132669697,262.33568785567616) 2
(741.7093282138904,551.6435063472235) 6
(495.15965535515545,594.0589498463405) 1
(1000,659.2763919481004) 1
(697.222991975967,112.73642855958877) 3
(707.3594428045004,441.33481435140345) 6
(733.9991163940878,1.1497092223441427) 4
(636.726066303976,906.5732221083108) 1
(539.9520949827556,265.52776295145543) 5
(5.392220485728046,591.8644471861007) 4
(694.8445118811482,427.47612247315226) 1
(0,670.9605806112493) 9
(714.4959262994147,1000) 2
(252.97147845037878,0) 1
(415.4708687473372,543.4359519138873) 9
(218.9208659556677,341.944471962447) 1
(3.1099475169269795,589.7743225681367) 7
(203.8231191900153,721.0296016499279) 9
(614.8519487050697,650.5955079073715) 4
(916.1594313467665,920.7544986559342) 10
(852.9693165893295,938.1152469118929) 5
(288.43966978263313,466.222743665804) 1
(449.4536941461857,597.4502207025492) 1
(780.2924745682229,730.1259843406561) 4
(1000,815.563445599185) 3
(649.6300515738154,50.67247339167312) 10
(431.45423323622197,650.1954357928149) 3
(562.5778866518559,925.0767322286739) 3
(868.9189476580934,416.47008275117446) 10
(1000,389.02694126298593) 7
(626.8241797129422,952.8917714797742) 1
(696.43640196586,158.87535690373534) 5
(1000,954.1336404858323) 5
(0,358.94877047241346) 5
(741.7794767319266,0) 5
(215.0531894213383,652.9858224633228) 5
(676.3835396997144,433.30707037898605) 5
(821.5158414362854,1000) 6
(327.2557658156809,389.092208105865) 1
(0,1000) 6
(653.3707853636863,1000) 6
(193.17907029977022,511.94985131431343) 1
(258.07427862786784,245.1960567387191) 5
(223.408347369889,214.91327537210128) 2
(591.3203905509934,537.6219844464532) 4
(112.29510112762381,581.0861334016184) 7
(0,819.285760124191) 5
(601.795854376626,605.0020074199931) 7
(834.8358069113576,272.9208367050816) 4
(202.11537862436484,671.9498387724959) 1
(453.0812966211953,869.2061035700586) 9
(488.9358684342579,440.72576851511667) 6
(960.7164560537196,1000) 1
(791.9819917546606,256.7487659825049) 3
(615.3904290732777,97.69853544850554) 7
(562.7220725376037,0) 5
(252.5353027530201,230.86377827809582) 8
(438.7502561551087,801.009014892991) 10
(292.7231850420792,915.65631164713) 2
(429.12304636158603,19.199262937453) 3
(574.5260048970479,52.976634517836374) 8
(276.3964358659842,512.4593701239058) 5
(374.59016170424474,422.86487408301997) 7
(358.1327487380836,1000) 7
(833.3994556447234,985.5160123016557) 4
(251.96328833559357,415.3030004234267) 3
(581.6750051433715,250.6243184394064) 8
(422.58237185800033,284.3244465743528) 7
(14.820840364725882,653.7156851304853) 5
(912.2350138800343,454.00821719135547) 4
(725.20837494127,541.6056300544114) 8
(823.2734718841036,311.1238023290654) 3
(0,40.18163682860791) 2
(216.14453762169182,528.2701250691352) 1
(378.5689438695822,1000) 1
(339.46747547930715,19.821252531106268) 5
(600.557062370714,538.2374309520904) 3
(105.72962762475186,138.9277358440786) 4
(1000,940.8374486945852) 1
(840.8771816055084,733.0142638809582) 7
(784.453853252417,1000) 4
(103.46491977922261,269.77873119150297) 7
(161.77170575177138,281.0636616174655) 3
(111.91593108542065,650.6350698851121) 1
(130.8451638892921,501.56031377387376) 6
(904.6327645867145,0) 1
(953.5403239817772,865.0748387815441) 1
(14.055073599095067,474.7047773826415) 9
(536.2770614651351,287.7020556363659) 4
(9.289351853192954,315.07328335870136) 1
(535.750258491329,691.3803033571721) 6
(1000,359.42211079017903) 6
(322.23515496507815,653.5940217453416) 3
(429.1522618720936,718.1270771126117) 7
(101.02845399537512,486.7311756862643) 10
(1000,763.7358753167647) 8
(175.76517461572553,0) 7
(759.7041857113809,357.8190178382357) 4
(626.8558307203213,284.38589288463413) 5
(200.37685026371264,492.12391551149153) 5
(233.02783871757805,459.81821334202175) 6
(0,946.2575890768728) 3
(736.9298491676443,135.85658264248343) 9
(78.49289925464893,528.5362473368989) 8
(538.192739000955,872.2150888851193) 6
(619.6148420233749,1000) 3
(1000,72.46554900182491) 1
(471.3610515381702,627.8335702778878) 4
(818.6726646138495,772.2880833169056) 3
(781.0251863992316,370.6796623128736) 6
(228.13866487446614,594.6839267431046) 7
(223.02697557418276,546.0606553311183) 5
(651.7037536973658,270.75041049559945) 10
(227.59531117688874,1000) 1
(695.5228518324743,382.05798094359415) 8
(463.9225776527401,342.25159151464925) 7
(617.4179817214882,0) 6
(572.4208527538406,999.275276989752) 1
(305.0058841130809,442.83156720047316) 4
(27.602507673495097,314.5578642333157) 10
(187.2199547083369,0) 2
(893.8115367242322,385.2553742611825) 4
(1000,500.1972464612606) 2
(707.2794043509183,719.1101577159782) 4
(763.5548006843821,486.52148144778346) 3
(868.1153989457576,249.09420897066974) 7
(528.3673525180244,535.7559068626343) 1
(372.45621724872404,153.21408787113842) 8
(526.8221219591263,477.5172477700103) 6
(271.43731787905756,576.9289886869063) 1
(790.2738112230643,600.4993535491283) 5
(404.4569810963055,354.80890827406233) 10
(245.69078452706924,530.574966454666) 4
(112.63270956638627,759.610285167978) 1
(0,0) 6
(244.78632454433162,405.3109375262585) 10
(599.1910093798606,505.00215273427597) 6
(871.1750174536751,0) 5
(447.593319557942,305.5159110645592) 10
(606.9894884437163,250.08004800931803) 1
(221.31730829629333,677.1901546229503) 3
(960.1730601457361,224.43077526007386) 1
(621.0551313234872,220.4598784237255) 5
(1000,931.699473332701) 9
(531.0651802001909,563.2930554804041) 1
(300.06896078923864,576.8939623349004) 1
(0,882.720307703827) 5
(1000,356.68732913779183) 3
(0,431.61250976866586) 1
(356.89335826427475,1000) 9
(749.2273016181539,1000) 3
(475.2817066607664,122.54145350341662) 10
(514.9185314278461,439.8259007664111) 1
(164.87709163961216,463.35040731359226) 1
(822.2158726630145,230.066117026271) 2
(623.1484905930281,362.5623885053526) 6
(206.75223851491444,552.2505203120927) 7
(709.7793395954898,775.8269424735847) 5
(104.28909966948612,915.6815740399361) 9
(652.5777474492834,484.9454063925009) 10
(1000,218.1930503921152) 5
(258.2199705691662,112.64151633684025) 4
(733.0303625791148,560.4362267530431) 2
(739.4108477886865,171.4868097333465) 8
(897.39654825258,731.8742997085468) 3
(490.38999119658473,778.7683114242965) 10
(753.3663641358822,1000) 2
(128.13533659419204,824.0896910878694) 9
(141.64387387804248,1000) 10
(797.8745780830708,92.69224903658932) 3
(1000,0) 6
(305.8691005956498,661.614951138257) 10
(155.37132402236318,548.3860184944906) 10
(682.6028613358008,566.6649822303821) 1
(424.17782223960063,722.6707358076706) 1
(409.52102730667093,148.77845670945692) 5
(321.7765405846558,668.1842588311247) 9
(406.8650142654634,835.2084332193833) 2
(1000,1000) 5
(447.57158454606497,419.5628269387491) 10
(980.838653851064,329.34772563910394) 9
(417.27028858618075,806.4278619090597) 7
(757.3700035781274,278.2536595718515) 7
(465.3872068574295,1000) 4
(249.97735125294605,1000) 6
