1000 1000
10
(0,0)
27 80
200
(1000,718.8008352109509) 3
(527.5734809430146,294.5968516038189) 6
(600.9186102790113,623.4471984586397) 10
(494.12723604223464,0) 4
(407.3709570656928,516.9170306273113) 1
(388.41572592973193,740.8915909793764) 6
(522.9207523353494,563.6836468896859) 4
(0,924.6096501265747) 6
(878.06676952268,251.79389686585924) 10
(311.2868860606724,349.2665993340645) 9
(776.3490520791157,355.4253337306317) 7
(107.25371942917025,0) 10
(542.9193598065477,454.62801588188944) 7
(831.3243880407283,784.2539438309636) 1
(1000,274.9723042598389) 4
(415.83272041235546,647.0801147770369) 6
(1000,287.16749710051954) 2
(0,534.2386541827748) 6
(0,465.7977119920946) 5
(635.7619919687183,736.5778804540856) 7
(476.24917877166604,275.265701762439) 5
(317.8442054758035,0) 4
(563.7125093051013,893.4878150912712) 5
(30.91212571566075,781.6579154138501) 1
(559.0071210464193,863.4613265650444) 4
(146.5682857333573,311.3453587629426) 5
(950.20508215941,309.470997911114) 2
(97.76735558424224,0) 6
(268.73778960679533,462.08971752370786) 4
(1000,423.76783616079047) 1
(902.398096965471,458.9026643449733) 6
(268.16510850583825,700.9332111330348) 1
(459.5764941567011,656.7554010614792) 8
(1000,707.3256961988834) 10
(460.566848147693,402.94565920612513) 1
(708.8285199379668,458.2290728789248) 9
(319.80238572228575,995.9026556046854) 1
(753.0984054772331,353.5992758687697) 8
(228.96826465539448,251.78128922540682) 4
(737.0193730770836,672.1269841622876) 5
(621.2623655112087,877.0537487657007) 2
(319.07694652456064,814.3639822699231) 6
(672.9750894500544,977.3311339702532) 2
(1000,618.138191438828) 2
(202.869462806711,1000) 10
(465.0255410808297,0) 4
(562.6575108807534,523.1270783295897) 9
(580.8251833403575,412.2440319189128) 5
(598.9772868496519,428.8406019886331) 3
(647.4896494211446,453.47954436486606) 6
(1000,902.9918754353005) 1
(1000,639.4901502432817) 4
(879.573170579932,872.6438562894871) 3
(1000,524.4197544610981) 1
(87.41725987378487,117.88780144749268) 8
(377.037199810228,418.72606932640224) 1
(500.6647812960039,473.2415012851183) 1
(302.93743968138443,933.2224329179378) 1
(223.6185296886125,751.7156156042315) 6
(905.8131003814774,111.61808743203727) 1
(278.6157788224152,654.5150965511616) 4
(640.3462845962371,749.5537910276072) 7
(731.7346120623104,326.71805287924525) 9
(345.19957103927527,447.10499772334634) 1
(247.4173919448839,209.08000634712948) 9
(395.48402998312827,530.5742411482989) 1
(0,647.402844389241) 1
(819.6997973436999,379.58196923934327) 4
(0,560.826295942533) 10
(445.49079930679574,601.0888922850468) 4
(896.5327314574139,590.4035030100104) 1
(826.7678701359473,0) 8
(0,128.6844407077926) 1
(0,636.4029736512085) 6
(697.9881609759743,610.1007106016604) 4
(420.7729685098496,1000) 1
(798.2304382974912,625.894933581191) 10
(513.4312216600189,638.3875199401332) 2
(0,426.47620425841745) 1
(929.1350785976247,320.3298845571376) 1
(590.1980690309874,700.9846114764757) 10
(580.3379745276068,333.65574549942926) 2
(89.36023135840458,740.8933467536774) 4
(341.35792795598127,422.69629500631675) 2
(731.9836170229314,395.9612494604002) 9
(290.8761610286057,240.31511527481115) 4
(407.89820145616613,457.0447135469848) 10
(364.72081975360334,374.37415818755585) 1
(0,755.8930530288729) 1
(121.4648148337879,491.1673291625839) 5
(812.5514399883364,939.4310063636619) 3
(358.10431148314956,579.1827548287347) 5
(403.5252005015889,743.3979091710331) 6
(661.6978780702198,389.9649066340428) 4
(1000,1000) 5
(0,649.9773165145025) 4
(496.5078861938273,745.5853511915618) 1
(0,865.4514910759331) 4
(173.13737225106433,389.5772162878191) 4
(323.9261037560144,182.0442542418295) 1
(142.98296751509588,558.402800758051) 4
(687.4570876673765,164.16386392127532) 8
(329.65722319402266,466.04656330228744) 5
(643.7767554427227,760.9291011536972) 1
(128.7935504404171,287.8805941927077) 10
(437.03644290197167,1000) 4
(218.58204119619137,102.8173803664609) 7
(1000,723.0643673009224) 7
(0,251.00877974368106) 1
(344.7558534901947,449.25823438647325) 3
(822.4568385314317,1000) 10
(58.4624280099294,473.2432218099942) 6
(634.7480198883852,1000) 8
(592.7737217542284,1000) 10
(0,744.9070339945636) 1
(1000,67.05998535774279) 8
(245.29207226847237,867.9307154828109) 7
(362.9823703436241,843.4064820911221) 1
(451.9158301678477,781.9524861715748) 5
(27.375596463915713,90.53718516525151) 4
(731.4316131445775,672.1599536842373) 6
(957.6560023612018,32.65761443800653) 7
(0,548.9529698314172) 3
(177.6924753395636,329.8002239770827) 3
(143.78684836931603,276.44430836312995) 7
(645.078198165768,417.0021477118129) 2
(742.9361406537707,180.86367234639368) 7
(644.8584998474937,701.2915341185362) 6
(884.9372500786933,0) 3
(737.243988645949,163.61213465490903) 10
(595.3960533966431,1000) 6
(654.1007393286798,335.86020715151324) 7
(398.2643911505223,0) 2
(792.6965446977808,554.5715846218171) 1
(916.1269325963865,818.9651889118245) 6
(1000,339.4743562413521) 3
(803.1636399890629,475.050880394519) 9
(669.3859474262973,365.6870052862877) 10
(390.51504025005175,833.9260194696907) 1
(924.5806803231576,1000) 1
(183.4178836748291,157.44630550798541) 8
(0,1000) 1
(941.2316554209656,88.05359792879926) 5
(677.5925812298254,1000) 5
(534.9534028317954,689.7060175466895) 4
(795.8183723847386,177.83427332369763) 3
(314.8695928783209,866.4634474965452) 2
(328.35125064824604,251.52930153970163) 8
(691.1920781340808,874.3823584878033) 10
(800.6654248752359,0) 10
(739.6723347745185,712.867324234626) 4
(763.2197924472842,770.2261109955926) 9
(490.5167883977989,209.7200160955867) 2
(67.64332448315696,454.7830620564651) 3
(427.9292601760486,993.4397481864116) 7
(1000,687.2075350709083) 5
(487.6581986231857,1000) 10
(448.17383613740265,528.984045823741) 2
(828.4585844830098,282.9391710437514) 10
(712.1224708421428,341.1814754477985) 5
(687.469750303542,0) 1
(0,224.51655957586883) 8
(998.8501442330569,0) 3
(524.0445806243479,295.35660777898744) 2
(257.5251377897798,1000) 1
(679.0332797784351,512.9220105066483) 4
(911.0241926768088,329.1304947846929) 7
(184.1174447672622,1000) 2
(673.1349242695743,0) 6
(300.2261954151603,421.5809097136972) 2
(570.9140583441424,106.87819199821581) 10
(773.9130371420438,557.0356103206391) 3
(117.35355780213467,847.0729269868096) 1
(133.7564925168806,0) 1
(78.23745821401434,0) 8
(0,80.42612553375426) 1
(556.8165202862949,935.9319990187137) 4
(874.2113934050521,194.4710886200662) 10
(938.5919712028794,203.00269468534032) 1
(857.0758903217,419.1188649312725) 2
(488.1007784120972,626.9695053766075) 6
(674.0687461659872,484.42688411894136) 5
(454.16431158452576,525.038468346625) 4
(1000,426.4448760679946) 1
(161.9005657841924,191.51600205969999) 6
(1000,132.7565162254491) 1
(737.5618830123353,731.4034210159754) 8
(527.1360705046748,602.230393796645) 1
(836.4735418122755,780.2190401610973) 1
(235.8744798903801,408.0383389724483) 8
(573.8116790952586,510.2440112362822) 2
(630.6470437523394,263.93064804015034) 3
(222.65442689939545,1000) 10
(0,780.1208101757395) 5
(1000,435.51314460498776) 2
(689.6910968058114,281.189669120358) 10
(912.1749599203968,199.43140818093548) 2
(397.0756412337257,572.8034330243989) 8
(449.29614691008555,38.93006730250727) 4
(266.6512295355418,20.38571960901453) 1
