1000 1000
10
(0,0)
27 80
200
(112.51213568352858,583.3241588798511) 8
(628.4124252037191,95.45638011400246) 10
(0,384.865441091655) 9
(0,334.94450713883236) 6
(1000,576.63916786953) 5
(761.4391562847181,699.0114617199752) 4
(867.9315737128097,583.6123818286776) 1
(582.382515169429,577.248390598396) 3
(528.7836845994813,393.5991860055758) 1
(447.0650636135304,624.6009029660183) 2
(152.73470178700518,602.680906305245) 8
(324.30264158225464,80.89172850027819) 1
(1000,326.67125722560775) 9
(518.2700178664535,847.817354344392) 4
(223.83211472435005,773.9634462252077) 5
(231.51760221722526,513.2387185982942) 3
(396.262004269446,586.9000661963101) 4
(453.08421052534374,482.25552243527676) 7
(541.2906478984967,151.84916248227705) 4
(389.4585459378526,733.3884800377493) 7
(385.31968710753017,281.2552889594939) 3
(1000,431.7361960567924) 7
(798.7582461552207,358.23697162949424) 3
(932.415758880384,328.1406692188161) 1
(949.627099732847,428.82362221779306) 9
(244.81299881772418,543.4589835320978) 5
(1000,333.8800606420632) 4
(313.57451064805394,791.0209431313508) 2
(0,382.9492325034357) 1
(641.4160830289032,320.88928306965136) 3
(1000,0) 3
(782.5143541716311,392.830723734103) 2
(114.01750929017766,357.068159259302) 5
(757.4924171238545,533.0731435978126) 1
(204.8206639356327,585.9506629469291) 5
(353.4971931339884,222.99722373917712) 3
(609.804506686328,149.978509172783) 2
(706.5585342210832,10.237973411150335) 4
(940.152686351068,103.66441124657939) 1
(145.07224221925958,259.7000605020545) 5
(0,729.1498241503683) 1
(423.8033726586412,839.4958433481513) 1
(695.0630237315186,280.440113145494) 7
(305.8029427096718,437.91252740972794) 10
(260.60970385116843,372.3629177757257) 1
(698.195397891789,582.0525881111613) 3
(778.4218611333627,61.979658595329056) 10
(835.5750852787205,957.814968696958) 1
(0,935.3387703199373) 1
(725.2200119956685,492.45482730749836) 5
(724.8593049412368,572.5171622085942) 6
(14.458540354657032,143.31144612749182) 4
(456.12657495750346,222.17361099690004) 2
(152.13153828074917,619.9817985797123) 2
(740.7541048349176,529.6478374358746) 2
(564.736235539711,504.3788393007307) 2
(528.4058290007125,721.9793476044377) 5
(406.9573077608253,336.6952352230334) 3
(1000,500.0390756517405) 4
(0,689.1937622062585) 2
(501.1294866412744,165.24990367317724) 2
(118.07963875524729,0) 6
(68.8796084722432,469.45724497271726) 1
(216.73306599876184,559.3842510177341) 8
(756.6674463329078,794.8697217972453) 3
(165.7268689123676,176.31493158108827) 9
(443.0092276691192,889.6763287832737) 4
(0,837.160593486472) 1
(361.36507257598106,143.77439733963638) 10
(73.61646227569565,491.9387285604445) 5
(640.8554900924186,459.82058804234464) 5
(554.4849334023829,15.778587419487053) 3
(496.3937888981718,1000) 4
(706.3241022694529,983.5252714643966) 2
(751.3757354478265,1000) 10
(780.8445940065862,1000) 3
(579.9787555557499,622.6350095122133) 3
(809.4821378733236,749.4960893471814) 7
(369.0272578783314,309.9505313731327) 4
(728.1958819634514,527.4744590008225) 6
(376.3623090225809,21.517419894248235) 10
(11.309578590330375,559.5754273803376) 7
(284.949949502165,1000) 4
(311.2811199439116,402.5510077155813) 10
(1000,86.42971738058554) 8
(843.2446946956727,247.0097107111361) 5
(1000,485.8266071227316) 6
(597.2918787585888,662.5555733008359) 3
(629.3179651078223,325.32254971271715) 3
(261.472741638728,93.66823952687088) 5
(0,436.5954181036825) 8
(1000,476.518370497884) 4
(1000,115.09400874580626) 5
(782.8132306164484,543.4047606227026) 4
(450.19268335765554,340.86864889392695) 4
(156.34128859581443,654.4555206259204) 2
(594.0833523448475,382.8387978171286) 9
(308.00073053180455,1000) 3
(189.6633411106244,757.4510337845621) 3
(364.21374436890005,388.9921785529368) 10
(1000,647.3016108431102) 3
(1000,723.3666617785476) 3
(0,712.6797004511409) 9
(502.8389343064646,576.1763479694705) 4
(631.8821839049155,250.7997571054737) 3
(124.82968157697059,587.0905216875605) 5
(184.6471823328174,1000) 1
(211.5477214106877,204.4466788609414) 5
(482.20916970586785,1000) 4
(1000,299.10239344772145) 3
(491.549964608027,496.373503327532) 3
(0,713.1539187293477) 2
(228.17170704215022,965.8033346401136) 8
(829.1410075529172,592.2297083359831) 8
(391.71079266910226,586.9874591604416) 3
(1000,1000) 1
(964.9037897180053,669.5034039588496) 6
(253.9342919987383,2.4935336221097373) 7
(353.0336200992357,237.14477307694233) 5
(1000,794.4166541998994) 8
(0,347.47575896115006) 2
(230.7413783606466,700.380994779391) 5
(398.6753896219401,294.02863014290085) 9
(1000,321.4596822813061) 5
(87.9658080408928,643.9055473982975) 8
(80.19130671451393,681.6350342647274) 1
(776.1596331525104,732.4374486912184) 3
(491.69509530009924,445.41449826615496) 4
(0,526.243944891345) 4
(528.1141429727479,665.8517204638802) 6
(326.8655955716331,326.0411438502157) 7
(0,421.75517988282814) 10
(472.597909729742,789.9786550437046) 9
(979.6770401191981,174.38477972003386) 4
(424.5292200121565,264.9036959737098) 7
(702.7404970613188,422.18178540045636) 1
(628.2173323079754,972.8961550916133) 5
(0,772.8255491146615) 5
(118.58624952149734,422.5415018860747) 1
(403.4873322444592,979.8497143702738) 6
(1000,78.3352849848884) 5
(520.9801108198338,1000) 8
(471.28357532340124,0) 4
(88.25826870043744,462.30029133059594) 7
(324.00311761341015,961.1152039241963) 5
(943.811126029672,967.4227305137829) 5
(1000,299.14735305837576) 1
(450.2686922076399,293.2124768854819) 5
(167.85617430572165,268.90733786398255) 3
(144.16692596989623,0) 3
(627.134861132994,0) 8
(642.0778117137703,360.7799277196116) 1
(531.1679437114249,865.7948091486351) 3
(505.2413743795544,567.6757065594791) 4
(923.6185270432173,434.0732596996747) 1
(0,755.3411006533764) 4
(457.15032375622417,933.1762061408032) 1
(908.5089040506061,0) 3
(510.5010607492706,708.0194033278623) 10
(867.7189626265814,384.08227317224413) 3
(477.1509106380115,915.1325500523611) 5
(194.30201106692226,673.4906385476354) 1
(923.8389805538642,547.760959777524) 3
(651.7379803096005,0) 5
(1000,962.1029843207336) 3
(401.7786307157071,0) 9
(791.5133814303837,560.4409774651302) 1
(522.8910724774628,581.1839938851103) 1
(375.18020886454724,797.0687971014625) 6
(1000,185.46270224935824) 3
(49.84375539261987,498.77599950691587) 10
(727.9633660334462,165.11165290444967) 8
(432.6190852731711,673.1215600320687) 7
(696.327133568751,840.0720320513674) 3
(119.15410327577433,725.2024676220948) 4
(672.319801361645,858.3102505520816) 5
(23.294476529746703,0) 4
(156.28630191736988,800.0783022170187) 2
(48.92566096189796,496.5315049395314) 8
(0,377.3738326563516) 1
(450.55629955037733,404.54281279904797) 1
(732.7229091673319,354.1537487372068) 1
(838.9152678291075,912.2809240947213) 10
(568.7909295044228,286.3805898476858) 6
(416.26732394186416,398.36146596257913) 4
(207.30541340148045,675.1131969841786) 6
(554.2032259350719,262.7669855411141) 10
(845.7503275691906,239.02225808745453) 3
(478.74640648874214,435.08796587300236) 3
(58.1328434580455,1000) 8
(488.8280711546897,0) 1
(749.7330636523332,687.0781512743865) 2
(224.6728725841907,674.2956409311215) 6
(409.22111584485407,163.3940368064413) 10
(558.6500422518876,1000) 6
(736.4700336856248,945.736295857707) 6
(772.8659787091306,794.958589610626) 1
(130.0825342805819,741.4296447423449) 6
(374.1311075088853,635.6514756807445) 2
(277.69428630341645,564.092500606527) 6
