1000 1000
10
(0,0)
27 80
200
(874.6907889141017,925.1939151542692) 4
(100.97589422211684,0) 3
(145.50151995172973,779.6991084016702) 5
(240.63172065446912,766.3925758106493) 4
(479.9105334922289,575.0532570629164) 1
(781.9198701922887,560.811907861172) 7
(774.3526126887984,554.1131847905328) 8
(532.572502907854,764.5393396479416) 8
(212.7591965726927,721.0940077349192) 2
(960.4972404569943,78.6756795993553) 6
(473.0664214754686,88.36717849208435) 6
(257.96559684332965,882.33173694567) 8
(476.15619853878,205.97063392561176) 4
(778.2079480425828,504.6456846018486) 4
(1000,903.6891060362323) 5
(1000,433.77570821471363) 2
(179.9024889581977,312.84796110578947) 2
(416.2659803725762,0) 4
(235.26436055682655,0) 4
(429.4489986353827,28.610677246714886) 3
(714.3629741652445,626.3444777534619) 1
(0,543.9541364051564) 4
(395.0267063961564,908.3644882436668) 1
(336.4597873422582,374.6896364293323) 3
(614.2657780363854,403.50202587704456) 2
(958.1366099173297,17.114721531577118) 1
(152.60313245826507,435.23909844597665) 1
(451.58052221616657,0) 2
(249.40128654972062,787.3448846884964) 4
(441.8964359479686,618.1685258166269) 3
(1000,327.8032012091974) 2
(489.4181406711266,257.1257482740814) 8
(334.40388206582895,562.9155075081887) 10
(1000,564.9990982265912) 2
(839.498060935334,582.6819973137542) 5
(185.9563404088072,298.4962663047618) 9
(6.496382690017299,650.3246496660541) 1
(664.2546016152119,81.22997502904843) 4
(304.1535004131467,967.0673607332999) 7
(893.8325034409991,0) 9
(429.6821760526583,818.8002772552991) 1
(1000,0) 4
(250.73296663151095,480.8191939501554) 8
(54.45101537570417,0) 6
(353.7296790180759,480.1405361719542) 1
(678.6360591222558,0) 3
(857.3312466656491,1000) 5
(281.93064015037834,666.1312354823942) 1
(559.7411600065789,371.92556562726105) 3
(819.4171809313714,829.2689211754264) 4
(808.3730706124212,782.6505687400081) 4
(601.9629550139097,827.1905346419419) 4
(890.8800561209041,484.54107611964037) 10
(1000,294.37547835750667) 7
(182.4201209280895,0) 1
(380.4822705291715,598.9320102666952) 5
(1000,367.32326504329876) 6
(528.9637665941947,353.3256164003598) 3
(282.606292785279,153.45955780332298) 10
(0,304.65805393824076) 8
(309.1714187253626,910.5693692689784) 3
(638.1337854522715,289.77378354755695) 7
(817.3658301988121,739.8145162201747) 2
(0,0) 6
(511.50716139211573,135.83162492712734) 5
(0,609.9545026845548) 1
(466.6557448314839,537.1961603478525) 3
(322.2190222246545,567.4541046034046) 2
(248.07196866944352,599.160344337254) 1
(728.0999275182238,388.7811462544429) 4
(681.905389059857,920.8527551966788) 1
(849.3804737055832,534.0298535609548) 3
(571.6693575089963,1000) 5
(581.7933680309604,0) 1
(117.40788360938507,558.490483622217) 2
(325.7255237968358,343.3026938601888) 3
(522.7601788500756,699.0200245320882) 1
(323.24262375482795,234.22227856285434) 1
(559.2704005578621,515.3734519326696) 6
(1000,812.6179071156312) 2
(745.3051240132838,602.2679930939992) 5
(910.8372330054606,257.920326951638) 6
(750.8851822804634,1000) 3
(504.3919427443333,611.4820619636793) 6
(338.7720058711102,508.173820151313) 2
(1000,459.9171986578263) 10
(487.9242403557514,405.0190393999563) 6
(103.67619775071563,368.18258947824506) 2
(593.9368363057845,217.5998727750528) 2
(585.7657241061688,159.43931212745713) 10
(822.8089525838741,252.71184645869698) 6
(435.7440937174557,280.0523844116636) 1
(680.6055381865453,0) 8
(875.769077336608,881.0790970044859) 10
(637.4336720754959,273.8242895970802) 3
(840.5116032574263,222.98197713813943) 4
(386.8500747394512,532.6994737598096) 1
(664.0941708533378,179.80732767060937) 5
(620.5076738078347,263.4935616992288) 4
(0,819.8358491079784) 4
(260.92460380063767,142.8034081464417) 1
(175.21059880931574,902.9687971396162) 4
(201.10243090766943,214.49801660099666) 2
(745.4246453733265,624.9156165249021) 2
(578.4656138362011,951.7035117059145) 5
(450.36616028598706,810.9126340103061) 7
(334.34720594597985,349.7795652325934) 4
(223.6446777184508,760.2783559888874) 6
(1000,842.9690063277482) 3
(1000,271.77100662761734) 5
(533.3449073029094,570.2008260189812) 1
(267.3466849303694,175.9231571276689) 1
(645.1714698699678,850.9884056917492) 9
(670.3611814527868,712.171892684014) 10
(804.4920536382133,854.5140796169394) 1
(677.5894065482843,436.6124605951278) 8
(700.8618599818687,273.1155345914131) 3
(431.2897470989973,719.3443634889688) 3
(398.28186510808143,1000) 7
(1000,199.1841046298935) 1
(680.2583325188547,0) 4
(854.8963060846071,428.4737301642151) 7
(445.2749667474998,278.70939568861047) 1
(0,684.4673749809062) 10
(995.6200755063244,194.61213037131716) 2
(1000,466.9605331045323) 6
(763.1161625480005,0) 3
(370.24446833700244,420.7655901218973) 3
(222.3727644577088,712.6046718242343) 2
(420.93834014198563,475.3432953470759) 4
(506.82016458897084,769.9346145074273) 7
(55.555620140656345,0) 6
(80.77514911356133,476.31324038827154) 1
(159.5918032273887,1000) 5
(696.4551789080484,503.43023759640823) 5
(1000,766.0760056927065) 5
(150.45779390611813,1000) 5
(224.57606163788768,808.6243489005712) 1
(798.3087045362349,1000) 1
(326.34257703384617,389.00744827808785) 5
(417.4757775942449,347.5363746126622) 1
(727.3741767341116,967.3966277323002) 3
(591.4362151808668,403.1735064017505) 4
(385.46750776457174,374.2667371284193) 6
(198.92444765985408,166.34312919521534) 9
(979.4685864411679,480.00493258441094) 1
(876.1200018876137,0) 5
(626.8233348618513,0) 4
(531.6349453642048,303.20715675517135) 1
(622.6423625469972,55.047607849339045) 3
(510.38812091402133,352.785075049414) 3
(761.0121781572229,257.9063466234368) 4
(325.84248251466454,337.51617154241364) 1
(320.82196656833133,1000) 4
(482.1604258820544,408.80506794342347) 4
(557.9612351654661,380.0718123147911) 2
(763.9856546935705,0) 3
(0,820.9647325373727) 7
(166.40242024465334,177.96009884735412) 7
(837.5604111432127,372.1804656810523) 2
(228.0954504188083,250.45634193907827) 4
(741.4732128800566,0) 7
(188.75322272888712,549.0221082658768) 6
(1000,934.2797659682267) 10
(131.98902786421388,628.3962466856914) 3
(4.8520650125590805,176.48916278930983) 1
(542.2228622328148,1000) 3
(69.37333857765509,328.2714154845671) 10
(1000,289.77267148693466) 3
(181.7742288102711,772.887566522191) 5
(607.1539583413542,672.0318084502168) 5
(823.5125941946492,566.8186255607349) 7
(813.793880958694,449.24893007230435) 10
(518.7713077662518,484.55719358774786) 7
(250.7507257791496,359.19861096870784) 1
(950.5379869935196,559.0683361485508) 4
(478.2785891058102,178.13819949743674) 1
(1000,579.5272063567459) 3
(374.2410996219022,1000) 2
(857.8162702450593,454.2184798593176) 6
(1000,525.1747296823461) 8
(630.6715493969546,307.1625184441382) 3
(662.3226012381562,731.373272948833) 1
(429.1498425568766,638.6291757218826) 3
(380.6393135427796,390.3219797545464) 2
(613.2999203527021,532.2067005026711) 6
(579.6211388124284,570.417514986674) 3
(567.0943278528046,158.16608128062472) 3
(349.9199866217623,515.3585299108393) 1
(710.754853400118,944.3143084953258) 5
(587.8211645336073,873.3957757990152) 1
(119.87942711378986,597.4664718984827) 3
(754.7792927526704,386.8444223904611) 9
(851.5966443285959,409.74913579463447) 7
(399.66744719012996,860.1834591892961) 1
(79.31355584313604,466.83053174323135) 6
(927.3134503689112,729.3441469194128) 7
(825.5522545532306,635.9172553785609) 3
(1000,673.2898139516867) 1
(0,938.5066611517068) 5
