1000 1000
10
(0,0)
27 80
200
(625.1442638165433,961.9089630429125) 9
(304.311328387419,465.90408517399084) 3
(589.2025012346506,196.26542654337413) 2
(302.26820778686726,0) 6
(665.1000169293651,68.49634480545939) 5
(337.459837301495,791.9762047717645) 4
(906.2909480122447,162.91174822226827) 9
(665.5063731508022,755.4158714888026) 3
(299.65930484947205,722.1377256533463) 5
(480.06814668832754,265.40308654420414) 4
(529.1021256224237,90.47905307374583) 2
(629.419226791677,541.5838048291735) 4
(288.78016578207746,554.7460885441268) 5
(447.45924834593507,783.8400793795809) 9
(656.8080286433049,724.1537035058493) 8
(602.1340117701516,165.19546431323232) 7
(0,381.6503006781512) 1
(1000,0) 3
(0,529.3450232636617) 3
(362.0328623550369,735.4242671132716) 2
(258.31088001595424,965.8820450757923) 8
(846.1613435304258,586.4896624243132) 5
(0,1000) 1
(689.7610808759966,112.68039436356071) 5
(632.123690999674,507.5065026455673) 5
(0,617.6879003479537) 3
(488.1126616170353,656.6520043318967) 7
(244.6382933699702,694.8662838913332) 2
(0,314.8615106805153) 1
(989.0690760893016,248.47300970554258) 2
(126.31126669397617,1000) 4
(507.495090743904,336.4856492533287) 1
(1000,256.58125526222017) 1
(433.910757217574,506.90487031866985) 5
(92.18758243967659,348.36038170557686) 2
(0,994.5705778938938) 10
(142.47938574441645,273.01033592322847) 7
(950.2420797937879,683.0437902883616) 9
(597.6320673441155,516.8375922549701) 5
(741.1268558402307,549.0279305368625) 9
(234.85659128011872,467.5111051744142) 2
(533.9141141730464,582.8436998634476) 4
(1000,413.3323831423698) 2
(536.4455627986192,918.169440678096) 3
(0,673.0608834445889) 1
(496.339455144651,0) 1
(187.56423275683062,701.5276297945512) 1
(0,765.3649839943263) 6
(473.12185235996185,503.235693433886) 1
(838.4960779340388,858.4722540310466) 5
(443.004081266866,592.526763794053) 1
(156.44176360429896,911.9996270590395) 3
(488.781675406714,128.3833366210236) 2
(1000,452.0173406500275) 5
(860.6028277054306,1000) 2
(432.32416453474343,705.3523051071368) 1
(0,935.8168114515026) 8
(688.2454945256786,303.7520897738378) 3
(234.64737195852155,456.64421118426975) 5
(221.64219583129278,824.0123875588318) 3
(97.17892673937394,0) 6
(553.6283652732774,902.4370757563734) 8
(707.8049479247642,547.4985489003827) 4
(634.6300752181452,968.3614144764955) 6
(766.7074930906572,551.3621861808926) 8
(289.8350685242757,124.24490285820985) 5
(435.721675881364,150.58529259236366) 2
(299.94982348154605,668.9980359656926) 10
(509.48109975859757,327.5000627992093) 10
(402.70029494670314,584.9569119487109) 6
(619.1708579762483,297.9013952781237) 5
(315.74708860081034,407.1874396158563) 8
(55.9351500245744,392.1849416762931) 4
(425.60342706030167,892.8083850281616) 10
(792.0601627240264,783.1975882376375) 6
(430.91784742187906,612.7645402181322) 3
(451.69761243405014,698.0941891148979) 1
(446.40847093211624,1000) 8
(539.2344188206567,610.3644886768051) 4
(425.8896114349531,98.93272091641956) 3
(466.6894918021188,447.7706079926624) 1
(963.809283784716,1000) 1
(0,84.71206101335616) 1
(338.39088166986744,0) 5
(478.73358762891684,501.63749417830707) 1
(170.6077554826391,891.9955816418002) 3
(244.97621031851895,1000) 5
(414.72799204087323,784.1676350002185) 1
(262.83086283418993,334.6882282290721) 4
(653.2918505115781,677.2094995290086) 4
(333.14127634986335,712.2520614723) 10
(781.1833460671653,596.0412636466173) 1
(406.87450107277283,338.95410035866934) 5
(0,741.4602560190867) 4
(783.6908982391234,50.2240633438289) 7
(1000,37.108541234681695) 1
(470.51726183166136,946.8497673802674) 9
(806.6689487061747,202.0603382752406) 3
(568.6769330548368,545.3524267297742) 4
(1000,395.34818980319477) 10
(697.5438809183336,242.3684130754616) 3
(530.2723918318661,0) 5
(86.47756612676335,1000) 1
(181.5175772665297,617.0652006940868) 7
(856.7761514464903,175.03565475492792) 5
(61.169877462793465,134.0449385719378) 2
(937.2521448886705,132.11493820171256) 9
(390.39849502799257,248.7419066879877) 3
(14.32011727192031,345.4461218945638) 5
(459.8846936211668,0) 5
(345.4510045546691,449.62330529327136) 7
(112.16135828289765,303.1971750495576) 4
(0,441.4077225902954) 1
(144.90920257122542,314.2082306314278) 1
(785.5906591222148,663.3622674384208) 1
(807.0398342095962,757.2293811821916) 5
(740.8138877123505,646.7438366448399) 5
(530.1430302331806,760.5281559646119) 2
(344.0494212985087,815.6038718557154) 4
(0,723.861201484738) 5
(484.44577619820797,625.768047155016) 2
(596.1717821234105,1000) 10
(418.02578520637184,324.8359290771216) 7
(433.6736606762796,550.1193592728687) 8
(131.75659251512866,477.0672089505956) 9
(638.1937263197613,743.4136972839061) 2
(279.7476920591917,281.15298699320545) 2
(365.11979168339633,504.60607000638714) 4
(35.001551871398135,336.15799592846497) 6
(520.9581256326265,998.2928045045251) 2
(570.925569594131,581.5000482367705) 6
(279.865917163374,171.84163923898313) 6
(630.5530373934569,263.9199860659072) 7
(223.83625958254527,726.2474809450418) 10
(803.359685189876,614.1107372367637) 4
(961.3631882313878,292.4546323796892) 7
(0,353.33866931879885) 4
(648.9304969661292,329.17750304676497) 7
(611.9367504549369,131.5299626339488) 8
(892.8027567019732,933.1135803329128) 4
(543.4938944187419,299.41903950247183) 4
(300.03202091036474,1000) 4
(720.4681263586602,765.9492695943866) 1
(641.0441995293133,708.5619949706778) 7
(478.17205127780875,450.79720040904465) 2
(665.019118579272,427.1921864807067) 4
(618.5462644466583,90.14141711851676) 3
(489.43870806640933,328.1329023804808) 8
(766.4309517269872,788.8165809863301) 1
(363.7988860669793,144.4532281931917) 1
(686.9023321957682,166.50907574855393) 8
(852.6475680910446,532.0105876600942) 8
(376.98812091502623,586.9463476790424) 10
(577.8721227823313,348.7325726522869) 4
(340.4344324334005,759.1316428535774) 1
(265.13323051670744,604.4759187236848) 4
(961.5239704091381,253.44833142553463) 1
(687.9763161194815,0) 3
(1000,24.659276558153067) 10
(381.3974380341264,757.6828769992431) 10
(773.8170403034055,175.74269699840528) 3
(850.0117672434067,451.7182614330814) 4
(578.7063864815996,0) 3
(625.5239831643642,660.8850402454389) 6
(789.0300096340928,338.9162919303212) 1
(485.33639876180257,850.3687983607049) 10
(734.6452166178489,496.94877209608535) 2
(66.55784851249427,375.4008103551317) 10
(829.6984504091479,606.6702305295198) 2
(108.41754141656833,815.0143589909198) 1
(95.52383233752442,451.35056048477526) 2
(1000,631.6929766918645) 8
(785.492556729198,14.243589477336627) 4
(1000,498.4269755574288) 7
(899.9139629509925,160.47012901151925) 6
(977.9245815228841,262.7534949476134) 1
(852.5080416155203,192.59632291486065) 6
(596.1196934167602,465.5289178181424) 7
(80.49793534454301,107.15406850242283) 1
(729.1298693576803,452.41862908408154) 4
(1000,371.0913372866195) 2
(167.56511884429023,464.48599845314664) 2
(421.13821844111925,340.2436400018008) 1
(405.6695345103756,1000) 3
(162.0137588858767,364.06446506320395) 6
(948.0703385298257,0) 5
(514.5728510688317,1000) 6
(87.3141960835494,1000) 6
(240.1818682330388,697.7411283681336) 5
(656.8249328273744,0) 5
(579.38636077082,329.7406057067566) 1
(0,899.5736489780617) 4
(141.38712896487823,793.6659703347739) 2
(240.01300136553164,486.1743658495598) 7
(1000,574.9717598157933) 7
(125.19195518164912,691.7629852348725) 2
(352.6061197039555,186.85857162852034) 2
(509.4924422147395,1000) 3
(697.823846888439,737.2929539267273) 1
(461.7078599842962,226.2576295551479) 4
