1000 1000
10
(0,0)
27 80
200
(610.791628341072,1000) 4
(628.0080694537493,594.3746787714756) 8
(770.6125900113211,788.152294991623) 4
(672.8171954175277,282.2320140936143) 10
(259.76616326180107,23.231386234678496) 9
(889.3466839803475,460.6671827340108) 4
(970.0329850449207,369.37224948225105) 2
(488.65080133412715,0) 8
(570.43314266691,638.7442112246182) 1
(250.1857915500964,285.9658477102367) 1
(469.1172368326764,486.5110095089519) 6
(569.7606211455246,376.9877914989271) 4
(963.3249493832341,304.3429365380696) 4
(350.07862787313036,143.8286348733517) 1
(0,503.682282266626) 1
(308.25759173469294,196.70460088886318) 3
(243.20749556276388,564.9642761947149) 5
(1000,323.604338253619) 1
(470.1247006709782,1000) 4
(207.95405652301673,82.82641913749723) 4
(0,145.8994462104489) 2
(454.0937439064282,353.62792717063604) 1
(121.05143121291695,410.870125438894) 5
(395.8463723556366,0) 6
(297.79048979123945,474.7025093928488) 1
(307.07400012076266,401.59114695299604) 2
(880.7194095933963,51.346827112922085) 5
(439.7337119861067,693.4303147363707) 1
(710.5650926130334,332.65396693277387) 3
(470.2535809232288,0) 3
(1000,285.2500705200663) 2
(298.3568572485117,618.7145000101306) 2
(117.87277332996496,103.37980667851076) 10
(456.5767053473375,386.4459506774375) 2
(310.2195308734686,314.8270843725377) 6
(99.90053724776993,426.9196507898175) 5
(824.8980194047533,1000) 6
(574.5882186710978,1000) 2
(693.7832116877631,454.72060607343207) 2
(843.3868751946609,1000) 3
(608.0536676026618,385.1043423324032) 8
(917.8104384479168,326.24912087535597) 7
(177.84809521990292,273.89108061391903) 4
(193.29379676206412,587.0375703159845) 5
(190.76765614758665,634.9132171862063) 4
(0,517.5302403710311) 7
(526.9607929654537,1000) 1
(485.2167624656573,683.2984526726186) 2
(217.34803603956783,444.87345535927545) 9
(0,695.0106234990442) 4
(358.2317152312936,888.0379129627697) 5
(502.84330204103213,413.19482542233595) 7
(1000,716.5803784852454) 1
(336.86146648571946,955.4375078814113) 2
(595.3839508005569,734.8712636114478) 9
(355.6855223923091,182.95102608212284) 9
(390.18822886538055,634.6997735960568) 1
(446.7041796478686,159.51790925336712) 3
(0,318.01722831125676) 1
(264.7800606958556,153.20088995886175) 3
(187.04578802154663,645.8293644126147) 9
(357.35246157577683,150.75741176000741) 2
(589.4547181395485,1000) 6
(232.08520342573803,261.01632665002523) 4
(607.4062553972566,509.5106954053018) 7
(641.3467475568361,405.2070573821028) 1
(534.8210085090698,83.22048205147166) 3
(705.596732306071,978.6865122192801) 2
(393.73073596411905,589.8538163070737) 8
(460.3458054231372,280.5006904378938) 6
(473.23252946516624,259.78362040554805) 6
(988.8940202167252,473.9376298513811) 10
(488.4383079978246,530.5054715949392) 5
(611.4754916608928,346.6582303335773) 5
(559.0607365787213,520.0610512545438) 7
(712.7067747741735,321.3136995809865) 3
(815.8886077365021,151.14567093517832) 1
(86.0151092952097,311.2115785042532) 1
(456.20416086939866,10.757068561827055) 5
(542.6274784767836,733.5672415216288) 10
(846.8347248415625,852.8635107725149) 4
(380.5133441423717,750.4986132418773) 4
(972.3363662373872,162.49245754587196) 10
(922.2199719453635,0) 1
(558.5446442961329,314.39993683358915) 7
(768.9000448494689,741.8641803465428) 8
(478.9524804957443,644.1664188326467) 4
(113.15398291140536,0) 6
(577.3889695187655,734.064975296282) 10
(592.1446934614914,675.3072519893403) 3
(131.71869575404122,548.290194812902) 3
(880.8355294246905,417.2094058564105) 4
(944.4390796192947,465.2956168218529) 4
(516.9401282989537,551.1979962943981) 7
(1000,114.51126528017949) 8
(441.48198245469916,242.42224372302627) 9
(375.2108820670669,743.2988475791952) 4
(535.9275169542732,443.67973389103145) 1
(96.7818298754458,0) 9
(616.6103975840412,1000) 9
(854.7707763336484,331.67487246350026) 6
(430.6402598527647,1000) 3
(191.3736790691528,451.02082116673176) 5
(492.9128449804578,315.5687264271536) 3
(509.03125553661596,694.8555088540954) 4
(866.9646139091149,868.1148909305678) 10
(0,545.5006904397378) 2
(311.1629808802321,534.2633871650365) 2
(619.0220397850776,0) 2
(470.2833515288197,0) 3
(953.2452368153104,634.9627423445738) 9
(168.0739900831855,401.6081054615686) 3
(488.5887278222584,341.56284138343926) 2
(1000,515.4561747172147) 5
(87.59526043107621,486.95424684750503) 1
(245.7960666355056,0) 3
(511.90732882959765,0) 6
(607.6214780985393,648.1672552026133) 9
(932.4460631250132,605.3600759522205) 6
(113.46666018574905,548.6163097047316) 1
(564.2961697199532,1000) 4
(546.958754734134,64.20714152766305) 1
(379.6585393258041,466.76178373312257) 8
(125.91762095515969,633.9861442620174) 10
(507.8903331835407,315.5874147277515) 1
(827.6567026323813,0) 4
(737.3691237092569,363.8755108338861) 3
(225.17192298165776,1000) 9
(411.6819579967927,873.6666448331267) 9
(66.19606325138784,350.2801621382471) 6
(608.7651692497872,466.7276660106022) 1
(0,179.73213589955276) 3
(564.5842543774147,539.7590568960088) 6
(233.6837884270505,811.4299283371787) 8
(20.529831250468305,137.4666723452318) 10
(353.8651648754982,262.876027043887) 8
(274.2801859228124,0) 6
(579.2642083252239,437.7411369620831) 4
(748.9891264817029,549.2354789923213) 4
(322.2468454141706,518.5520229139291) 1
(1000,550.1175700981241) 4
(328.96964679842836,113.55285835255125) 6
(233.95384993687236,681.6881308594434) 8
(328.1239995511878,337.9966874990896) 3
(1000,580.9219737934798) 1
(701.8073711919056,0) 10
(448.0413131105329,331.5162077685981) 4
(714.4583971081175,465.7013766545199) 3
(176.9408004982297,145.0735849003109) 8
(843.8595453840992,896.7311724312619) 3
(690.7413549003534,448.22481386520576) 4
(515.0731111615465,267.0186942954077) 2
(628.066050409029,980.0058702679635) 5
(428.90584012987995,444.7313877487718) 4
(25.971895528641312,0) 5
(475.3800844742227,416.80933530388796) 10
(652.4305116993846,302.0109600560176) 4
(609.8303741238177,165.460495513358) 6
(470.3158758311875,382.12950184266026) 6
(1000,251.51293432085762) 5
(281.0319584909174,159.66471432013634) 4
(771.3565267369738,689.6031113681239) 10
(369.70637815148643,625.8780429778432) 8
(398.6317658688434,318.53637333016957) 4
(195.6790441098458,154.21552867123546) 10
(829.7648206041715,484.63894927364214) 2
(331.71513289963417,864.5941662403454) 5
(942.8042607173006,863.0831684202426) 6
(622.2235451545022,427.12574728643017) 2
(0,106.6134376240118) 1
(673.4557424430905,987.830431048473) 7
(440.86819457529106,871.7484357893288) 4
(1000,300.6679622955543) 7
(451.6100385108209,816.5224284672041) 5
(857.1720321118099,687.8708143840244) 10
(72.58154825118743,275.3593945756645) 1
(331.9465481846035,531.2975060307342) 1
(600.2554396742228,934.8877166622133) 2
(889.8656465532047,393.18154889483026) 3
(208.09530896242802,414.08472656807123) 4
(322.2886487951765,423.6766984922804) 1
(848.4910516732587,937.9828093773715) 1
(355.03627719704684,362.2177542621402) 10
(42.83510119438819,469.18746904254743) 10
(456.4537851094604,398.04977614208144) 2
(582.7997726793568,0) 4
(51.29924551128738,393.41450376475933) 5
(1000,0) 4
(700.2941722282045,201.41603095916668) 10
(415.8035469371642,0) 4
(1000,739.893271928073) 1
(166.91158525136098,977.3521166349749) 10
(754.9736850933989,1000) 8
(856.8298607533497,1000) 1
(638.7993864703783,941.8964589963667) 4
(0,610.3831919051659) 3
(192.19717776426734,265.34441215232357) 5
(276.0782994717026,1000) 5
(644.0136110000662,820.1540529568217) 7
(649.7841431671247,503.186507965871) 4
