1000 1000
10
(0,0)
27 80
200
(660.4700357304503,462.70179590536804) 7
(288.91862829711886,571.7962043445148) 2
(0,734.5703563470651) 6
(0,688.4250571894413) 2
(348.0206470792146,447.64498976215623) 5
(1000,277.3395206997893) 7
(0,553.2387896883688) 1
(312.8149600695118,851.7320117418044) 10
(560.6611151368004,774.1235233489731) 1
(254.08718990266874,86.61117673803517) 1
(725.6961127071497,318.09103852811114) 7
(700.2732982654638,191.2223176171296) 3
(328.3966905262562,0) 3
(902.0569458872224,420.2790567905112) 5
(1000,460.32926250937624) 2
(809.6252950352114,0) 4
(434.8632418755284,768.5061143064099) 1
(439.548224603771,339.2495647670485) 5
(243.01338370976248,620.5272030754322) 6
(653.5109656308366,426.590112035641) 4
(262.6576616096502,0) 4
(0,872.4204152342882) 9
(29.74913049342888,207.98326209560577) 10
(340.3934986539199,122.03798291015221) 5
(514.2662915649819,265.56330269151783) 3
(541.6860713125964,166.24789436887056) 8
(286.4543833135901,657.5537396634362) 5
(174.38422340441144,949.8200886080369) 9
(762.5293216227781,785.0034271436496) 1
(683.3598827945269,497.1565905697456) 4
(1.9920053688925918,205.1234946024424) 3
(441.03061483981094,927.095661551333) 3
(70.68446726966243,926.7538262553439) 1
(318.37731484889883,827.7912895084919) 3
(1000,217.56197108537208) 7
(926.1617574384571,151.04813743576204) 5
(317.4117968871195,552.5938750094012) 5
(531.6398838309653,288.80834643886055) 6
(756.3900921478898,323.50291846310313) 7
(829.0198366623559,197.9903011617888) 5
(570.1672696209426,196.72979492675898) 6
(471.90434483554884,800.4734206453138) 5
(967.3114396420523,18.221364064958834) 5
(179.5163132730014,116.96398232692474) 4
(258.9543477049614,612.1733353384542) 4
(0,491.9304065966518) 2
(371.97926644537523,0) 2
(830.5418421197405,367.31714919049114) 4
(294.4887512241569,592.9746088367699) 9
(643.2672730609188,780.79329250058) 3
(135.34044113880333,0) 2
(470.84910999658365,517.2519442307703) 1
(219.1518029427594,496.2018802453049) 6
(466.5774413312844,732.0360604454695) 3
(0,565.3424307368698) 7
(796.633173298675,1000) 1
(0,413.8735456977645) 1
(759.702834727414,42.399881105854035) 5
(0,603.6947358247462) 3
(490.26273794941676,836.2620366287031) 6
(688.4565297314426,646.0495085833473) 6
(131.2740823149196,354.3608663957291) 3
(689.6644783987806,765.4043461563831) 1
(0,698.2835223601057) 10
(553.0066571380052,1000) 1
(357.32161216065504,247.71402846019564) 7
(239.1980690447246,0) 2
(562.058792565468,749.6204260834438) 7
(579.9386097331037,114.01575957753937) 8
(414.9755817590566,0) 10
(330.80497696773443,787.0161306090467) 2
(93.54079206607565,918.6736713028899) 2
(150.58173847114335,861.8398926752411) 4
(1000,1000) 7
(477.67417781708394,36.73354937631001) 7
(881.5200179306039,69.42116911170609) 9
(473.31808119721154,969.2116068580965) 10
(721.839920321384,300.71258190129385) 5
(191.46620644295916,422.196290841495) 4
(818.6585205871044,672.6383817865943) 8
(593.8275096926947,513.8564621048516) 1
(476.9676945179838,397.50293546367004) 6
(147.87846563745063,503.4555499086311) 2
(914.874092311977,583.7758600853451) 4
(227.6895686079959,0) 1
(631.3189609646279,530.3545191074002) 1
(251.12880495577534,654.912447983711) 2
(239.23654282275515,773.4127493498534) 5
(449.6570780590587,1000) 5
(194.46055173209606,314.9440752008569) 6
(842.8659063415944,334.9686229053825) 1
(466.01145527063255,279.84324815190075) 3
(610.0036475762454,45.520871840770326) 10
(627.7783440150672,521.7413684357724) 5
(650.9340193353073,460.1414988018224) 9
(639.036313811043,1000) 10
(321.72993447579074,122.97782512178378) 1
(387.31258454125714,317.08738097019557) 4
(470.6050906078926,542.967430567353) 10
(1000,589.3281687380327) 4
(283.75137955822277,569.349106064203) 4
(703.9651219435891,439.56822769404283) 9
(307.6627513475547,284.0892153864038) 6
(843.9830124528512,275.8714416703607) 1
(381.9519079746534,599.62801594401) 2
(116.15618418559956,0) 1
(518.1504431968029,0) 3
(454.03241386716934,740.8922699733336) 10
(258.97279956828106,637.3775094680259) 9
(624.7948249504377,727.537964723851) 4
(823.3193301259821,60.50737242846009) 3
(6.584751435603266,177.10698311467343) 8
(134.24029136932734,389.4051884350485) 5
(280.9734856823492,695.7189203493132) 5
(678.5771646070025,217.62131903021844) 9
(440.59504013576884,158.8503416053415) 6
(364.8063548712498,534.186104203753) 2
(1000,400.7498425050027) 1
(876.453419711368,156.4748893805887) 4
(620.8221226241344,850.4353758665469) 10
(654.8063702538195,253.13335963510193) 6
(312.827759542826,643.9198916844124) 6
(207.0912383184821,253.83171021099142) 5
(268.65234743375174,351.17068241290883) 6
(354.6615144457536,616.4256470133415) 4
(965.2647043016898,401.62520955632783) 5
(325.32766534461985,614.1622755160406) 1
(96.33072618021669,235.51584134202574) 10
(1000,635.3447808121299) 5
(848.6935429227944,439.1248055149286) 2
(778.8358619036748,275.71760154108614) 4
(361.07851770116355,131.47666292556016) 10
(332.98525991191013,547.6626138503791) 5
(135.54300728337654,602.7060589237) 5
(643.891291757522,743.6180916868327) 4
(0,262.1402212581337) 6
(0,1000) 5
(309.9020013576936,2.222197717418794) 4
(554.9181099991913,300.92683088135664) 5
(413.22776451691936,158.76257814478282) 3
(299.7535834260443,207.2229765917067) 5
(205.38101886403803,244.9602968476273) 5
(132.15169413248861,702.189404491673) 10
(902.3719287009393,882.6361384975826) 2
(1000,245.70370503522037) 2
(717.5299144441611,311.7387145065294) 5
(530.3858297731447,697.5326482775345) 1
(0,488.30734579500916) 3
(0,477.9014015273538) 9
(941.5068405892708,539.7153930107705) 7
(579.4413229351662,768.2365890690862) 1
(267.43215670667007,5.922184137812849) 5
(547.935882232098,482.3141287758532) 4
(135.9109948508779,177.40150884224386) 8
(745.5930764703344,89.19546878630439) 5
(872.6613951831466,442.06601601598504) 2
(236.02414892350475,46.27053828431599) 5
(458.2191602608086,633.403769485578) 1
(228.19829735069334,1000) 5
(643.9671601564769,497.90587732251714) 3
(0,628.0707314646994) 5
(939.0206534065605,222.46939871768802) 2
(187.41963210041183,159.52329014140093) 5
(700.2748942601612,621.3263973820672) 4
(389.66805940116103,0) 3
(777.9009676459495,872.5801100047297) 1
(187.5756813256914,434.1127960001508) 1
(278.73379185231545,466.46303093835434) 1
(897.523804637697,97.00067695822707) 10
(616.5127132909295,894.6693512023364) 5
(328.6005231945731,13.338600538904757) 8
(469.6158460269508,782.6794084982648) 6
(496.9494518666226,774.4663818748542) 4
(53.22029599220605,314.8425249216949) 5
(418.75476621185226,905.9048389179197) 2
(304.00574783119976,256.1909542745892) 1
(645.1103248852564,790.8361623734389) 1
(125.94342433994319,659.0473725854858) 2
(483.01234638667273,560.1946695057591) 10
(685.9039556291152,851.2196927331836) 6
(318.99809674029586,184.01921140013184) 3
(717.1147073339213,520.7857753213051) 3
(0,0.878977234450133) 1
(565.9643228256689,813.2914363347472) 4
(684.3848913340652,461.9834820062115) 5
(562.6505509653906,807.726101692899) 4
(194.52174521639915,488.4653615267065) 8
(959.1184517704933,1000) 1
(539.6512376674841,260.19552611787356) 1
(207.38682335252992,261.79108849154466) 2
(550.9314073193465,313.7963073230426) 6
(101.42697877335905,670.5621783672849) 7
(482.5370245058078,622.1177139424384) 5
(853.2519694398364,641.0167662888258) 2
(37.901227771873266,670.032533423307) 5
(642.0142254604286,707.1131759151991) 6
(343.22141774414894,607.0582977542075) 7
(493.931665674037,452.4485101585498) 4
(460.6475812117118,804.8407764525723) 7
(797.4517905161148,259.21491355096293) 6
