1000 1000
10
(0,0)
27 80
200
(470.82376500535116,332.36699859662144) 4
(216.28450243636843,404.6190637707402) 10
(413.7822833461244,266.08193766663203) 7
(323.62155430547034,121.99242161082185) 7
(240.7319783026403,659.7375725434425) 3
(606.3128876553818,513.8151171064588) 1
(740.5956294944748,1000) 5
(112.59270233676449,304.7072766728244) 7
(406.80542210884704,539.2973522039916) 5
(651.0101168119544,382.38461164293744) 4
(1000,645.6978552548474) 4
(583.1406664156129,111.15487391427314) 4
(553.5018247541021,657.1224728161194) 2
(597.7572719086354,1000) 1
(844.7627265122399,508.65362983953986) 2
(34.21714722819888,31.350420260991484) 8
(321.1898311352419,182.10519366152653) 7
(697.2231654063306,539.7006405522446) 3
(0,525.5896195439167) 2
(1000,644.9878221328113) 1
(520.5272225752323,466.8362963999434) 7
(644.7816455909731,925.6251844329897) 8
(216.75203320622967,184.15096703342488) 5
(407.11971867429645,656.324113762332) 5
(672.6179113745966,211.64649753013583) 1
(1000,647.7053728292262) 5
(362.1178144511389,149.0353884736968) 3
(384.28022737488345,606.183686865389) 5
(94.90977935700516,864.3153509554718) 1
(535.2331113523346,332.57713712298096) 10
(784.6161341873103,707.6754183947719) 1
(0,644.8029625247873) 5
(560.6479130245624,480.0774692202957) 4
(899.9025483826482,92.50098142959769) 3
(65.77479233920019,400.6014330786214) 3
(648.293392751442,789.2044100457558) 1
(799.8003896403299,145.75040454001032) 6
(599.2274616266401,71.75507510551631) 1
(12.310512260288988,0) 4
(0,948.5803522136578) 5
(636.247253703666,18.03166973200996) 4
(435.9803407544392,347.68042011678716) 9
(393.59876930135687,895.1352103374802) 10
(615.8807118459862,0) 1
(499.10799899372523,117.8776700120381) 4
(596.3147374192866,677.7725086960313) 10
(943.7670071803307,0) 6
(244.62352238745382,397.7856554032596) 2
(375.03396509726747,395.0097640520711) 7
(330.0785708576646,1000) 7
(229.2204324912575,686.1440705228446) 8
(568.4995768818085,224.22733591120834) 6
(710.3635343293203,1000) 6
(667.874540962125,274.5280711725153) 8
(614.8748535549071,889.785527320305) 6
(0,463.64677468942244) 2
(855.3259295260948,0) 4
(678.8601954608895,599.962517854551) 1
(1000,0) 8
(227.57831796067182,159.48031438898454) 4
(530.3616116767868,263.76277538753345) 10
(0,172.727363317759) 3
(0,733.5079955621853) 5
(394.6899938418354,507.52657426935144) 1
(231.93311756606516,1000) 1
(421.61007431922013,729.7650712474945) 6
(237.8776445290619,733.9373838664417) 4
(111.31473669602735,995.4034845957567) 3
(780.2131111759256,423.17685571290644) 4
(353.1371948327744,408.88431582909305) 9
(718.418128593574,184.29684557077206) 3
(466.13561780990904,387.31972324029255) 10
(530.7862034499665,811.9031856031268) 10
(285.79273345639353,0) 10
(0,810.3300925836368) 2
(476.37958871482743,685.1564012680449) 6
(965.9772052431831,832.980403477919) 1
(187.39351915617146,65.81865015894266) 4
(434.08614080471705,610.7286971455878) 3
(655.6500012729255,348.35347483232084) 3
(165.2569609996068,297.18667431612937) 1
(771.1363615507933,760.3943000294774) 1
(703.3035575442216,682.937058459742) 2
(820.698547750544,822.0363602502536) 8
(0,331.4655080567694) 3
(60.25913744032016,1000) 4
(559.044945881153,479.4181182525751) 6
(0,272.8064381230306) 1
(955.2793518754116,171.83021299477207) 2
(679.7328706869685,123.47330772761364) 1
(659.7785297079554,604.4302199410118) 3
(1000,573.4721889380049) 1
(26.580554373874236,271.19237531101965) 9
(968.49329995925,506.66809736995003) 6
(311.9529563189109,1000) 10
(118.3007960151341,0) 1
(554.0815167043137,573.4730620147898) 3
(245.88481758021084,903.0434389827763) 3
(560.9595735470843,263.6536139057914) 10
(350.71182861773684,560.7077658142874) 4
(747.4943982693231,519.3364705884492) 2
(224.551939373459,720.5402020987684) 1
(204.82267838435803,0) 1
(251.8813941671216,389.0408224709978) 5
(537.671863734393,474.47280460739915) 3
(457.56241947785344,642.3217807184509) 6
(1000,409.83091792887643) 6
(995.6929814466546,394.77435183195064) 10
(443.92102257959806,686.4738938140827) 5
(1000,695.4613037158613) 1
(128.7743344278049,531.0132520695824) 6
(384.82507565142987,0) 5
(406.80963236390477,693.8270976906797) 5
(620.7476517007917,968.2212983874535) 8
(690.0003604621527,908.8430429543428) 6
(145.3885843939059,1000) 4
(376.18413323281277,988.5584861101706) 9
(316.9193461255877,335.49677559485997) 7
(585.801632730728,338.3545829199613) 1
(804.2225646559302,428.05482272837094) 1
(225.99352141402323,841.9106847912245) 5
(415.372061322236,378.67414751175426) 3
(959.8057642962001,286.84782066609375) 3
(291.38368757530327,651.0890385771221) 4
(903.0125739279804,283.60273893523026) 6
(255.19293789788142,437.6076145044615) 1
(711.0413739219479,280.9406228013159) 3
(646.0254767579595,703.9636344847006) 1
(258.0324856060887,139.57981362886562) 1
(0.6904156910256916,1000) 5
(342.5099413224974,106.61103013022205) 1
(496.32840072880185,1000) 7
(946.8531866013861,250.0452906950665) 5
(404.2208818857276,0) 1
(771.2975230635436,549.5337583884217) 7
(792.7153965964837,728.4785860796579) 1
(888.8743855250129,941.620698767621) 3
(333.1613433593993,754.154108398729) 6
(554.1042245732797,974.0829085667817) 3
(0,8.765559711660956) 10
(644.554807952659,0) 6
(635.0667461607478,738.2497206292531) 8
(82.05169678945526,557.3202741843093) 4
(0,428.20378088127535) 8
(715.3267020921776,282.50300395181716) 5
(419.2583912801085,845.6326581915164) 8
(353.90818384920846,327.1494124664935) 3
(792.4398171498344,168.59858825453125) 4
(561.6707398411049,863.4910860097037) 7
(215.68860553672516,577.3474813170899) 6
(256.50319803486275,273.8239513919106) 6
(14.77455998155125,0) 3
(583.5505322540935,282.047778768267) 5
(568.4070787432571,258.73671165699443) 7
(500.10709486099546,439.2170040419072) 2
(285.906632216522,887.5547843864558) 7
(569.3046171023633,736.3384493739366) 7
(295.1324847518589,882.5936827307592) 6
(293.7148857818748,554.2126426915237) 1
(413.2025662978661,851.1869394014169) 5
(338.09216264847953,518.6023762531395) 7
(473.09386186025307,514.0432031101552) 1
(342.45164059969113,473.5736352160259) 5
(47.17159974555426,817.327251181403) 10
(880.3715358207621,0) 6
(833.454115436415,102.17598042034444) 7
(29.313044381849977,1000) 10
(929.5279764967393,184.75728248423934) 7
(784.7211725028849,596.0116080130063) 5
(909.9318429008802,384.14611854086917) 4
(923.6273221135934,28.891046016257405) 5
(668.3144947709845,859.6534498181384) 1
(541.9834362279109,971.0292053508205) 6
(212.09770936031777,153.48489941261937) 3
(837.147208263546,326.7903723746514) 8
(731.5106066762644,1000) 8
(724.5603209626354,928.4383964959878) 4
(690.3405398651215,191.9814882401402) 7
(504.8355000728845,637.9844954544362) 1
(60.39577738640975,523.6434760644532) 10
(229.90356331570894,717.1306334393364) 3
(208.58000131748423,85.48286283429559) 4
(581.9194665092781,363.7937503194559) 8
(774.923114922279,1000) 4
(519.1618997882615,754.6438783846534) 4
(856.7610899242491,205.21217862430564) 8
(769.7477362637378,1000) 6
(440.3348252367172,997.223622003442) 1
(674.8951043069195,0) 6
(784.8038127530285,476.06260812352076) 1
(0,649.1833347199529) 1
(282.5272518182746,495.0679085062767) 9
(382.4349715776055,900.7187494037075) 7
(94.27275845602668,308.5993684055298) 2
(584.1829400088601,463.9557030616339) 2
(1000,89.76703918503785) 5
(827.3492836836856,318.5036203400494) 4
(665.7277497851451,688.7344031138439) 2
(610.4565813634737,879.758014740583) 6
(376.2962003695761,790.1795351301903) 2
