1000 1000
10
(0,0)
27 80
200
(814.7930245083396,725.9062087110294) 4
(390.0133079758358,610.4669108760702) 6
(495.34451221810036,389.0735536006796) 8
(468.49361073156547,521.4194360487743) 7
(458.24191537779853,25.884057450750845) 2
(443.70948570715666,786.3469752456023) 2
(329.28573167323754,565.011662050923) 3
(369.5339392548573,337.91915503679047) 1
(261.94010119813,236.08983838259257) 4
(208.55719906254984,887.6411172790739) 4
(818.4902835829841,563.1953402244071) 4
(552.1110191952025,809.9250360574961) 5
(566.6049630188905,180.43761740624865) 2
(222.98841611488496,1000) 3
(524.9303902218553,268.8147969508392) 4
(524.9799293531947,408.0029650683723) 3
(933.2631052082132,419.00122428700934) 9
(1000,438.3724856707048) 2
(584.9603695219052,466.1190528859125) 5
(948.7049478302513,454.56463575862335) 1
(848.2881318708919,1000) 1
(816.7468399568688,0) 6
(38.48295113034288,329.63031030320013) 4
(0,290.6356587690019) 3
(1000,249.74369445950734) 5
(249.59611376514488,449.66215442749376) 4
(814.1251552439046,520.3264210843339) 8
(430.86921975289386,841.2578868032463) 4
(892.942650643707,651.26429299701) 9
(307.7844427456473,123.50538667977168) 4
(337.6946183666134,562.2512884298364) 7
(298.7312655866012,423.11684536651) 1
(933.6542906961565,688.2944625929631) 7
(157.67487616481088,643.8134004563574) 7
(695.8937638939077,70.1700623975305) 1
(154.43795051583697,420.328809659797) 5
(559.6606587998008,1000) 9
(625.0025642105014,21.965987441354628) 7
(0,0) 10
(202.39208291242477,172.41101328465885) 3
(1000,270.5273662796484) 2
(638.9025365564835,1000) 2
(645.9992286251801,483.9135307149739) 7
(480.9627321781008,984.7042334546201) 4
(371.8546131516548,594.7835233825494) 8
(85.22013127940102,712.4939864967134) 4
(273.5474047784148,393.23998471386665) 1
(1000,847.490848467587) 7
(408.5521329157016,910.3047342609608) 4
(225.9411647568723,774.8622185895986) 3
(669.1584928909579,949.5396685273358) 10
(365.88606502206994,920.3491853373238) 7
(102.82404222420502,138.9460107373344) 1
(186.8728808453447,593.6876323063502) 9
(1000,640.3051386145836) 6
(358.4085138861089,188.16162214811175) 1
(522.5044995759391,355.83904041345) 2
(0,808.8198394934512) 7
(194.49466084562118,1000) 8
(459.6297424999347,450.455438757142) 4
(23.29086678508611,539.233625327852) 6
(1000,562.1196579990309) 2
(0,14.652877393509414) 2
(168.14139650986624,0) 2
(209.97486229837114,557.1397288697455) 8
(694.4310066621878,496.5860584951012) 3
(630.454397230108,526.9241290575533) 5
(0,518.7483580546511) 7
(661.5602350506488,432.1553730210522) 9
(253.4124933434336,958.8565473222482) 3
(1000,745.6069843319794) 1
(916.9166585852922,833.2643440233479) 1
(302.204954234548,219.46116074773886) 5
(830.8606595648087,732.5622409342859) 1
(548.3216638798639,486.9863827201925) 5
(408.5739575212017,0) 7
(1000,765.8149856056434) 1
(284.60331843836826,965.5373554102705) 6
(154.41278970954835,444.872962991853) 9
(1000,2.5934890590121995) 1
(674.4947244902187,811.8686602886035) 3
(353.71512622569765,323.76554644026857) 10
(433.9158652006098,167.68394617468624) 7
(644.7496282780703,113.27064631945734) 3
(352.7287788079957,468.8292384425611) 1
(503.29881474539906,791.0307256867751) 2
(39.01591720895408,660.3638318612589) 5
(503.0913366015497,0) 1
(690.4557230558662,348.037577058085) 3
(547.2949539754139,928.590222301977) 1
(308.0710492404616,0) 4
(775.9474047975077,808.7911387755373) 7
(363.73756889461004,656.6569721601804) 7
(40.594091775080244,156.44268614653555) 10
(689.6516778744314,1000) 2
(553.4065310759977,913.5620432633162) 4
(615.9519127055403,533.7238604996741) 5
(69.60716526823666,762.5758506480288) 1
(246.90896420849168,54.26143084354027) 9
(448.48752601695804,74.91562058588835) 6
(669.795794884761,617.7995542789162) 4
(0,557.9411373872078) 7
(160.15076159428685,776.7617970104548) 6
(879.9592425841188,135.17546212820622) 7
(398.99109865218395,127.61001606212756) 1
(595.1833930599495,588.6889015181483) 1
(1000,533.1679635599838) 3
(1000,0) 8
(730.4532841951989,567.0396181072946) 3
(408.3523903247448,877.5163732958804) 6
(60.50881310337087,715.0852781551969) 1
(304.9483752345228,405.5886038600506) 6
(225.94713046700747,406.4805799216896) 2
(1000,411.7065858033555) 8
(416.6114103608022,772.9347941813519) 3
(290.59657144033633,141.48808952017538) 5
(358.6366165593831,32.44586552062145) 10
(211.8921899198345,386.4163389934859) 1
(154.82053485572152,0) 1
(918.4371289207363,532.823023390211) 7
(482.4484132818672,334.65920129000386) 6
(660.8768890370718,98.67477107651513) 1
(1000,305.8478450457143) 7
(573.7073877281941,0) 7
(279.9796676543589,111.49398923750567) 1
(420.1078180616363,647.6078168315657) 6
(183.6874086036379,1000) 6
(362.6241922638781,645.8491029795102) 1
(606.2559002218964,702.6753743175033) 6
(512.0175211862517,599.6836992648374) 10
(292.948482878921,913.1676511527087) 4
(759.8626033137801,618.6504191520128) 9
(532.3893206666859,739.6443688547325) 7
(692.4676231540751,1000) 7
(505.76915101517346,751.3615431009596) 2
(293.40598472605404,631.3164461610208) 1
(894.9499634393426,650.9887554909847) 4
(287.27995012995245,1000) 5
(484.45836972327425,317.52678696583405) 1
(0,843.4904660928792) 4
(402.6626454649085,389.35508220516454) 3
(162.4377843044453,306.30611001087595) 8
(250.04462513657356,713.6134083006433) 1
(176.63195203526567,463.6908239166429) 9
(561.2087678397289,0) 1
(614.9466538164536,742.1576303225635) 6
(480.0810456070312,952.5159743816462) 6
(395.95227978547354,475.6341250794438) 5
(128.13838832614096,711.4592486246238) 5
(352.4838521046136,758.5381880239765) 6
(152.28701204309777,460.2267078958086) 2
(462.2337608256944,693.3142170801912) 2
(935.5915605725911,926.5584900133751) 3
(141.4914735762394,690.7106708440796) 5
(894.3695151463492,415.2537378342879) 6
(609.1393261170099,362.01365738765304) 9
(0,571.1743701300456) 7
(187.6241534163844,739.1782475266093) 1
(418.27122603058143,592.0433940812915) 10
(211.69663859840978,746.7600607249641) 5
(435.8589237664164,207.65934017015104) 4
(45.99762276189898,813.8027745160289) 4
(70.55602708731817,614.4431702323133) 8
(534.7826065540122,58.219793719335996) 1
(945.887238850213,143.42846052734274) 6
(544.7833045154209,252.71231675386394) 9
(1000,333.1338732244444) 3
(189.8302769251099,539.4628266621633) 2
(768.6368723151902,0) 2
(45.296026366557385,728.9240872962625) 10
(493.11191505462466,668.6089010740386) 5
(47.7821195067317,380.87847621257004) 1
(304.2102208786665,263.3077623670646) 1
(938.7487660974205,148.29624927555744) 3
(558.8822010504852,792.6512242595404) 3
(446.2240172902265,494.67607576301083) 3
(297.7155850782348,472.55344727879776) 2
(18.840962538436713,794.8909223174971) 6
(304.6398837239565,977.4685845521477) 7
(333.7454850632769,173.35666269791108) 7
(525.4470347670173,253.06641503681954) 5
(230.96370362463296,336.0583182493271) 1
(778.9355278341386,62.513909234723485) 7
(669.174505244652,694.9508184815573) 3
(805.0785857806053,567.1646690867752) 10
(388.8195946729682,995.5086692234985) 8
(361.3162130698093,0) 2
(740.4791323834747,537.9829959001573) 1
(276.5529104334768,760.3850639053338) 2
(935.7986909981953,413.7532953474696) 5
(904.1128509330184,375.25440629159004) 10
(539.3860579413276,1000) 5
(0,738.6073233573801) 9
(783.3886055675371,1000) 3
(76.60287855974747,117.80068675808218) 4
(335.4980408900312,798.90994708617) 5
(570.0226007397052,603.2717929881453) 2
(216.7094198400075,391.28191452471265) 8
(573.1547241458688,96.80869334243374) 10
(760.1741422328406,371.2661907122888) 2
