1000 1000
10
(0,0)
27 80
200
(284.270419523206,484.5516712243046) 8
(623.9300715098427,474.11084237702613) 7
(53.58115242042868,781.3496472407433) 1
(95.95055622675915,726.2021719996333) 5
(393.80601919297607,699.860019284088) 4
(0,270.9216926976294) 1
(996.6803781719373,756.4695395445058) 7
(700.5010518175434,253.8067976120121) 7
(0,361.9047748401299) 6
(871.4037715157237,660.4387062227139) 4
(677.3146153890599,513.3210156970247) 5
(0,1000) 1
(296.30810075045986,605.2087177381285) 6
(515.1403672773714,637.6251579752567) 1
(756.6663409256039,650.8986274472268) 4
(289.88044334683264,889.769633689885) 7
(286.40717125219487,649.9204178001751) 1
(691.823921355339,923.5827377031097) 4
(489.70964705530986,443.8295425717673) 7
(845.4038036882255,0) 4
(1000,943.0497471725783) 7
(360.5281113420857,202.17916652379228) 1
(653.0808942869926,961.6194031421126) 3
(464.13589778978053,410.244812023324) 7
(444.8007143954189,789.8842623755413) 8
(749.6374852875749,217.22248315837896) 9
(270.78152291337824,928.1113802614358) 2
(1000,412.8442459254922) 3
(264.0915523163627,566.7800434916437) 8
(1000,797.8801427141507) 1
(1000,257.08576120221335) 5
(615.2055701584645,792.7690914851726) 7
(438.5105460824223,686.5844687609981) 1
(361.1111748354293,282.9309346786047) 6
(224.42092767679918,492.0958500342683) 4
(29.439413169919987,439.69970693846955) 3
(693.1630051144791,78.26321119383499) 3
(830.5198078683642,532.2515871265708) 4
(980.1046990031625,557.2489594726179) 3
(137.4387104473971,818.8673433538231) 10
(444.96526064156956,110.79210836520843) 1
(506.80465136050356,315.9077046238623) 3
(739.7164462547019,480.1106188447023) 8
(399.82026711607745,525.3582926382524) 8
(616.7345411374727,53.72859002822628) 10
(968.51470145793,511.51963526035144) 6
(763.6843826142072,670.7956785999112) 6
(758.5366888640904,183.21284037225553) 1
(494.37952444733736,1000) 1
(1000,326.53313646277695) 5
(514.5944877953527,246.18796411111254) 1
(559.164247501383,709.9460965564301) 2
(664.586602948318,750.8505298644125) 6
(539.9921523723176,0) 6
(377.5292432975788,520.4747994302853) 8
(0,226.16220571128258) 1
(0,120.92195138568195) 1
(690.222767131812,111.6607030365713) 7
(821.1292419047859,702.1140538887812) 7
(1000,126.31688641325798) 5
(771.0679355706662,662.3189743285799) 10
(251.56591689610414,822.8899028607104) 1
(625.6138985987753,370.2398958132036) 1
(262.0390316156584,253.41568143170946) 2
(582.2264816855961,415.2905260358661) 1
(663.6622464006356,136.1471361666812) 2
(387.5527915388936,42.01258533991046) 4
(893.4199911862934,1000) 10
(266.8232794429806,907.9799657920369) 7
(570.6272053785118,686.3989136019595) 6
(621.3579189224637,241.37580689952426) 6
(968.9164588235109,438.0590898057762) 4
(403.96750963669285,0) 8
(228.56399517086527,261.69753469737975) 5
(335.8759664513025,936.5326687824968) 3
(533.624063762351,236.4108941619309) 8
(0,313.7488952720878) 1
(1000,579.4067371658473) 2
(0,942.6474430269197) 6
(583.9287580716123,328.98145102562967) 4
(444.23645648509347,0) 6
(512.3364451995598,763.5774807846817) 7
(603.9440972796394,295.7000488141167) 9
(903.6143389890858,1000) 4
(407.73104690683783,999.8496365798404) 5
(768.8354207775778,446.16485719625575) 3
(716.358891197947,453.5525414397865) 1
(187.08935372839073,540.0625101811174) 10
(495.76640736557204,677.2393953920254) 3
(577.0613472910094,1000) 7
(123.66301660494798,0) 5
(1000,429.1841071667559) 10
(451.8264787957743,222.78328437763508) 3
(336.70214780405513,198.55302015000615) 1
(563.6275614518835,467.87037836543914) 7
(406.9625240021509,437.7012654504799) 9
(529.2087489361674,789.6994341703869) 5
(588.1774995979266,640.3876417883837) 7
(507.6076907910496,330.706374044373) 2
(258.82379247881227,502.05932156177886) 2
(340.6265457817953,261.8883034315219) 3
(793.2003118263497,398.941053951338) 2
(1000,652.3779442563298) 2
(167.81829941236776,761.8637998205895) 2
(194.1359226717923,74.6618916178461) 6
(1000,485.40569909682216) 10
(334.4628397462077,568.1181482059314) 6
(788.0296854660696,642.129632855572) 1
(795.6207676822853,0) 3
(487.2306175926896,665.3355167047511) 9
(484.2798111928152,0) 1
(444.0353501150844,115.53648681438256) 4
(425.70702398727525,537.3040222630522) 1
(323.7741771438972,825.4123663157693) 1
(570.0279948888415,650.5177318667209) 4
(850.7397547656542,433.65926423150825) 6
(0,470.278596335822) 2
(277.8373248225096,0) 5
(570.3179470220646,556.0059583145437) 4
(679.8094671259155,773.7863691211659) 5
(643.7498804548836,818.1149123111701) 6
(183.1284480037774,691.7028695856925) 9
(145.99411105416584,224.89869032675108) 2
(303.8873259128626,415.878431520283) 5
(1000,0) 6
(917.3491478959245,565.0889003093916) 4
(632.719452090976,476.2564429311702) 2
(332.8956626019432,382.07464252568104) 1
(706.6717764479981,652.2760537044978) 4
(280.1199428497189,488.90356235159885) 6
(184.23167507791874,182.6660984748425) 7
(868.6478580579649,561.8109130035286) 8
(283.3556099808195,521.5396487483459) 7
(1000,682.7985180060685) 3
(383.8829229902242,519.3998993973363) 5
(0,318.23701900289495) 7
(487.486302478691,0) 5
(840.1172745375067,894.9149059039462) 2
(844.9339412803738,325.17059258751567) 2
(902.7056178222998,558.3763543233594) 4
(553.5583003833226,478.26336326617843) 7
(376.37122764789154,893.4286435872802) 3
(77.05272135206553,343.8422473800832) 4
(34.8355558401488,378.20990024742434) 8
(968.0650303576715,0) 1
(64.53730528024766,147.76593730830558) 9
(231.45000536468137,180.9714011521939) 9
(680.6188383195891,773.7545965109082) 2
(554.5177786677514,76.09187170412224) 10
(935.0121150633327,533.7596372617014) 2
(0,436.71417292341494) 2
(267.97920948916277,441.13141541382305) 1
(397.77885884928367,892.1537755141123) 1
(751.4214500030442,18.72968676993065) 5
(510.25170137468444,1000) 1
(0,252.10160921488543) 8
(805.4460549231094,171.7702711458145) 6
(760.5933052714289,0) 6
(89.95972343771723,579.1267198222597) 4
(825.9008435584917,971.3098290562175) 4
(850.7133937931183,508.2842126976455) 7
(862.2418722404861,536.4481923266501) 10
(1000,431.8348896839243) 6
(272.40884303741143,819.7215019475036) 2
(913.0880513066772,687.0031947270804) 5
(1000,478.4116894428765) 1
(333.63736362512066,0) 5
(0,870.9758214152632) 1
(303.668963407085,1000) 6
(370.4527702587355,24.10118353608135) 1
(1000,611.3679688891544) 1
(413.1954914104007,436.2992601180547) 1
(567.1174404688054,7.1663308145698466) 6
(309.19166410797584,260.8381039915571) 2
(248.69308896896771,617.5542799362066) 8
(0,573.8185157703848) 2
(969.7957646324146,646.4532584778777) 10
(739.3884298326855,1000) 1
(538.7168200173675,951.1485969150892) 10
(1000,157.37096699196587) 8
(743.2115812985503,0) 1
(373.95639181268075,480.31875928525807) 8
(584.1610124047298,546.9146335573345) 1
(525.9055734970789,291.85201544553524) 6
(331.8683029915992,278.89271840683483) 6
(339.2686764551541,657.8795771818668) 6
(553.5359066698678,317.8762351301401) 3
(837.1090500864864,708.5995953681149) 4
(411.4703988442521,570.1698281969052) 2
(1000,518.7870479312387) 10
(629.405727987419,419.1725037539282) 4
(1000,694.5615739859525) 1
(352.3419048956114,1000) 7
(839.1701064525607,709.1127815319661) 9
(617.4886732998178,740.6432470611223) 7
(956.3777062039039,529.935588915518) 9
(34.0854487883023,918.558089412227) 5
(1000,1000) 7
(205.81883455663882,453.29614793576854) 4
(723.3425095064083,562.8268300467572) 1
