1000 1000
10
(0,0)
29 80
200
(431.18137671274604,450.7323388188773) 3
(937.8842518265378,914.3499989027061) 1
(479.6093292765303,19.851599874777662) 1
(918.5776572665175,193.50781579694882) 1
(426.07214477177286,808.0960067951314) 10
(487.7242011316876,56.309271382506495) 5
(391.1318928234726,692.3223591136041) 5
(195.29748342632905,863.3732205321265) 2
(289.19627477409034,134.7999321644673) 1
(482.4889186852095,513.7611525992752) 4
(653.0019807590627,501.61856931338366) 8
(0,620.328948362407) 4
(481.49006898080427,511.36865205219937) 1
(309.59350350558043,607.4812702767597) 4
(210.52646272026544,0) 10
(429.6738742107646,669.7302046147341) 9
(1000,482.09055528126885) 10
(248.2338790352046,509.3805915999412) 10
(193.60519246730627,575.2154904182087) 4
(907.0151272919113,1000) 9
(851.0884525909169,1000) 3
(204.19567506089072,736.0023677017962) 5
(889.5126775530881,831.4376111344909) 4
(33.00884682492887,392.71458574264994) 1
(301.5819258845122,693.1352536533551) 2
(32.68403388532823,196.10200079953285) 9
(728.444756249736,0) 8
(414.7566927385273,445.437159020678) 7
(1000,217.52944908375304) 1
(527.2423356311509,0) 1
(0,566.6027409015092) 3
(448.43703316748514,253.2314578469763) 7
(993.6135590781632,621.61528366018) 2
(692.687018857378,586.3939514933487) 4
(0,253.70079959912326) 3
(0,365.83778329314157) 3
(571.687188914715,341.45557386566884) 1
(180.35436425318608,1000) 4
(940.3902623080619,1000) 10
(593.1233836346528,162.56711690896333) 6
(496.85807512886504,721.5164866610348) 2
(738.6333513126519,264.8152839071613) 3
(48.63167923064185,274.80213153908494) 8
(531.9476444204134,85.00253968144318) 4
(735.0427034520026,553.0432403056244) 3
(592.1105902005511,729.6182212631185) 6
(465.22866452601045,744.0119469768223) 9
(709.6947420999945,487.7516677835063) 5
(520.1857633914224,739.4220156803169) 7
(889.1932558742092,235.0358880704062) 1
(680.0596707473543,766.496025979383) 2
(820.8046739671162,69.85859868300878) 10
(423.39104165800813,134.35544102184764) 7
(457.8418402137978,820.9498800975798) 7
(704.8212667068334,319.2079980163171) 5
(502.8928476150027,547.6274279452937) 1
(415.5896065166569,375.4211692604882) 10
(46.67910790386793,922.6646744999093) 10
(458.4050373844708,973.2036129200005) 7
(459.2540453596064,615.7041305306273) 7
(754.0453688770338,194.56151134822085) 1
(488.7168903706977,20.84180062882433) 9
(110.155184810697,1000) 4
(321.48412958526956,338.4189488346057) 3
(443.5494696333954,605.0354304538052) 1
(520.5099000728227,423.98134109771536) 2
(438.58445949841524,253.19498728231366) 5
(555.062447944249,1000) 8
(553.4702673215501,801.2248329951644) 8
(905.9205852840936,375.29549553771756) 10
(529.4281559370104,211.99842044766177) 1
(325.4657859597354,1000) 7
(356.8953247169471,1000) 1
(388.22469162179533,371.76707966306066) 5
(473.624711035951,317.51630135681694) 5
(383.04105935876345,490.1081296342367) 7
(691.6578377770734,149.97321571620904) 6
(853.568203113359,796.3437560022504) 7
(507.0994754088878,590.4999294135288) 10
(499.33831575235615,944.9307588022302) 6
(606.8647064611921,1000) 4
(583.4460825781673,510.4305498677724) 8
(280.1670163472062,59.636428024192526) 2
(330.7719558324104,537.1874853424155) 7
(262.15049477249215,409.22370091939086) 6
(239.03031632194882,466.58812084999573) 6
(7.49981916402794,1000) 10
(235.1496127448945,295.62777061974475) 2
(877.8702226040771,631.8868522944822) 5
(662.3395368693444,491.4387310302794) 4
(99.28445624466491,0) 5
(373.1970764968654,427.26821315108725) 1
(727.7610885736561,425.61848296028563) 1
(26.646178753105403,68.30131190135347) 3
(486.02041297087834,369.04304085930585) 9
(498.83883947742726,147.46018377023438) 1
(245.0282543593765,676.0873994451231) 6
(755.806097397942,309.14776935533484) 7
(244.26660229585357,889.7674864764981) 9
(606.2165907776322,617.4456425805906) 2
(1.2385689963056734,712.2683455215013) 6
(811.7198153382385,724.2210608794411) 1
(213.32979749272897,187.42551460065124) 2
(542.2244501869275,87.95779328952551) 5
(767.3697940399567,694.458993949768) 8
(367.65853032661084,176.50151679471463) 4
(604.3410679490638,290.57546384558964) 5
(641.4352638119267,180.19149800073558) 2
(238.1898010596114,848.7627864057253) 5
(420.73271121589346,397.93661239315463) 4
(172.58118009256077,715.18110331965) 10
(493.1082113549831,70.4230372873987) 7
(616.3755029996988,450.40093202859055) 5
(195.89207830092857,947.1473303715941) 2
(381.6117698836285,931.0011060553365) 5
(0,522.9972582918934) 1
(249.34151304100862,673.4434886833105) 3
(615.8292675986431,451.60535905809365) 3
(0,485.5011025852872) 10
(603.3066734701735,783.3906575983174) 5
(524.5062643788642,376.16242027603164) 9
(622.6474283831326,577.017755776878) 4
(812.1373557297715,8.591360924696687) 9
(948.1460941953553,568.7017160959924) 3
(679.9625826182989,865.9897815421747) 3
(1000,0) 7
(615.5517403621668,524.927492858656) 7
(86.90121139336082,141.01040987196558) 3
(766.9520274930437,632.7694029545606) 2
(429.51855085235565,493.7107148954378) 1
(643.8922973808841,892.5463398815019) 1
(725.6727060891583,273.99321451777996) 4
(364.8507601979818,0) 10
(454.79460457735456,678.5833401511101) 4
(487.816931373114,554.0422500557751) 1
(227.13846657887763,196.9131672091321) 2
(775.1311410513271,919.4298100820747) 6
(198.85986951300947,509.8208019185088) 4
(554.2946746679194,0) 4
(1000,482.5252976183909) 7
(235.56095935738466,694.0127137604696) 5
(690.5749803358988,444.2509010425398) 5
(47.548943903365284,750.5602724497647) 5
(124.41679160636716,706.1870478311814) 4
(1000,1.688959928562042) 7
(504.355759931544,305.16231574998324) 9
(548.4604911292995,71.95542868413804) 7
(1000,99.45745580809285) 2
(860.8398074372556,387.6238149383229) 4
(908.4849988151027,374.7438786369571) 2
(172.26633079446236,195.80332556472223) 10
(695.6442074775529,368.25015915086396) 7
(399.89700190018215,425.5470460046813) 4
(518.0635520439156,125.59196352053948) 7
(834.0640154358664,424.157719459634) 2
(907.4095753105721,469.85276872286073) 7
(1000,144.046466471234) 1
(389.9615116616536,833.8180683778442) 1
(1000,676.7769504655957) 2
(715.8980094233713,797.613171297199) 1
(574.2655361934543,203.61825825479042) 4
(946.567333675496,0) 5
(340.6525431145516,77.11081755059831) 10
(728.5844831905374,847.6554307297052) 3
(1000,442.5585687859068) 9
(508.3741470643149,805.3127509115707) 3
(428.4189310482595,259.9321016969194) 8
(280.1562686345514,635.348128579891) 1
(895.9580279477777,708.6959931014429) 1
(948.2396109665824,705.6726662863114) 7
(679.5778612086905,440.7590683580542) 3
(546.3754968563226,668.523580606584) 7
(624.089499807588,962.1208306817532) 10
(573.683042416061,927.4564691563791) 10
(863.405864602678,512.3299573764676) 2
(514.9606742584674,201.53173788774404) 8
(752.5794732308002,618.4723303129095) 3
(449.85846014388585,1000) 5
(651.904659085935,979.7014202386913) 10
(800.6654490958758,525.5333737834529) 2
(562.8405424491706,631.9987249414248) 1
(362.8459728974479,119.96856292898553) 3
(1000,1000) 7
(442.2573414301454,564.7692132886266) 8
(717.1706199848276,234.0792924462943) 8
(639.9285036829468,465.5612409924075) 4
(1000,551.5136031631101) 6
(0,412.82684970918564) 5
(434.1987758335483,957.354109928522) 2
(791.5434648326823,72.34705565672795) 10
(851.807744913646,715.0031454179041) 8
(419.8528306616432,561.9805877990057) 6
(377.3746827363618,1000) 9
(0,945.0532058661736) 8
(476.1261040929475,660.9505765450114) 7
(104.33148517190426,755.2761999736813) 4
(434.6947000659495,803.2232229546115) 3
(448.8666708753792,607.9748363864287) 4
(552.6039643497098,559.1098043795779) 1
(694.7259617780333,809.7634520210689) 2
