1000 1000
10
(0,0)
29 80
200
(484.93886505514376,772.2996203133866) 7
(491.6730682300417,581.3327871243438) 2
(360.7747921237535,133.6502483635457) 7
(380.235641740258,474.6191451859095) 1
(353.7859073434098,936.8221926503312) 6
(861.4197301092141,872.7956634044731) 1
(117.69109637896014,363.25921276180856) 5
(840.0593143436442,660.6863811290017) 1
(0,417.14979004729724) 2
(480.24618829160954,278.3158028597503) 6
(153.7872329236497,631.2427249113571) 10
(250.46084430962296,814.7129737303519) 3
(220.35016267832566,751.6436653058958) 3
(124.18487543224404,574.8477608100414) 1
(570.0111705201135,837.8175641688917) 7
(638.9336411748941,566.5327106723571) 5
(194.3002074697667,1000) 1
(257.51176044078863,387.61818374675767) 2
(988.4164439580966,899.9867774359877) 5
(455.6411301323982,395.68436738552435) 3
(247.47229397997822,216.91031687852427) 4
(743.6410932034779,345.45476431654816) 5
(705.422108092192,74.16850607953) 7
(771.1484849107245,144.79955795093974) 3
(415.0115079358309,628.3263414688249) 7
(682.4488651488373,3.2010286376489603) 4
(326.54317581338944,1000) 1
(362.12369099908955,463.988101430991) 1
(0,782.3355615292846) 4
(477.9590944709883,592.8001980526317) 2
(674.6557668529166,299.5215211383078) 5
(511.75049949663685,521.2124422174327) 5
(0,333.8870217981667) 5
(379.3523739517338,727.486758432424) 5
(1000,306.94221171114816) 1
(0,592.6259718082325) 7
(859.7660078182007,330.91313894120253) 1
(189.6190654638968,486.0375443823351) 6
(309.36091135052425,581.858337454715) 1
(674.4189418490434,567.584643010717) 2
(544.0603653856396,710.9283017713858) 3
(875.4766423580381,385.5775849215148) 7
(972.4035552019416,187.38560717693076) 1
(0,350.1959040635183) 3
(757.4889492217449,579.207639584755) 4
(390.906574092533,1000) 8
(545.520453153367,369.82896892325977) 4
(1000,767.8759153922535) 4
(373.89350314921376,314.426095567865) 5
(12.690105435070848,263.602317977844) 3
(141.9460118628984,119.60042089109521) 2
(624.2396236227627,708.240537310169) 6
(152.76193163024897,491.9073566191075) 1
(440.5742732949054,0) 1
(601.1322923267037,984.2719095849358) 1
(818.0947164696337,131.12687133137717) 3
(698.3590567031428,393.0966726694572) 2
(542.7917197259098,582.1393873177738) 3
(97.26497113876775,491.64171315231255) 9
(867.9933376639708,405.65628405596937) 5
(597.2142529800602,484.01387002391647) 1
(365.8202309272112,878.0172671474786) 1
(978.9245795806679,1000) 9
(619.366515737991,416.49413638712633) 10
(311.20440847215355,171.6438182893254) 10
(701.8802160925945,222.69753623549303) 6
(421.8076927663072,497.8512421956246) 2
(435.66196574646426,326.734301194778) 5
(588.8932560115,460.0610299481252) 5
(0,1000) 1
(668.7967261356883,1000) 6
(692.0382694099043,1000) 5
(307.8647842768555,196.04667705526657) 10
(145.8265062162189,606.94120197814) 6
(862.4580015911897,566.3885588719281) 5
(89.44249784715896,0) 10
(442.43069522367114,371.77241497735304) 3
(851.9168472697504,636.3523716296559) 2
(227.20453456528656,647.398425516613) 7
(123.59097280810204,618.9742237982338) 3
(160.64009736625098,466.6541465140283) 9
(864.1526900196477,366.6254050511717) 5
(76.28870068824415,1000) 7
(483.6552419782928,260.84123907067567) 1
(472.88956951637476,95.56029723372501) 1
(575.3286001786013,315.80288774133993) 8
(274.1344708020399,727.0148239018117) 4
(291.9644173417911,619.2635355580019) 6
(1000,470.3923190729114) 5
(837.200968974741,458.77054431416906) 2
(534.8368552125678,684.8901611971955) 7
(358.977349108115,1000) 1
(504.93626186935734,11.84137112031948) 4
(1000,300.34302185146237) 8
(460.8827872664755,503.7278399367325) 1
(181.55363525277153,1000) 2
(497.07423553565553,77.98966745013098) 3
(488.8582950858671,340.5790716418596) 8
(272.74333159373043,795.7568969019183) 5
(203.7740634461673,254.22817799820567) 5
(0,116.78313331199911) 6
(790.2244641761304,520.771489177147) 6
(578.3931154427542,427.70715450570896) 2
(1000,0) 1
(54.309973384613556,0) 5
(955.8912078878138,617.4848525266423) 1
(620.2341881135319,111.86257844859023) 6
(531.0100253292719,8.142313579167023) 3
(202.28970504747554,275.562089818359) 9
(632.8029987127717,619.2551380175726) 1
(62.96143514503325,787.2161056102207) 7
(513.0249629017067,0) 2
(494.5711914397829,0) 5
(189.20123782897213,704.608417351566) 7
(422.3154718049228,874.9658825496633) 3
(368.73930913896834,445.4585707987759) 9
(1000,970.1411546128895) 1
(1000,212.7678477380847) 7
(343.1993064377532,389.19780574342417) 8
(193.53221802292478,61.29088952791858) 6
(912.3032254729956,766.2029236056075) 7
(750.805010934315,0) 9
(674.0454865373697,846.1823949974608) 3
(589.2558023476726,0) 7
(725.8996951505019,486.431575184244) 2
(670.6001814073163,394.4730510523428) 8
(295.33594285368457,484.2249674065051) 2
(293.63168498497737,726.4497196963833) 3
(151.93202518858607,278.09339831591694) 5
(647.5793419088469,685.4642998680586) 6
(884.8110505204822,0) 1
(1000,575.9566614620904) 1
(636.763903970074,0) 1
(427.14581619875133,1000) 4
(860.0045363876902,0) 3
(712.5018947588525,307.6647304015823) 10
(435.9721721755194,632.3101326791686) 4
(838.8962951999773,516.1382586894488) 2
(0,874.9337948813442) 1
(417.6358256219611,820.788377877966) 2
(249.21296380984055,418.376407203528) 1
(0,663.4337920108783) 1
(596.0112088932557,505.89304755836787) 3
(563.2827944668617,474.2821611250294) 1
(602.8624035689933,1.834677477019568) 10
(643.1628313110377,576.5097041809585) 5
(787.0475909099455,485.22824301672676) 7
(610.9516959936537,827.6713994825728) 1
(578.5906177913467,220.34600521886017) 3
(5.38324522585043,822.7632086454382) 8
(539.4273937403381,510.9352104959367) 1
(389.07633552010975,124.46982519007986) 1
(1000,465.90755641457037) 2
(0,751.0443687948181) 3
(494.06019221038406,637.0005451270719) 4
(418.03993908630406,238.88723821061734) 5
(419.01911575690923,604.5791515041554) 1
(304.10909733240675,527.4586684144348) 1
(411.0403564062314,5.697965509409755) 3
(635.6363392602977,316.60857678845605) 5
(1000,282.1152217725612) 2
(1000,646.3090344996534) 10
(82.2277495006623,553.5479455406951) 7
(428.06869497115997,571.5956511736841) 5
(501.2994043722649,267.012936916332) 6
(886.4560645488008,867.1296984484813) 4
(754.4952774250452,324.5499782233253) 1
(70.6049759789189,607.6409869975142) 7
(214.75940736376896,853.9033793490092) 3
(0,395.30708671421735) 7
(0,492.780722525816) 5
(529.8323384955951,697.9880188616867) 5
(908.0995960255797,622.4213560694426) 1
(1000,501.8658634176113) 1
(770.6717860478503,260.55527155935465) 5
(212.60449547472433,962.4554951449904) 1
(364.5095866671022,0) 4
(332.0381913386324,443.77524024014843) 1
(637.7874146949057,411.4400486750595) 2
(164.8545957686514,467.31824275821674) 3
(526.0578882493268,292.19582031402314) 8
(16.68804157953167,741.810484791174) 6
(502.0951310905445,0) 9
(465.483716187479,475.48669741205106) 1
(778.8448444018379,296.0338956419198) 2
(573.6682241244204,44.90680634726658) 1
(0,364.89228928341436) 1
(210.92378027871433,524.8770300112842) 8
(47.4992332644041,739.8057362469265) 7
(492.6948361136471,402.2124908780645) 1
(440.10228107528286,721.2062657956706) 9
(877.1576553281642,372.06934214364463) 2
(786.2439090340524,738.4460195637095) 6
(464.1399155430911,1000) 10
(943.1755038678411,290.3148060943177) 1
(423.40034632089726,797.6537415796481) 9
(209.46797906904817,439.32745912424315) 5
(467.4529207845033,616.3442112279254) 8
(93.63569703630691,354.5806587430465) 3
(796.1595065330444,443.5070965944844) 6
