1000 1000
10
(0,0)
29 80
200
(206.85382372943502,245.94455780383373) 8
(659.2267035058494,634.3576706375256) 2
(252.0692701230832,323.66530344838577) 1
(738.7583148051345,128.5540724340426) 5
(270.6351273297188,854.8885815050248) 5
(309.8983701462741,97.18305513911287) 6
(505.03201198728,1000) 7
(315.22898039430936,947.0637695527304) 8
(459.8098129760047,107.28035539007493) 1
(997.8621458943155,608.2840580189295) 2
(550.4165791513799,102.89240987531446) 10
(567.6031565268647,0) 6
(30.635881545054303,387.3049222995792) 3
(990.7236199020042,542.7227698513304) 4
(625.8721035157245,1000) 5
(115.87850236451919,92.70130200665113) 10
(174.1854297843306,301.17637568470207) 1
(612.740802252595,1000) 1
(1000,871.0475830831871) 7
(315.7385557294467,173.94095660494742) 3
(652.1185821486383,707.5011698703008) 4
(1000,507.64890473263455) 7
(249.27369159625007,296.943497627918) 9
(565.2870322307308,1000) 1
(366.65596820492107,557.1904135013978) 6
(41.65279501810784,642.2185397751712) 3
(158.3041633248552,0) 3
(583.6120928788283,865.537724444674) 3
(440.959266707638,39.637502440908975) 6
(0,474.6761558323541) 5
(84.13584177155656,413.29821750238085) 10
(505.0156681332512,442.07351077560475) 1
(256.3041372968796,680.239152796826) 4
(260.88915977113163,574.4462476933201) 7
(216.34104992690146,397.29178615124454) 2
(780.1516715074645,453.7945965988078) 1
(707.0906462692818,979.689330550397) 9
(455.4062088343444,739.400994932115) 4
(693.7859170067003,854.9741382872842) 3
(810.2754724703599,133.21887134988071) 7
(623.4098795785146,590.6903029498009) 4
(88.53046337257013,363.57275672388755) 1
(459.45795526909467,1000) 7
(607.0914917562544,227.04940567550847) 9
(434.84839341739763,610.1923371225547) 3
(709.6830702300047,464.3183670042084) 2
(359.2941050207628,785.1085112820545) 7
(137.37763332082028,486.6892793581925) 1
(124.09217041969202,403.52540309544986) 1
(43.17779578237139,1000) 1
(471.5167523285872,293.8396707029209) 4
(571.914022117821,773.5282613219879) 4
(341.9971619392968,658.7239287653947) 7
(620.3474017402079,264.96702121285523) 7
(0,707.5466550439966) 8
(95.92838949671267,411.85015284086177) 10
(304.72386193840237,435.5325478696451) 4
(330.9419419261768,893.6816214508815) 6
(602.0965470774291,0) 4
(860.4613230364012,437.17017668319073) 4
(496.5444989614299,964.1164344191776) 10
(113.86431882528632,869.5128038936646) 6
(150.1543459805324,666.6968864049975) 4
(234.06789585333632,817.7765154589215) 5
(265.6163352063913,75.61195896111042) 7
(429.9713747267933,121.99578130991989) 1
(832.1254688730764,165.71543552575451) 4
(252.5328647291644,634.7191976689054) 1
(861.01182020348,0) 8
(0,991.4886217741175) 5
(351.94373773884377,701.74300118014) 8
(314.2655066541346,1000) 9
(805.9191510746684,0) 2
(571.4372277541618,619.565199089883) 3
(1000,911.0661534522922) 5
(635.04513924741,190.29175302760433) 10
(658.9862327374137,120.96434557878649) 5
(765.4633243313103,106.86898033266874) 4
(769.7586350845909,396.8034044590129) 7
(1000,986.3898695827542) 7
(1.7318556337886548,319.4224244266833) 2
(1000,21.61220673500287) 6
(504.7570277217545,748.3260095548954) 10
(613.3464782290382,514.2784243727216) 4
(409.559925547054,1000) 9
(287.62477218640527,75.0795723618366) 1
(101.70876371533603,517.0999095069369) 4
(392.40324500832276,866.4524255830663) 10
(207.41075345834122,490.56350241415197) 4
(882.5476526327484,498.75289529013185) 2
(1000,319.94845546601215) 5
(504.3303311769383,146.72922988311075) 4
(357.8681745793787,713.7605317280104) 1
(560.8415565603079,819.6059389069401) 2
(625.5976724053455,152.19437935929443) 3
(748.77660004631,491.79569268908256) 6
(322.4456504874378,0) 1
(383.23686037854196,232.168574484281) 10
(0,368.2627236042063) 7
(686.6813729101668,0) 8
(663.7767362085525,825.6777750695933) 10
(284.1263563312841,34.81842892232976) 7
(92.18479211984766,133.7704308330815) 5
(688.1545228263705,564.6402005494384) 5
(812.4151861843259,677.95894406863) 1
(400.94198533295145,127.28126225954446) 1
(377.51615594983264,885.5741397825133) 7
(61.66688333896326,445.2022156120561) 9
(796.2325570289911,744.7007836296793) 5
(252.5398937516898,0) 10
(1000,721.0491769281065) 4
(914.766974588282,580.911694984646) 5
(365.9790097294399,686.3609112901954) 3
(666.1441587382928,382.2808859621197) 7
(353.79377559491866,682.530078719805) 9
(190.00888049126172,186.922167127497) 10
(708.8295828408073,916.4728443010904) 1
(509.6345263818455,72.98547794794996) 5
(551.6330784275766,881.9310852126112) 8
(1000,190.5513036400771) 1
(919.1700633232247,549.6963058508472) 4
(163.186483381546,656.1723663266358) 6
(278.938759261763,90.06166411250274) 2
(667.5587376143735,563.774219247169) 8
(557.1176391976618,490.9639689646741) 6
(960.6942030678765,270.15772260450115) 10
(710.7398305742075,0) 6
(0,81.61900019694588) 6
(938.2175249223337,368.01233041301634) 6
(739.1342451839364,188.39198132682526) 3
(188.00528084690427,156.97595117437794) 1
(574.8292036985688,608.8256730678788) 10
(827.5467032347428,531.9512260184922) 3
(973.0527458590998,738.072885420848) 4
(475.01366278973774,115.92683999296861) 8
(596.6296432980919,76.11323067300617) 4
(563.6771783331077,579.1056432111341) 4
(106.5942819255149,733.8120341720683) 3
(353.291087877424,558.5467840777112) 8
(779.3109391754624,708.8939254195747) 8
(923.1458210259773,867.4610122315182) 4
(729.8345208104713,303.5557131771011) 5
(316.49333103997816,725.8404963067616) 7
(102.69246881548446,711.5669146701566) 2
(1000,31.406423685693937) 1
(651.6674449985688,0) 8
(0,318.8856467435834) 1
(185.1288180758358,821.6062187688289) 3
(0,443.17231324682496) 6
(878.2803889526762,391.24144889131765) 5
(841.1330896210204,772.0005616686256) 6
(405.1012327221153,1000) 5
(406.2333691943951,1000) 3
(579.4235975226505,633.0997421403433) 7
(0,813.7183224255044) 7
(319.6418404951846,85.78075212249803) 2
(461.5341798051278,416.046915219433) 3
(168.69800046976462,502.92862851998973) 8
(2.3676280586971075,77.75548779235248) 3
(536.9488552957291,954.0999565429266) 3
(484.8797872164907,228.85827197596387) 1
(181.487953448954,908.7439684619196) 10
(491.16399663118267,910.215143761475) 5
(455.95028336165853,381.8183924028759) 3
(591.9096612338076,400.3633114876306) 1
(456.117415763424,91.17858173607056) 9
(0,314.3230858206957) 1
(484.9758408629555,974.8394636520609) 6
(645.5380345418994,232.73534422177852) 8
(312.96454174867006,554.4480830101911) 7
(596.6826534865077,470.586019024036) 5
(743.2366141591535,463.3088472622484) 10
(217.54519732497255,762.1192919784291) 3
(575.0100057489102,509.3547397793089) 1
(284.58554567257613,28.93508997578573) 4
(714.495018713308,0) 6
(4.153292835104878,0) 9
(139.891432983867,9.934551330565114) 1
(0,0) 4
(878.4930640327698,0) 4
(327.73783052530314,658.8605961584152) 1
(303.50542011689026,154.4545952932388) 1
(370.1644553560457,401.02501704372224) 10
(742.8988157939586,442.72979903929524) 5
(122.686707103559,274.3935672186857) 7
(292.91364293940666,421.23176545846945) 1
(305.4724871547353,548.3826442790278) 3
(286.16776507521934,395.5356438224868) 4
(636.4260626539738,512.4661006004562) 1
(631.1722436470417,675.6279838756607) 3
(505.5643713746129,846.9201130198192) 6
(673.9111933682326,742.0903900811403) 3
(494.9305662064543,447.9459284850528) 4
(179.74027441353098,527.6794175995477) 7
(116.69675761875084,970.9341984013063) 4
(375.5848560198829,0) 2
(204.8127243503273,331.14468461192644) 5
(533.1542473249323,1000) 5
(249.0033624749163,0) 1
(563.9247151502864,0) 8
