1000 1000
10
(0,0)
29 80
200
(404.30001069784487,768.1171400728317) 1
(1000,139.02677280092036) 7
(634.6431741815483,517.5039462500686) 7
(324.13516614430273,11.918996145135225) 7
(393.1950294140297,881.7105025941169) 3
(0,838.1653185109249) 7
(864.2877694492036,384.8964867622567) 6
(0,695.9848999059462) 1
(975.6158075817679,530.6992708106576) 5
(121.85079566352238,709.6243161176358) 5
(520.1202701707813,625.1074915346273) 4
(499.2348404946344,1000) 1
(1000,0) 9
(507.689126157918,487.84049292489726) 5
(0,474.08534872011086) 6
(137.3856429362678,485.2949751327246) 1
(427.59000253996936,591.4888815375651) 2
(559.7828511872311,555.8920822212898) 5
(961.6693944567978,938.7145456059982) 6
(539.2158799129642,502.7334231490258) 1
(300.9178601913673,440.201779054729) 7
(358.59355638595093,0) 2
(515.1853401427978,565.6120322230263) 1
(534.1011345279117,410.4097790819127) 6
(585.2173819263004,855.6294937919522) 5
(791.3039181090728,587.6175257829251) 4
(504.8514733889113,593.9480903593042) 1
(90.83716550328631,733.852642596021) 9
(42.413183866165525,254.31339181042105) 4
(974.4776203678116,865.4954908904263) 1
(216.17077999166202,428.84649044657795) 3
(0,340.77286273555046) 2
(650.8881112836091,822.9018355925648) 5
(802.5811612851231,311.05836542866086) 3
(0,179.60985037958085) 4
(729.5958747333036,107.30163118965294) 4
(0,170.5507374894978) 2
(834.4274423557372,544.1936556323656) 5
(332.61329565638505,845.4336275358627) 2
(895.363584469771,580.2877180222433) 10
(548.2468443520602,1000) 1
(312.69865411850515,434.9457976892828) 2
(473.1878305527336,797.0569932361399) 1
(1000,842.5870382514267) 2
(350.1222603412777,464.11673081774927) 4
(268.0056143917353,225.52872510442893) 4
(111.2416993999114,0) 10
(436.0130127940138,243.7772520937375) 8
(544.3980044704984,1000) 7
(472.1688798274782,378.7727255188764) 10
(583.8326206497343,827.2339431991456) 4
(520.4236975912173,558.5973448722264) 8
(570.4816379878029,288.1531912869867) 7
(402.5570560136972,1000) 3
(548.7711585629279,645.9433625456757) 2
(804.5974163983612,772.1239709109143) 1
(833.6996152220255,870.2273894444108) 4
(84.50934794770848,28.516208982938394) 4
(1000,909.6925781761782) 5
(786.6055790370538,483.0864695177512) 2
(364.2652532315594,390.72548242060907) 10
(670.0749214846503,30.10049007171949) 7
(617.7313994329718,478.82236057539575) 1
(241.7874828645185,601.7079483544805) 5
(0,426.04894618339216) 3
(215.62652029284732,511.3329634617105) 6
(605.0618157665641,36.02263444345425) 4
(114.51356753953377,468.7681790634309) 8
(471.8689339155486,373.0917218801629) 1
(1000,426.77260820529386) 4
(224.87445697627288,653.7384758701645) 3
(0,706.2645142321991) 3
(240.58931025194556,789.4594827663425) 4
(630.3340789504543,799.6665377578296) 10
(475.6759025892511,374.644269807872) 2
(282.6034058416841,0) 2
(624.6238237508296,0) 5
(143.27954587012528,591.7678738953389) 4
(940.9611248234478,1000) 8
(0,562.0136388089428) 2
(763.948421008431,515.9036939158866) 6
(484.8629291781821,580.1463373739715) 3
(483.74140959485516,291.63670970375233) 4
(793.9559698385475,69.87078728137806) 3
(259.8852409529222,0) 7
(795.6287444967852,398.7946307187519) 4
(398.61194368909804,304.85551544919196) 7
(226.99414232280066,120.82637342353496) 7
(1000,500.2858084318654) 7
(0,432.1779641030774) 3
(193.44487315900363,198.46593779802532) 8
(740.7866131727744,302.3005955028525) 1
(894.4762364751557,291.33339779553387) 6
(498.05266077793317,804.3161247532109) 3
(1000,16.896888576233664) 7
(995.6660998156797,468.2180977482382) 9
(258.94141153200655,532.0193693853049) 7
(2.6951063024162067,129.22444606535157) 2
(826.0155932295509,482.0485720991721) 4
(0,0) 1
(627.9712900241701,557.280772495226) 6
(718.4469606483156,245.4248632182686) 4
(0,171.29268484099373) 1
(305.5574633612806,313.68041101004576) 7
(961.2366574327921,821.2570299229176) 5
(580.3175734107348,733.1469593644345) 10
(126.70113000781288,1000) 6
(914.5299419760012,813.6138002685268) 6
(281.6382182922532,491.63964169198624) 10
(173.54802219530035,4.867769611637414) 8
(994.7654100840762,678.0649615113297) 9
(574.3933610661456,401.93767115672495) 9
(339.61083857861433,474.55411050596564) 10
(760.4819630069021,232.13734546838782) 1
(829.9806997566816,0) 8
(865.0766583426262,129.8141785271) 1
(514.409391079037,532.8523024513613) 6
(250.50755140064487,315.4814758761439) 6
(165.03296292388166,646.8672253846809) 10
(684.8648997414421,0) 1
(651.109864933915,92.29168489836763) 6
(663.2410575812746,266.1527913994155) 6
(257.1319897716353,0) 1
(838.7387435494895,0) 5
(83.80664271592457,855.6229526900808) 2
(189.5296659843362,524.2335638829559) 4
(402.86173933392195,135.6472147482944) 1
(732.7678819122982,556.2852565219014) 8
(665.2501672059489,536.57845830485) 3
(772.8365110160726,0) 4
(1000,192.19340888021839) 5
(321.67661666754464,206.05528908577372) 7
(0,1000) 4
(0,528.8375488745337) 7
(830.2175983428255,1000) 5
(195.96636151384268,1000) 7
(459.89484633131804,250.30670260591043) 9
(948.3018869191932,480.14801018481796) 2
(731.256370610288,386.6083969288885) 7
(555.8721068391492,419.4478303634767) 10
(521.3202835315102,960.1508521201126) 4
(435.07460917299414,811.4988573040494) 2
(993.1038125356536,624.1044459032054) 9
(690.582061258418,686.8226559101604) 6
(802.3588852311117,236.1140508340485) 7
(271.17148412756967,800.0286584253794) 4
(868.7580825533746,36.24022865756069) 6
(181.7556921854699,809.7910252219481) 5
(626.1045762593201,1000) 10
(287.6689686255048,234.06625113933876) 1
(283.6293349207809,817.999827345716) 6
(243.66715502407448,240.45852101783368) 10
(628.4873396622129,0) 4
(532.8125739084604,518.5254921506059) 4
(660.3493302562356,27.84061214091571) 3
(992.161315054824,684.214941105839) 5
(820.9020594837543,693.4141840195556) 6
(78.05574998038094,370.73069505273503) 1
(123.31383429372124,324.12477790070557) 9
(55.99547048688504,81.15219981427941) 3
(711.6656094325007,874.7031981736937) 1
(447.9656696837125,268.172316622346) 10
(574.7662208493658,1000) 3
(506.2776380127385,617.9550437248281) 1
(697.4457602691616,707.9380540867699) 7
(705.6040860237678,183.97458584443143) 6
(156.40064560178405,416.7771468937965) 1
(0,755.3494093713674) 2
(623.8993371829398,78.0820911818796) 4
(516.2081320081339,956.7417543774757) 1
(178.70254415630393,365.31676690086874) 6
(0,148.78446954497213) 6
(698.1115613015673,342.6840831747793) 10
(0,356.34012195070227) 7
(660.4871434175667,944.001439390313) 1
(1000,967.9818212312568) 6
(263.50882150961417,652.877681358667) 9
(810.0841996363815,400.32465414675323) 6
(106.22676527607018,428.5771774821716) 1
(130.47716091122373,247.77569988336114) 6
(994.8317714249538,112.59533417875792) 9
(650.085442665217,541.5134632664459) 7
(499.598911850966,1000) 9
(302.84352215501883,837.9881925517227) 5
(823.8394576307708,140.6089222154564) 1
(741.1946089811379,120.01936770327899) 1
(366.7262139097279,609.5477434571183) 3
(565.2937218673082,263.0123539951856) 8
(614.874519382632,201.52635257193367) 10
(485.9135659938153,399.7972023744409) 8
(315.81000319936584,0) 2
(727.8707546342625,635.109833310705) 7
(484.40352928480587,423.26992886769017) 4
(567.9134177983791,295.9754076630486) 1
(255.74443121333977,157.8748838807643) 7
(1000,632.4374023079276) 4
(701.9202949992807,809.115249709607) 6
(14.451038732993368,889.9009880725871) 6
(494.2119781151277,0) 3
(722.2640032014654,327.36292298201334) 1
