1000 1000
10
(0,0)
29 80
200
(698.0303387469675,0) 5
(882.1368357321211,377.03822082277816) 1
(4.528574224596582,467.5281987969982) 7
(585.7537812479404,396.8320011365352) 3
(681.5254333701353,665.0700937446691) 2
(439.52670894487903,264.04617810001525) 4
(482.2920522861444,458.4510760757979) 6
(1000,856.8776386885136) 5
(789.2233557635295,366.9235509230763) 4
(730.5362658411918,0) 4
(272.13389165370774,615.0192226247918) 1
(484.41895296349463,546.6680901641159) 4
(414.73175443426544,484.02585507703856) 1
(713.3109835854963,0) 5
(1000,440.9555200302872) 6
(296.36005793044734,546.6897588921317) 1
(1000,949.6608956585372) 1
(827.1542603689484,523.0337549794971) 1
(589.7888209160459,311.2376427721111) 6
(443.249346665794,1000) 10
(638.2556598007584,901.488619667915) 1
(328.5748663934952,333.68950279643343) 2
(0,865.3151380818063) 5
(865.1718900032704,1000) 2
(835.4051769606498,83.14046692868993) 3
(459.98455838123516,0) 1
(802.8306840523237,31.19864243897149) 9
(380.8199029675154,451.77985910667286) 3
(446.62058748165464,63.393107252173934) 5
(842.5061147067825,463.0060783907929) 3
(778.4722431525649,953.4946966457213) 10
(218.09296474001695,721.5186049884445) 1
(255.74003718395326,168.08773089880543) 5
(111.12450338374197,739.1924952323448) 1
(527.5874831521046,331.87516525555986) 5
(143.41734886939093,174.29522318047242) 5
(640.2940885587354,988.3364675652367) 4
(850.9932208822192,157.73818779176503) 4
(545.59653230543,380.94902814550653) 1
(290.496875279507,0) 6
(21.982974162996697,243.11401664585242) 2
(681.6877692880198,852.037851909377) 3
(441.05107355866187,276.90431408473853) 3
(431.7022196834797,946.5008882573782) 5
(508.0591160742854,342.44310497315223) 4
(1000,319.09300856078676) 8
(37.46572885596578,454.53515214618955) 5
(376.2479613613266,837.3639178398363) 1
(484.21660483346693,229.82679949142607) 4
(600.6440507612549,712.5806123473926) 6
(843.7444892144106,1000) 7
(850.8574930555321,357.73845549594677) 4
(0,665.838423112408) 6
(1000,259.84085826858234) 7
(727.8039635602515,715.6503684929648) 8
(199.6343823347841,341.87790283719806) 2
(303.27478037055937,857.9405915457172) 7
(545.5758356110256,460.45760240390865) 1
(8.826849194031809,0) 2
(776.7546050808389,103.26972109552798) 1
(103.77960097840344,359.9932774656305) 2
(898.5805832308987,393.015563474914) 6
(1000,434.06939041589305) 1
(252.19678382534926,914.0838992189516) 6
(233.18883943170937,877.2921393225929) 1
(393.720159159485,778.9930289698586) 2
(824.8413082264285,756.2395415967896) 1
(0,747.5103659127402) 2
(913.9222258086083,409.2753543948571) 8
(156.07709674593713,151.0670062718928) 5
(773.6864162569266,1000) 1
(591.4038560150212,1000) 8
(0,918.6824329185363) 7
(101.25673510785299,447.7289105840296) 1
(153.17002555508537,563.1239205674973) 4
(243.73005784339466,394.6722011052934) 5
(809.8966533149966,0) 4
(215.76702366638796,701.4590422571121) 8
(178.09969352898395,0) 10
(513.6691852319437,392.0954526404731) 7
(874.8849949556702,294.50130752552786) 7
(871.2650923462305,446.08858664273106) 5
(675.9669621358197,651.6367159872353) 8
(585.3356039324215,0) 5
(469.5719363219317,864.9168657164889) 8
(0,503.7914436243126) 8
(29.864327785976286,0) 8
(215.01395094043795,834.1534781847736) 2
(911.9280680133576,1000) 5
(1000,0) 7
(322.8691294158691,394.19504943724536) 5
(438.2569820395603,220.84513434456767) 3
(669.8628393216642,540.7755054309229) 1
(825.8661947712097,243.34429140851995) 6
(654.4674488761075,619.7058498062571) 8
(666.1667048206284,733.1538993978024) 1
(408.8162808596117,590.3436328872596) 1
(90.75446618981357,760.8510571573214) 2
(131.13565717846768,223.5517327557062) 1
(619.9196665209391,0) 8
(353.2748461561172,281.81446370862807) 3
(319.80784417508437,589.9389383134022) 2
(363.76333809059594,370.71435382818174) 3
(854.7638877745461,648.6206202561494) 4
(96.52194935816499,850.031612096262) 5
(534.0086951884506,560.4384817215741) 2
(383.99065634228634,0) 4
(975.2260209893645,15.291973365374986) 9
(533.786037947338,199.73312759824842) 4
(679.5295537094238,0) 4
(883.6062874193391,525.0928306115901) 7
(722.2824975070262,391.7027161642501) 5
(694.8994026202979,563.6788499260033) 3
(813.9890600833842,1000) 9
(777.3240557537716,354.79670821725085) 6
(749.6992014551308,89.38403932814578) 1
(1000,955.2415631366405) 1
(778.243962467254,405.7591960092493) 10
(506.46628273328963,425.96728890925624) 2
(59.812002991797726,0) 3
(487.0186124728116,538.9836992954881) 1
(692.2150222361821,492.33232312995517) 6
(661.0524210801177,354.605064951518) 8
(814.4932263406233,831.2132177166594) 8
(0,614.8911630620687) 2
(76.87222428311884,805.3583140569793) 2
(791.4796092185481,587.6011666390414) 10
(0,527.9244549608935) 3
(0,853.7967068078688) 4
(316.56536980341167,658.0922312225067) 3
(329.04576268144046,0) 7
(490.20277871071903,922.3239065361993) 1
(529.7229240558337,594.0852903190818) 1
(0,407.50187274270684) 5
(710.2820372107359,860.6131306591795) 7
(361.4333121841015,1000) 3
(220.20832015271782,534.1934280432744) 5
(285.2607968612533,137.0587776315387) 5
(635.675757920216,557.2327240858111) 10
(814.778712437754,108.76524610992254) 6
(523.7559472465916,218.1059148166068) 7
(681.6827037864731,223.8231422707497) 4
(1000,578.6036080469673) 3
(0,560.9622814161353) 6
(563.6949164252933,348.87129733325094) 7
(697.5678041354906,670.3451803110204) 1
(0,201.8009264205976) 6
(338.1695072294817,1000) 10
(67.70181960227262,894.6213526105133) 9
(0,478.1243900396733) 5
(762.5348940328067,381.3737748468884) 2
(516.1528002739736,638.0574001999167) 10
(547.2050340667512,646.6753781414832) 9
(471.62386719026733,501.1098177859782) 1
(722.1627555457571,779.2568361837064) 3
(407.7925007723688,1000) 3
(865.5155994725349,270.2546224140408) 7
(454.7571354751229,260.52267907273483) 4
(191.08750293359878,765.2835358957027) 10
(268.4551576320444,484.7679055362047) 4
(955.5588249544853,0) 10
(142.60891901336748,1000) 6
(0,659.8188654509568) 2
(192.0146585349412,771.032973991647) 2
(381.64721487349885,482.6044829978076) 8
(160.67744180764498,156.3598965443182) 8
(664.649806131632,647.5560054610978) 4
(926.267793671134,64.5744221318842) 10
(866.3354107910554,158.55650914541076) 4
(455.6505854424545,813.5333339519573) 9
(141.80515492567332,957.8247033201644) 8
(492.4862894684513,885.7939671459962) 1
(186.54033715138542,819.2917174719161) 1
(607.1493224070773,436.6470572418509) 3
(804.8893244495127,0) 5
(800.292138000765,333.6725703143653) 8
(650.4321928376706,1000) 6
(526.3094708212742,725.7764013496833) 8
(612.1727561068996,838.9590733537423) 6
(275.069340421526,109.2222461223011) 3
(279.94871645816926,1000) 1
(0,219.17025487235202) 9
(1000,663.8557046872036) 2
(528.1901338994197,439.7713940460772) 10
(318.61667265389815,543.1998143351211) 4
(522.6286940364018,236.19805802720384) 1
(373.58639798620703,1000) 3
(880.5376498782633,0) 2
(344.9720594462111,497.8771769053135) 4
(269.19451337551914,592.0418248979372) 7
(763.1872579278113,792.1350102785775) 4
(1000,330.20369690275464) 9
(638.2988021606868,242.5923478849947) 5
(761.5306740295175,514.9217103599506) 7
(269.15248287693214,0) 10
(0,655.4464561914722) 4
(444.9279385578664,383.483129059239) 10
(804.6786642338418,852.6505260487562) 2
(376.4355059064509,622.6453978780485) 2
(280.2736442413275,474.25132642405225) 3
