1000 1000
10
(0,0)
29 80
200
(967.7570419792828,565.3034325478893) 4
(257.9442488278572,636.1881606050915) 5
(582.8702360981899,958.8197443867814) 5
(1000,657.7099643928887) 9
(708.3534713136145,332.8624563572623) 10
(498.93649529262376,623.6875662397631) 6
(858.5238429014839,1000) 5
(831.1057085936804,266.15014692714) 1
(646.2021872733868,532.9070786741562) 5
(17.266147584293833,266.22864480766316) 5
(372.7524066909936,1000) 1
(555.9011183150992,0) 7
(580.3669537340174,351.843219405377) 4
(0,917.6089641758439) 5
(1000,333.3177466532792) 4
(532.4084153378666,441.6771057962113) 5
(437.5606702565492,736.5381612385197) 3
(380.2397905770457,439.4904337242245) 4
(429.51434406774183,786.6598544277703) 5
(635.8425013319412,1000) 1
(297.6634369093165,707.0230638047817) 3
(836.308365685305,247.41345479505932) 1
(89.20213037846997,450.1490262682967) 10
(17.34702630151253,786.9458943909551) 1
(195.94168054958152,1000) 9
(525.2738722253473,836.1034965193378) 10
(378.64126535759453,723.8972125904886) 8
(1000,668.1328849341744) 6
(51.28875746537511,0) 4
(724.4825774322804,639.9828881151747) 1
(277.82418830129745,484.045736949762) 7
(0,545.4987142002044) 9
(834.485885217799,0) 9
(295.8689464042717,0) 3
(889.5021882367222,286.1303097311293) 1
(0,428.2187373977514) 1
(209.75351684745095,480.01473162967517) 6
(643.4747929925803,1000) 6
(510.8949386538782,412.70079058966667) 6
(460.5753865925552,21.08408403173968) 5
(570.2747952670692,525.6114565623119) 1
(515.758621712581,576.1219791650233) 1
(645.585434163729,0) 4
(471.22794043236615,0) 1
(702.2470274133136,435.5883644011051) 5
(332.59709979777085,0) 5
(828.0418961141584,166.6185452601503) 2
(471.16639772475725,168.83359919689468) 8
(95.33721917973855,444.99049211465353) 2
(715.854122924678,409.1345188350051) 5
(254.072928994693,723.1347275199694) 3
(0,414.1236332891966) 7
(1000,857.4484870464892) 9
(0,776.1056875229784) 1
(500.1337498307365,628.7539999729559) 3
(594.2700658053834,555.7570531787052) 3
(628.942538558262,103.03495260616376) 3
(389.42419790821504,277.92413481711446) 2
(480.7462816744773,953.5360650409626) 1
(696.6377246105078,114.90100311060434) 3
(1000,381.6606560689805) 3
(846.7580597666472,891.3645929804829) 8
(830.3691135808529,133.82430599770692) 3
(322.6442088428972,233.18754546080322) 3
(477.4451686272116,755.5098863535055) 1
(322.32042314731666,399.35007316373475) 9
(535.2871964396,365.9779299706602) 8
(328.49845707292246,606.6757225429882) 6
(380.95378476626917,752.2806383402633) 1
(54.99485923480364,624.2841521745489) 2
(745.8415732669798,117.77684558271733) 3
(110.70743266427706,1000) 1
(742.518711551806,555.9700795363705) 1
(588.3933117222256,674.5412069462633) 10
(163.54744976527292,668.4556831665124) 3
(1000,532.2623993723383) 2
(19.980447002768983,310.6240689666248) 4
(593.661218837751,389.5390953017028) 1
(529.0962454513184,767.9773166198682) 5
(455.4147361605392,421.9799997991546) 10
(0,469.90758804024193) 4
(249.45459055541673,692.7921175504052) 1
(368.5780608007225,749.8078450904792) 4
(541.9247584254367,774.2151901688937) 8
(358.4393958678113,138.45265145319337) 5
(376.70402091222275,520.4299312284737) 8
(1000,0) 9
(778.4064720007873,911.4989576943672) 1
(344.37314137644296,557.3626161020463) 10
(540.9597524419644,551.1625655514969) 7
(50.32903740038165,278.2026657820945) 10
(263.5451205074073,572.4112167460504) 5
(91.38287247554251,571.9748895665202) 7
(264.00739779804803,776.2262457690999) 7
(588.7766950094508,63.39038239978481) 4
(0,516.0784683191052) 3
(631.1532982060456,125.41435962349811) 8
(936.4082679196104,985.785841810789) 10
(381.2954624196077,725.9823640617625) 1
(621.0536783824373,960.7652237339996) 1
(243.9157452621734,454.027714601742) 9
(987.8161298160499,47.529896978262514) 1
(115.80837265197135,819.2215822595231) 1
(252.24265604254063,498.92860359336777) 2
(709.92556564737,591.1823306417173) 4
(289.0188980312289,0) 5
(683.9129629521495,82.61971073707707) 6
(286.5205599325619,583.7930093643342) 5
(244.86808726075623,790.2643895370218) 6
(219.74873871074004,907.6383355101871) 1
(148.47363222220054,463.48874548004244) 3
(555.3637939274415,303.4219827417685) 4
(1000,231.37784387474613) 2
(377.6089232530571,652.8463061378876) 5
(876.7161062310108,459.04082389444557) 2
(0,468.2677228599941) 2
(659.4654920200262,327.9103488314994) 4
(615.5594394703821,897.5712607843946) 7
(0,279.8658633608263) 4
(707.0343792077408,1000) 2
(227.95079579309504,635.5749741207268) 4
(0,788.7836909329787) 5
(389.9341156171712,1000) 9
(357.94609302776115,311.4867240131946) 5
(389.49345077131716,146.89937723713211) 5
(799.770726697504,693.7680526557651) 6
(494.195601392834,527.7291802368709) 5
(1000,260.0374578228559) 1
(649.1003446180964,753.7012543046595) 5
(914.6825713446958,342.16896891294465) 6
(281.0398464788083,318.5496784521809) 5
(514.872006943019,267.8913213550346) 7
(598.3050380313852,645.950120996283) 1
(647.9794231783762,448.91158079388293) 4
(759.0010968218644,837.168713787933) 7
(292.5413597762896,602.4056334320302) 8
(314.41109593072196,897.0543623142972) 7
(340.86603103289974,387.0591594407413) 4
(0,433.9625085563597) 2
(802.7595804471696,968.2292343809411) 1
(369.1980827912505,534.8064423571877) 1
(181.05544248880665,829.0158095048034) 3
(337.13161201098194,1000) 5
(1000,168.1897283276171) 1
(396.5315193638579,34.23778555183924) 4
(863.9075894962215,545.8633385273122) 2
(504.78015811137146,924.5215140831092) 1
(674.3601931352285,551.0752860182411) 7
(545.3007172872615,0) 9
(346.31454876974027,309.70363812353935) 2
(605.962176716572,638.9125211366248) 1
(298.7830830089794,501.6320743700857) 7
(349.5378842279966,0) 5
(625.8371489839723,456.56116288945475) 8
(963.5963990658374,467.25626565618535) 1
(809.4871187406227,973.5570560943158) 7
(514.5008434322286,568.0326721305184) 2
(648.8049404879196,659.6478464685813) 5
(154.6382522623565,112.24545491276177) 5
(507.729675850701,724.8323540191064) 3
(677.3438031263429,332.5842188220547) 2
(286.81663302445304,0) 2
(679.0882694597508,986.5530370505915) 7
(918.3729599668152,695.9777063040394) 1
(644.1050451352282,748.1602700376625) 6
(493.62112216884526,290.80839804277423) 4
(1000,541.2018809786227) 10
(955.8719880524527,247.39941987733204) 10
(623.4105176914575,764.45823399372) 9
(414.09922870448025,145.16568731460052) 1
(0,746.6419351879272) 6
(214.39365534857012,957.7718525974528) 6
(96.97172211447179,937.900729761355) 6
(0,1000) 1
(103.67588636517848,124.0975316644047) 4
(393.61151180930517,629.0654162083348) 3
(312.9982026028016,360.53699149178476) 10
(212.4821803098185,770.3149380546647) 1
(737.5471289765629,423.9649144207735) 10
(893.463096705746,547.5547214470064) 5
(620.987056662913,549.675066033681) 2
(904.9637321729767,0) 5
(728.4537778745778,105.69816997177423) 2
(365.1820445800485,788.8791166780097) 6
(507.6801288452073,637.3398367175993) 2
(663.9732212403317,420.92717819139216) 3
(275.34733477749796,592.9883202877768) 5
(662.1679567445635,256.222579961073) 7
(661.2599252604705,1000) 4
(756.914951307263,1000) 6
(566.9705032646914,119.19744959620908) 1
(311.83765327676895,207.71947349988125) 4
(213.27646117808104,550.0935668375987) 1
(405.71113442578314,308.47249390205957) 9
(91.39601792492545,249.79282510232352) 3
(1000,446.32837596824874) 1
(400.29694697018243,248.53357957651113) 7
(878.233951599766,1000) 7
(449.5084994577916,378.1375621715714) 1
(476.44167108072793,326.36471712196754) 2
