1000 1000
10
(0,0)
29 80
200
(488.7330273329158,265.2840465599554) 8
(404.29247944768514,1000) 5
(974.3839035190337,781.3317479177917) 1
(176.8048690477533,609.3908798921667) 7
(518.0418349438371,1000) 1
(349.98124673186,439.20272688055013) 4
(758.9153630947491,683.611743096414) 5
(656.450651563531,974.5972534968681) 9
(1000,733.6381034705914) 5
(562.2072599727167,909.3408459738091) 1
(0,1000) 5
(544.0528779033345,859.6936954550199) 7
(577.2634077244547,730.9621270038797) 2
(1000,446.4935494045215) 2
(727.9622374317248,546.8068201181599) 4
(0,595.806042671024) 2
(569.4512016767948,511.57890141502935) 6
(1000,573.2664540725098) 3
(704.7862811962557,794.0204826179311) 2
(644.7119695319413,511.15114771431416) 1
(602.346100395497,102.29873517263303) 6
(172.57544975290818,10.302905235292656) 9
(702.5554972100567,556.6911881547269) 6
(1000,555.4005627947231) 6
(652.0346645289787,952.6011575586531) 4
(386.85212699199053,697.9780458592982) 8
(725.7759882938174,0) 4
(489.8844640442848,529.1566144974807) 4
(515.6087480170493,211.33329176633424) 7
(462.0323812156995,782.5456707788065) 2
(498.23281266824546,260.0184932454332) 5
(63.0708820476321,324.7913731298975) 2
(895.3383753252951,751.955102488305) 1
(150.14387626541156,725.2621811499529) 10
(555.9313681708676,682.8597167924181) 4
(78.29171399436257,0) 2
(675.5432482651132,552.6387740498886) 7
(289.759310248533,860.0284940258523) 1
(598.5697416112849,599.5992697304628) 6
(227.0020334858553,943.6543387642915) 4
(734.7132705718604,126.98796635724051) 9
(965.7364077537759,624.4418969368039) 3
(1000,0) 10
(843.6349296241079,583.0628853450354) 1
(836.8229918987449,847.3684289235272) 6
(937.4633056063378,706.9247795847773) 4
(942.4572070083818,401.06707503444346) 1
(777.1814766676246,524.1888284965922) 1
(581.2194286553568,411.40440720358185) 4
(0,397.335238610893) 6
(606.364921647776,822.8843878922659) 7
(651.5992144327055,434.6145279280852) 10
(479.89399812641904,489.42850692317535) 8
(27.499178157105405,843.089194502165) 1
(280.21824469602046,0) 4
(1000,962.6329581569601) 9
(617.6824709019484,466.2578224537794) 7
(249.15403461904663,717.81704752288) 1
(740.7927459561884,1000) 4
(514.7217228934035,348.2713709994965) 5
(485.55893627010545,451.7943221414016) 1
(47.09700336505534,150.71139683663256) 6
(232.1671717534989,114.79256663532408) 3
(701.6122683720852,657.8414265154931) 5
(479.16946105581485,710.0746543914703) 6
(506.18392294380874,0) 5
(727.2970392562844,528.7876695425252) 2
(512.2611051141027,524.9223377913847) 3
(249.52510513251448,336.69552172405844) 4
(435.500929896311,398.5672883380079) 5
(590.9797625654447,304.1317542463785) 5
(722.0900884822457,828.6958178720158) 7
(169.2253209123876,709.7941419972449) 3
(401.9461758568242,401.7543415831277) 10
(139.48547937055804,853.8456817709437) 1
(764.7905395362827,567.241200508612) 9
(640.937205190475,626.6722737642621) 1
(420.7877572853824,528.8463905554045) 7
(546.1702369677712,431.07959067756946) 4
(826.9354604394551,84.4285270401561) 4
(603.4887266452411,1000) 1
(693.1975063013233,410.16901685791197) 3
(29.87269070145203,788.5184748702611) 9
(625.2435701176779,14.26400315632958) 8
(728.1151594524273,398.52782087526145) 3
(524.0886609590199,666.7836706179402) 5
(255.57063613759104,199.0205677448858) 2
(850.7657443166247,319.2506464685722) 3
(730.7936289248998,0) 5
(574.762953008699,253.86692010827684) 8
(429.6441767195851,228.3611913286914) 10
(808.3142979206758,312.54397318536246) 1
(303.18564333266033,0) 3
(677.2598893915767,534.3839965478103) 7
(1000,749.6588644648483) 5
(0,163.01503144418643) 9
(513.4732796040614,0) 1
(149.5793336981617,372.84812625870654) 1
(754.4776052800099,269.4623607440206) 4
(593.1946081902581,639.2420926767794) 1
(668.0754248243134,1000) 1
(173.88981930953258,138.8597892365555) 7
(255.1676353255605,457.30476246802255) 4
(626.4159066839433,434.95303570748996) 4
(408.44275046760356,493.91659340067224) 10
(591.4444970012921,402.8202338353454) 8
(318.31595461451394,370.0043078524582) 10
(302.91298555896645,454.7985070683036) 10
(466.2179944415915,784.5480140151067) 5
(912.0010006951129,679.8401984986355) 8
(343.26804708297186,573.3017819527242) 1
(575.9337467755946,242.0682713196553) 4
(267.2452505455597,797.4023231761689) 1
(204.76998490433732,822.2090621502452) 9
(366.1381805749912,267.9752847656352) 5
(772.6288200295533,721.8695345558057) 6
(1000,703.0145068116765) 3
(664.9579606133436,843.3509901460827) 4
(501.48780355258054,896.1421609985177) 5
(311.6592558871733,553.6751115377724) 1
(315.31518879768396,0) 4
(332.8938646377632,442.8023628268295) 3
(487.98252539900966,0) 3
(0,818.9129263179224) 6
(447.53989768065,363.1362729716618) 5
(921.2891477632152,621.4194461434258) 1
(202.03743742034698,0) 4
(363.7964241147828,851.5482189959159) 2
(713.4815742317641,311.73852699986475) 6
(0,265.7355250799003) 8
(77.50337230550457,1000) 10
(862.1087010968818,359.23712373227283) 10
(743.0797980463069,0) 3
(554.7443400393768,240.7300779302235) 2
(282.5222221653506,151.57939629056784) 6
(386.2491842482212,818.1693800740469) 4
(1000,333.85809094169724) 7
(368.4078837725775,776.4160289721935) 10
(559.8798511809451,669.7098736377147) 3
(384.6550945361904,0) 2
(420.33747765988653,298.1667762613722) 6
(671.8967640708545,283.6215313854732) 5
(691.2859307670766,993.6862102734749) 1
(549.8897121335502,662.5586535446174) 2
(647.4399838370182,54.26779054188876) 5
(501.059391436564,422.97126172601395) 7
(213.60995966566253,604.0338064059574) 10
(585.4796979688119,7.109107651028808) 4
(808.0962713664546,902.9492750707277) 5
(0,967.3750139143021) 5
(801.6150054718019,694.5299458542215) 5
(96.58758949334555,574.4127738608449) 5
(476.9450076302915,256.55296700796544) 1
(95.66082372707137,956.8916296506832) 4
(721.753525080345,975.413614534248) 5
(498.803105630007,657.6391457419616) 3
(510.69829869016957,499.6182286995622) 6
(876.1778633936956,730.2332021724044) 5
(169.74208837478295,483.94116609138285) 3
(580.1610145657154,429.17873727855715) 7
(715.4796286573826,573.0895964351782) 10
(469.93982558447635,702.8552698941999) 1
(197.3274764274817,1000) 3
(1000,658.1456013012137) 3
(690.3340083357839,407.2176899492416) 5
(653.56156647079,379.95557581444507) 1
(330.7877893086011,315.63840176829217) 4
(1000,920.7680146210982) 1
(881.495474288731,170.1014529493204) 3
(48.437409175260825,1000) 1
(547.2171176131694,588.4360394379498) 1
(360.64548693900645,687.298811206406) 5
(777.2162572120335,471.10013156630845) 5
(616.855635536542,450.2808189437592) 2
(742.6961593646702,956.5003992123754) 1
(689.2170077359331,858.5505383176805) 2
(116.17821473112036,671.0334677874038) 1
(1000,489.355831598499) 4
(644.8684654891043,0) 5
(958.3214863354558,829.4541719564075) 5
(836.5132029146034,233.7847429783838) 1
(687.5227154746406,73.41077397191003) 2
(878.8033030826414,699.8636048573258) 2
(1000,254.85642789145567) 1
(319.0390426687549,525.6898005268301) 7
(612.6871881438826,256.2867614581073) 2
(866.2493552531569,204.20539115393177) 10
(525.4200750725837,432.77767613059405) 5
(8.458270623727401,1000) 4
(1000,480.8133333666438) 1
(545.0359691929071,149.32901215847613) 4
(385.21487388370633,550.239598957259) 6
(1000,443.68428465513364) 7
(267.00094180258117,818.5210639390662) 4
(188.6139186820431,89.53614156655664) 4
(928.1915255605454,586.0144227044619) 9
(651.3340320947528,700.7407869462309) 1
(618.073399749566,494.65673934654984) 4
(659.5084961522755,920.8887119641665) 3
(860.905062543211,1000) 3
