1000 1000
10
(0,0)
29 80
200
(1000,432.73950142147385) 3
(813.5047526259764,419.96790389908585) 4
(0,119.5438578400192) 3
(410.22471030816683,334.2163370934817) 1
(41.66791439054714,292.1749707129794) 6
(915.4681974951513,865.7758013695977) 3
(455.52147291008646,685.2953708273373) 5
(250.26868436564598,987.2812676317808) 5
(348.1666517510887,311.77943781156944) 7
(713.9628991378164,281.3053270708201) 1
(563.999303546345,454.15411226299625) 4
(303.74311387746445,256.73214568694885) 4
(485.93262408635695,739.3666681414011) 5
(225.90627219956002,96.23285328370974) 1
(495.5526103614341,915.1762683862406) 4
(442.9162038108617,0) 7
(185.71671495192675,823.7966549568494) 5
(281.02635224872824,855.2755398387485) 2
(495.2958900394598,1000) 3
(207.61814450543721,369.38517099387605) 4
(138.9961848252304,814.5027677847904) 1
(770.999451460538,649.5359299313608) 7
(337.77669974645755,955.4410871158666) 10
(696.699904216072,43.69604082794814) 4
(387.55492389326787,169.12674035353945) 4
(68.17412176867549,902.7450352803512) 1
(206.0811457840668,259.9187180168933) 7
(307.52773682948066,489.8200375832748) 9
(1000,845.3951819415322) 1
(665.0798776139967,664.9497532632497) 3
(881.681903775034,684.1602705661737) 7
(550.2302788372618,822.8103305391946) 7
(1000,745.194311711542) 2
(807.9804769701984,1000) 10
(204.97454343392207,860.5924458612615) 10
(1000,605.2882296615472) 9
(530.6320405582537,792.1276143449093) 3
(204.02281942112887,237.59915995857898) 1
(626.7704441262375,811.7467172152342) 5
(631.5502259238311,655.0490633319198) 3
(631.6416284401248,746.6155916693417) 1
(659.1110424087299,437.9233120410486) 7
(546.2884153264307,370.63425276628107) 7
(624.7156991171249,1000) 10
(386.61756679645913,633.5875234223191) 9
(399.17546436383986,648.3240896706019) 7
(735.701504343213,309.9773548947909) 6
(678.8262820587572,199.89276787060032) 1
(283.7238853726877,778.9197204081087) 2
(1000,709.4644293623111) 6
(97.6748318150589,0) 6
(901.4171635626169,0) 1
(760.7675913825705,0) 6
(493.72594146254545,0) 6
(234.18192644494604,839.4982570743455) 10
(1000,561.8769210791946) 1
(152.5092669707269,321.79161612753603) 3
(338.4972185343214,787.9445131732068) 6
(212.4887586354397,805.385273268166) 6
(325.2260934087412,986.1954528582683) 5
(288.5838574083177,662.1934212387846) 2
(94.33881288491193,612.4993523952555) 2
(648.0406156202125,675.3468764654474) 6
(956.1362954612198,961.109397504657) 8
(186.79817924185505,984.5537728553506) 3
(721.1901041464055,853.5839276539431) 1
(962.0659899665113,0) 5
(987.0232344374656,736.1966251517124) 10
(491.0954072205866,620.3456049711747) 6
(39.33711661124329,0) 4
(132.22578858654504,181.44335658382016) 5
(268.8467710169731,655.7715822516504) 5
(393.6478292102619,762.2803316894613) 10
(1000,293.2341704517848) 4
(56.66186419987855,1000) 6
(646.8379754264938,1000) 1
(717.9901784796614,223.764152876779) 2
(407.8639188096248,642.3685140131344) 2
(509.7597648788314,432.47547026583595) 1
(350.05624480331795,571.38651710645) 4
(166.42055643839075,0) 8
(649.3439303701067,38.40050081398431) 5
(431.0087817001212,1000) 7
(0,524.7538508792416) 6
(1000,159.19176492012713) 7
(0,383.9467251383886) 5
(373.30140959908334,304.6810625197544) 7
(596.8977503043249,744.4510779108705) 6
(636.3140342569021,0) 1
(553.4241557793843,385.0033204921599) 1
(355.3805326441932,0) 6
(380.7724592268571,312.1273799084179) 3
(460.8975810083942,680.1260458143621) 7
(240.50563592026447,17.07308831680831) 9
(603.3262367913767,631.7933080914405) 4
(229.4624470255864,130.21427794688367) 1
(124.52652013264958,739.3196942136336) 2
(611.2792024096957,392.9258277335949) 8
(573.497787097085,211.62464270918878) 4
(235.55665584405358,522.1050896569624) 8
(212.87012583452918,437.907928663126) 5
(639.4598657196372,216.5077814975263) 2
(672.4345915240182,0) 3
(923.8713008608863,583.2209743102031) 5
(457.1167932946398,530.5676883000908) 6
(713.2588756324997,6.532140653109764) 3
(486.8999971859991,921.6804910926464) 5
(388.6453154793792,450.2012528472561) 4
(960.6175771479902,376.66671344389806) 3
(437.3994163670584,44.99976144200724) 2
(253.8367251133988,447.5327820385798) 1
(884.3160378331979,812.7145428833076) 2
(70.20911863113128,506.71016527021607) 8
(143.2992768881955,1000) 1
(770.009297863365,0) 4
(296.48416888934366,759.8922472392554) 2
(560.4023563309706,707.8844333410917) 5
(192.11844282867366,731.2811338700658) 7
(293.80473013248195,246.36915213593784) 5
(0,381.6420980516975) 7
(490.38533763879354,228.87429246174372) 1
(870.307101087227,202.67798452591535) 1
(534.3124247988512,424.29697486987635) 4
(144.08745815439852,333.35344129993166) 2
(385.44275572250694,423.13186158164103) 4
(672.0412189962985,409.8091057567397) 7
(0,812.2256103061367) 5
(489.84851835070594,1000) 9
(408.70082044062946,809.5632546616721) 1
(424.75265410676224,610.784982956375) 10
(616.4559746578253,376.2279763077539) 5
(0,180.66652886614128) 5
(602.032341260762,258.6342533380341) 1
(769.8568185246158,741.0107142691835) 4
(362.6155016471488,184.4150478492698) 4
(352.2735121347282,346.56494197901895) 4
(393.2336919666311,298.1697578542743) 8
(349.31014601435527,295.41874472668076) 5
(238.74552269917166,0) 4
(312.78585320144407,121.74375454127971) 5
(588.7358784997305,901.7276422222561) 2
(731.8787205088554,371.3218795456537) 8
(308.77484312311384,669.19698705866) 9
(379.43597187497204,1000) 6
(452.1147578987719,739.5313683307038) 4
(399.88258588337953,0) 2
(160.50550360600238,546.4087110044146) 8
(420.28130497328186,231.0622318478791) 5
(447.37631888458253,503.11138646871365) 7
(678.0035723140587,700.1303101081065) 10
(487.90447653093094,525.9376417609565) 4
(628.5544221679788,625.2659618529175) 3
(421.55326155132445,303.749361638192) 4
(381.3827389214104,498.03824176390907) 9
(697.3248919689852,608.6609144448954) 2
(546.9675649404563,1000) 8
(690.2041955911452,673.3540389030512) 4
(172.60287631634816,426.24649866213196) 7
(331.7828900411415,661.9872539124858) 8
(850.0456401559877,353.68716984610995) 1
(513.131881557237,1000) 5
(625.1929940949532,823.2962469224907) 1
(445.71520113340466,70.57824018930984) 1
(556.6170384698455,440.6886003752782) 10
(461.56915269440395,336.5841595572065) 1
(0,95.71555380168928) 3
(520.5062533699147,234.5378914691937) 9
(493.9953618338961,1000) 3
(670.2356367049381,1000) 7
(478.1057738910821,741.6682542436961) 5
(0,246.4206135033509) 10
(0,460.67725590932247) 6
(467.20685148231587,263.19381899651523) 5
(0,1000) 5
(1000,480.0901777328622) 8
(345.22933100231216,248.97412904578704) 6
(278.879155945065,267.132495210986) 1
(599.4263285176021,315.2670536838865) 10
(901.1949461765519,1000) 10
(432.36562645930735,935.6775257950467) 2
(239.68183486735194,371.9023202250662) 1
(153.463502408591,350.42674028026465) 3
(625.640075837742,466.36816053273685) 4
(658.8380717450748,0) 8
(172.04807245425474,419.51691399491136) 3
(734.2895384043868,0) 5
(915.9766036048736,618.1945710175916) 9
(896.5892441855814,336.3883567241262) 4
(195.8049960590455,797.1194443550671) 7
(317.52747715887654,304.3996872578843) 9
(477.85822841838024,675.6214561660765) 6
(1000,375.4871133944332) 3
(622.3174892671997,216.5264207488006) 5
(425.3056669841759,520.3910700927615) 1
(322.90546924020373,446.5807535695192) 1
(1000,848.4767634694381) 3
(371.9603001698824,466.0786198850206) 2
(463.2429457565081,94.21476098980588) 3
(390.3369645122794,534.3853122179357) 5
(639.1819839267976,0) 5
