1000 1000
10
(0,0)
29 80
200
(856.2089466945472,94.47721335709878) 4
(781.0382634134087,615.2784486628241) 7
(0,0) 10
(5.762263743026949,593.3617304886185) 1
(39.24200059753002,0) 7
(198.3396780204614,442.36773569395274) 1
(169.22892646207453,804.472170067694) 4
(183.75919974876194,155.0142426548917) 4
(483.61804886077664,161.87634370077473) 1
(124.13640856272775,0) 6
(385.7021410647955,609.388702701057) 7
(471.5852473961848,822.5577459622782) 8
(764.7803945523128,804.155326343403) 5
(14.61648205923791,593.6380541927862) 1
(240.99233877605593,419.23143015916) 2
(461.48662756265907,563.5981697673506) 1
(456.9492396927459,187.67705269069603) 3
(396.37594223848356,109.80919678949402) 8
(935.3301387981697,1000) 5
(89.71002443657551,454.4040852210111) 10
(337.239617300027,786.4249761553033) 1
(5.400591652395349,702.4876588954792) 10
(896.2791484723011,826.7387283612002) 5
(825.9281680848713,781.2378526873085) 6
(461.1038528044925,0) 1
(256.2406494048114,839.4976613717282) 4
(501.96557744133077,482.58635750454346) 10
(557.1368866069097,397.30585964622276) 3
(68.66648860566215,1000) 1
(850.0027848184561,589.2064352051606) 3
(761.314464195731,186.6869019143142) 7
(534.6181871117365,551.6130318441895) 7
(1000,0) 3
(333.08957774327723,541.4390449940681) 7
(942.9071845492256,267.3717365193731) 6
(833.3334357930692,404.6804807199938) 4
(470.2612426770287,382.06855246481854) 2
(643.2954540538965,106.9395107622538) 8
(462.37724386364056,286.4885533179414) 8
(661.4069556248792,0) 3
(0,708.3235599455054) 2
(692.3323577236139,650.5880659992197) 9
(1000,486.57836005037154) 10
(494.8620506353558,1000) 7
(986.845416489403,45.77795708850317) 6
(693.8498954382724,544.2371052626365) 7
(589.4007985066414,403.7893464903248) 8
(970.1359246815118,505.0048213928551) 10
(0,611.9609602679145) 1
(158.1694406048967,618.4681233258569) 3
(501.9320856996777,439.92712255565834) 3
(464.3849166325476,406.8720374417894) 7
(142.15087535516193,625.3575775765137) 5
(77.69551780854692,991.4900049695699) 5
(505.71648197027923,144.33730024884392) 5
(647.5783313539932,617.4631215634554) 1
(812.0374331016113,577.786954182521) 3
(585.7130544243392,0) 6
(786.846149979584,1000) 4
(739.3182384929291,287.04164937659243) 6
(1000,389.3150999964577) 7
(0,534.6734475283907) 8
(515.7662473694853,353.39556192204054) 1
(165.59013232895114,498.5701765163543) 1
(556.2011835995796,0) 4
(380.38596581739256,509.8625413582986) 7
(406.4522752227132,869.3673261420394) 1
(929.3137498640817,712.7185318035757) 2
(168.47895917523152,0) 4
(766.4349230163494,444.8416433645095) 6
(493.85262530075295,712.6420770821276) 5
(446.58428896283135,658.0418888971308) 1
(338.3922492206071,251.63971914534008) 10
(719.2998118813169,383.08911197369287) 5
(0,932.9829070772798) 4
(230.81616369073862,493.0808043781624) 10
(258.77504459754516,428.87509272394107) 10
(474.6383042344089,862.2952705278137) 3
(923.5823960895221,1000) 6
(321.9785902710767,521.1508603422336) 3
(211.92516370342895,166.74772754444336) 7
(490.9473638741004,89.43942052368988) 7
(818.5266631393864,0) 6
(334.2751052645426,386.02717233250064) 2
(500.9423179529418,232.68187006317282) 5
(254.59977166821244,836.9769019793466) 4
(448.90460874936764,794.599069217127) 7
(585.264750462283,430.36865689814147) 5
(0,881.1767206472579) 4
(522.3377397307237,606.3340791095004) 7
(428.87631770595374,736.8371883074919) 5
(926.9417140957858,801.5415016958334) 8
(965.5253178949081,610.9886359266098) 6
(713.0149917799458,881.9167305751042) 6
(379.29744744754385,450.9471290720043) 10
(930.2096733826332,317.52360248272595) 4
(854.443880486095,408.83317957526583) 6
(878.6080883453028,0) 1
(609.2881273572094,181.15169433036488) 4
(238.28820149466475,699.977264111488) 5
(1000,480.26316526236116) 8
(441.6345766699569,440.00302262918996) 2
(929.2967465686233,777.3236094286966) 1
(727.5202049548393,618.3389249623017) 3
(0,1000) 10
(1000,910.6274977266096) 7
(512.9695866281501,704.1671756724081) 5
(481.3970748206705,440.5617829305831) 6
(202.07332350327556,616.9491128806296) 3
(258.22579129980124,79.99636696089777) 2
(0,693.2165566906247) 7
(707.3125661464426,381.2885136345909) 2
(303.0390992059897,639.7490106620992) 4
(135.8830498209627,556.9755549089668) 1
(492.6885385371095,1000) 6
(336.98031278332076,451.9032211377183) 1
(689.1531642006292,583.4983058271914) 7
(276.661608318955,355.66248911382127) 2
(84.85846217719063,176.31469246501433) 5
(5.341249759437062,1000) 8
(700.3037407023037,138.20928971560483) 2
(38.00002923755835,0) 10
(339.41994737935295,819.1793920778716) 4
(351.66320253823125,956.2753749673452) 10
(679.1321397550505,707.1708218707465) 5
(669.1724243721178,221.77162203546015) 6
(328.60789432278216,519.6533247540974) 3
(223.6111153051329,941.5421830596467) 1
(555.5231401927588,926.2703795446859) 8
(1000,140.71232636066173) 2
(519.8052940883197,322.20367480441314) 1
(80.96940246375965,322.17543691825676) 10
(712.1314928937389,1000) 4
(435.91731719036494,674.3140303054796) 1
(1000,1000) 5
(468.9559012070723,670.7349485920593) 8
(425.15005825148205,328.95285601048886) 5
(672.3421910082816,677.6175085309156) 1
(453.09283289685425,381.503041461786) 2
(529.0292061378677,584.5560416679476) 7
(370.73104634168476,840.1988723902466) 7
(514.6189100566577,950.6782707753878) 5
(2.212211227104831,606.7950072259329) 4
(831.6557924079447,460.31464960920414) 1
(585.3020715645642,125.80785607571602) 1
(336.002628704309,605.9250456816605) 2
(367.14342217423666,565.4541963905995) 6
(369.46221533133763,265.8346833399857) 2
(990.7238785094984,636.1279370572598) 6
(512.9717298744733,0) 7
(774.9983463642171,377.08582827821857) 6
(293.5396388021153,176.2497470299321) 1
(578.8957300365337,555.5592189656047) 10
(144.47463125816859,1000) 8
(354.98204118066104,927.5704407447924) 4
(125.37169363056904,846.1848777980043) 3
(1000,498.16908263065386) 6
(166.28106716420365,585.7727152227278) 6
(318.69406884688317,237.8383904318464) 2
(369.1077374957228,380.3940568511442) 6
(711.6431653616771,1000) 6
(389.6177413383699,0) 3
(132.91502887973837,557.934544799074) 6
(468.2981870029827,935.893254163226) 4
(0,380.4790432671577) 9
(992.7884533425613,826.911132138292) 3
(5.894310356871927,518.386891792303) 1
(429.24249395965194,705.5005919807967) 3
(652.3646318339045,561.6053586973286) 4
(141.89802276666302,708.8779073278365) 4
(340.5500498961592,0) 1
(0,695.7378368135796) 4
(300.8925113731905,359.53957897827877) 1
(680.3845477082848,791.5486614357734) 9
(694.1226238465574,372.63446563564463) 4
(0,301.9768073557792) 4
(743.9378971462612,0) 4
(484.4355012649468,65.95842463814432) 1
(464.3162711384129,903.2414227352523) 2
(420.9690314567647,754.7385468420633) 8
(493.51318545517336,32.8055421324151) 2
(597.376553510593,610.0740162701959) 4
(393.20182875053183,837.3067014876781) 10
(511.2327420293638,212.67171541214213) 4
(473.9416747109907,0) 1
(974.115351962408,224.50481944765534) 5
(26.253624431884305,327.81757462953726) 2
(900.2765156415674,615.3707581514165) 1
(800.3778417662243,278.6597733062946) 4
(615.8334760194664,185.99383126967257) 4
(443.48469181372843,633.7169100051357) 7
(113.06422444595472,730.3600848352228) 6
(186.1738446713922,454.7148671485034) 10
(995.625415143056,1000) 6
(33.81593621711204,715.0613362661863) 2
(57.90111856979496,377.182817932699) 10
(134.63941884482426,120.9568403617389) 2
(67.51267973665477,443.31838174547994) 5
(71.57830128100238,519.4507402439533) 9
(788.2177468006321,510.70382101318864) 1
