1000 1000
10
(0,0)
29 80
200
(372.9225716157731,0) 1
(352.8306331316004,670.0719483165262) 1
(390.7432511489348,495.11542115873516) 7
(260.4612197210114,962.5797560239398) 4
(59.74065257746787,935.7354295638456) 7
(1000,303.920202787649) 1
(1000,587.8392487000815) 6
(0,1000) 4
(311.57030911004085,700.278573356444) 8
(416.7299562622011,316.48819927261485) 3
(745.9736502484623,477.6071495390922) 10
(847.2294260115132,297.23611775626165) 8
(397.8897303923505,538.529583903095) 1
(394.00785208841467,289.942576287612) 3
(0,435.0930789735822) 1
(750.854577744863,423.1810789409032) 7
(289.9107866685221,590.8228306189804) 3
(466.81350409180044,843.4840683779187) 5
(0,511.2847988421151) 7
(936.9112333580533,629.3418560341436) 1
(309.0383478793376,850.1324085769286) 5
(801.4431288864382,68.99773680215998) 5
(147.70924571767785,722.479624767187) 4
(809.208210395378,360.4509249025838) 5
(250.53541160702528,438.5830483540195) 10
(440.33879613344766,433.846967267513) 4
(548.6356982059252,165.08097166696297) 5
(447.26615648661755,620.9027973024318) 4
(696.4854952960546,779.6139600329562) 1
(692.6445920382189,514.7645659280272) 3
(1000,595.3578606442038) 1
(0,85.7269340999784) 5
(774.9810837628397,858.7518389213556) 4
(684.8344468054189,603.9247089290781) 2
(693.3247346847664,472.4046294559138) 5
(559.7412845546384,952.9912262234827) 6
(693.8885131049972,0) 5
(208.3622925075506,448.17515304044844) 4
(0.9972540903214622,374.1336321619923) 5
(692.3097453989479,532.4388335245576) 3
(287.1137227222757,750.3613785108665) 3
(386.23234356434926,419.0420349382985) 4
(1000,242.4273804409474) 10
(698.6250787335377,366.35618375662364) 7
(1000,394.3404422497738) 4
(176.32623936423312,482.97444539988624) 8
(739.4065680896992,648.1888135648308) 9
(698.8624321729258,507.50513704803063) 3
(362.3521883931884,791.8562846329531) 1
(480.6298145109848,1000) 7
(405.6394026682971,448.43788348306873) 1
(68.98641763547533,444.14604365445103) 1
(292.1677491763114,924.2132376322692) 8
(250.8211438308405,473.3220434161512) 5
(744.7018501493135,654.2010664625477) 2
(1000,437.5308186874896) 3
(527.105411839872,817.7574454216963) 1
(593.5170485216354,645.892957594114) 4
(357.30103650341243,0) 6
(433.1454101034728,493.87958772464873) 9
(164.87132669308755,788.4248687067156) 1
(616.6574195100753,1000) 7
(969.4081921069019,124.96714420021715) 5
(807.3728590150065,1000) 7
(460.94484069600725,324.8137580255966) 8
(0,60.951129982717646) 3
(424.5757513262319,367.84621803671644) 4
(327.20517452822713,199.8226128782951) 2
(24.6126625086348,967.8138574286077) 7
(731.1236959858486,0) 8
(426.27656873101216,483.49338311155) 2
(613.348072534387,1000) 1
(555.7121702707847,1000) 3
(802.2369952351523,497.2763197304407) 1
(631.2992416475703,816.9345993677969) 7
(224.00869572640045,590.4660777072033) 3
(456.74320353710584,455.25142124525394) 1
(781.1816062175284,421.19253605570316) 8
(687.630320379603,339.77162559286825) 6
(330.1954559452503,399.11472945454847) 8
(55.444540936592944,926.5221944508579) 9
(206.1384609121829,251.58672308875055) 4
(1000,516.8150179175041) 8
(149.96725148024643,0) 3
(367.23649567974365,396.05155781617503) 1
(655.6078094545296,809.6831326710658) 5
(888.6580303524643,1000) 2
(499.070033435421,371.9768832703262) 8
(896.9762679061887,1000) 2
(491.2957016949571,680.4349603055745) 5
(0,116.41616793257367) 4
(892.000821418354,272.51685024001904) 1
(564.8339060755682,354.95504440140496) 10
(549.8268888639158,679.0824212629975) 5
(643.3707846999248,852.8944277751194) 1
(399.68593130339855,999.1517041682769) 4
(1000,381.831526426943) 1
(95.06515302666708,786.2719223695944) 8
(765.3881905454642,0) 2
(333.4128464708999,620.259983663605) 1
(662.0735514086314,868.5251684379615) 6
(658.4734141548442,748.6245930103905) 4
(608.826571057414,0) 7
(0,795.5921021995257) 10
(269.34385494589395,967.0784197322363) 6
(601.5913944317899,381.69585022964196) 2
(0,0) 5
(1000,615.8171077249983) 4
(992.2389832708342,426.13912333913134) 9
(347.40757355457816,0) 7
(526.1043869327311,438.0096278172748) 1
(845.4669635343687,412.034158040215) 7
(11.83280057037149,965.7953806096123) 1
(87.1541502298225,194.38668896154599) 4
(409.89508374974525,185.26861997120602) 5
(1000,998.8599661956005) 1
(706.3876334195662,766.130971702203) 7
(129.69486962898912,639.5972247117844) 5
(908.4050526441051,257.2849569488334) 1
(557.4844026264828,787.9177357528504) 1
(1000,386.70927309403913) 3
(174.45575209771079,289.24652505336564) 6
(681.96701602889,522.1324537721129) 10
(153.0140621497638,492.27251821515296) 1
(341.34782228106417,787.414370324005) 10
(39.79654287383994,0) 4
(413.22967294773093,656.7473283335801) 10
(911.4851087562288,714.1964359635243) 5
(280.1720522027473,1000) 5
(647.330167897654,475.4765680125289) 8
(674.4398572416524,589.7502420808377) 10
(142.84383376132575,951.8565320331138) 4
(395.71991567797147,465.77596430943424) 2
(624.7306745695645,172.20563632870733) 9
(86.29773260663336,320.4810640552958) 5
(0,501.3094528794583) 5
(457.2875424154205,659.2214029473977) 5
(341.4041832468721,262.0382318683046) 1
(0,178.5262839767143) 1
(449.2360492508111,344.4512276011138) 8
(0,463.86511392126187) 7
(534.3859047289142,172.43224658949862) 5
(193.0460631296287,306.5053792959883) 8
(421.91118289962645,490.8423747873515) 2
(522.3881467700285,318.5920591601629) 6
(917.1776556815727,893.011499960229) 3
(412.7267600705256,535.0626921839543) 2
(261.4571765429406,349.11614772018675) 3
(758.7812951088982,225.79475050457938) 6
(752.5430956230036,872.6984008206218) 4
(618.8036498263418,417.11504036820406) 9
(383.35870265362223,321.08177014524006) 1
(176.6664103655873,435.6851531698428) 5
(965.959990092404,755.8105225002017) 3
(557.035006975258,152.73477521786782) 10
(685.4529275294533,462.8479739046515) 8
(595.9567157484508,780.4877133008467) 4
(714.1160460899482,399.5127146529384) 2
(482.7151975957369,0) 7
(810.7965398483518,740.9988989250087) 7
(200.31355978782722,750.9345952208503) 3
(398.0180290923404,878.6681864450122) 4
(680.5004517280166,638.1047714918715) 1
(720.9120454065853,115.42455846836708) 3
(686.2187384658369,1000) 8
(582.904293987421,0) 1
(860.3756558814164,695.488914724565) 6
(519.6890164349932,188.4045800297539) 1
(784.3707366906665,287.45245267232485) 1
(622.0253112848287,818.1725795537778) 8
(121.27670570533672,391.73377409566854) 6
(336.04012202226716,985.0318092869468) 6
(250.86706985498847,586.4401777786125) 2
(289.2744341885689,1000) 5
(0,587.621266407557) 4
(1000,814.964996520401) 8
(246.55990106164478,407.89112713882037) 1
(381.06827606499303,222.52727089360945) 7
(202.06456909348782,281.1067395857116) 5
(416.60171298394306,396.8262636088158) 9
(470.76926994897076,555.5855619344497) 2
(493.0751473170834,521.1932732677362) 5
(597.7945288823801,886.8769566546832) 9
(518.2425670945996,317.458793194382) 1
(552.5908903192772,1000) 10
(284.9981713133434,711.5139111273735) 8
(695.0243143702494,1000) 2
(437.9576141785606,406.1376279052527) 6
(1000,645.757180755882) 4
(619.5652704251149,1000) 1
(590.9429921575216,0) 5
(150.8908200656789,169.37363509697093) 1
(876.9327492201893,658.9786682152719) 10
(731.3397755069929,289.2536988266275) 1
(155.17969710190312,377.676552917584) 4
(0,938.3954380808709) 4
(771.6383374673994,52.807740694873644) 3
(364.2898779788903,595.5579988374848) 10
(802.564755267746,601.7664503057754) 6
(60.919035987282825,1000) 1
