1000 1000
10
(0,0)
31 80
200
(72.4120093110356,627.9928549785526) 6
(793.1711639593248,457.56458680451664) 1
(605.4314076545638,912.419658326586) 4
(0,0) 1
(481.3130274930145,1000) 4
(109.47765320392011,1000) 5
(433.6028900992219,470.182211030711) 5
(188.44558150956226,0) 1
(0,767.789129316193) 4
(1000,1000) 5
(386.814966668581,919.1574251570901) 3
(977.9880620144321,1000) 5
(0,195.8206530967031) 8
(137.17373611930583,1000) 4
(673.3412396889057,25.555417831130683) 7
(1000,0) 5
(858.0780174987622,539.7415161268378) 4
(107.75878465763748,425.3896652566327) 1
(270.43273097452436,1000) 1
(496.8421857657996,491.68392848303296) 4
(589.2660398655123,535.067097063771) 1
(276.5191841660987,913.478435784674) 9
(598.6361734049017,403.8297814425112) 4
(623.9351319765306,687.5712615421417) 2
(528.3839169271853,131.9889403270763) 1
(337.1903056086512,380.8694338363419) 4
(974.0408360568586,437.0537574983185) 2
(748.8200569292121,0) 7
(90.17436000922976,693.6020613550565) 9
(593.4049599793993,953.5532128046002) 5
(539.3417547378336,580.9917505675478) 4
(185.87578364864254,0) 1
(567.3549116449445,469.7022255182081) 1
(432.5724463058017,253.34407685713717) 2
(505.1211856786008,686.6460475794727) 6
(97.65457392950827,0) 8
(47.497714465708896,327.07348343136414) 9
(130.63222423141474,206.01313449674348) 6
(401.4329915526909,840.17900504675) 5
(288.82398526606937,186.58649981009654) 7
(462.6072204130702,349.2284087625053) 7
(0,405.34784873670344) 10
(1000,317.8951779553048) 4
(354.73500973412615,362.3703057210257) 1
(597.3625921238759,468.46442889851016) 10
(375.3502684410583,641.1993644469803) 8
(345.96694037466466,0) 6
(505.41092184798407,538.4875244269366) 2
(584.7139130291404,1000) 3
(399.21474684615225,777.4938354340995) 2
(438.54687617959473,676.4042251970689) 3
(527.7653491882744,585.5614352194598) 5
(1000,445.45026596995876) 9
(724.8812014369457,929.4898405459492) 1
(171.05969870632788,1000) 1
(0,14.121526065900753) 3
(649.7142912683207,869.9028558719265) 1
(340.14347729526617,537.2047998357305) 9
(201.4107790969121,211.99513023302234) 5
(516.0849566685696,677.9528041138577) 6
(0,380.75249319774446) 5
(715.1490867380992,782.84776226355) 7
(731.9558551059923,508.84794282726426) 6
(284.3986449188827,706.5530317971434) 5
(512.0497134567688,135.6128990121535) 1
(241.26221385839972,551.4634055236621) 2
(493.0532799213237,495.2149905576355) 10
(763.2897995054151,896.7206172034339) 4
(165.2059145343868,356.74713284847564) 1
(453.83491448760407,667.9652096229413) 2
(439.56943259096147,507.6589405706215) 6
(632.4201456148589,223.39152170132337) 6
(478.7459768935451,1000) 7
(140.88728384746327,1000) 1
(695.8936345155546,59.56497641529569) 2
(603.37926213818,550.1402282269817) 1
(690.5005570309298,384.2049335538463) 7
(336.927359313607,398.96283015611243) 5
(255.77157404572597,345.45481705781987) 9
(334.5466871108233,142.58154778065614) 5
(625.3547294327053,139.05179772822288) 1
(607.6707491954616,0) 5
(204.71314665188032,389.5417317921019) 5
(715.2432183843976,518.1557445228499) 4
(436.3847483067965,0) 6
(45.80103026037756,506.15491844184277) 1
(568.0453229915082,614.418395612794) 5
(536.066259931975,636.1339231666996) 3
(640.9292821596925,237.59342417243732) 7
(579.1073407075621,319.02466662835457) 9
(348.6388207323721,811.0210245878129) 10
(452.6973601820281,727.1323295857702) 3
(507.76127604371214,566.7532467925644) 1
(827.5098590397333,465.4182967380998) 8
(1000,233.28882951521194) 7
(411.42680338540094,702.5075359622687) 6
(834.7431482907012,569.7742355135828) 1
(428.2296817980884,1000) 1
(487.7667230834589,0) 1
(931.8855807191032,433.5646125755433) 4
(783.5245663336359,950.6329189067907) 6
(487.81854603418503,536.2594388028144) 10
(1000,619.6824624395412) 1
(210.58349182130297,451.60676407519367) 3
(430.70111596083495,935.8536712173229) 7
(233.81277570022587,404.39248788113974) 7
(1000,840.4025608097521) 1
(314.5564391538396,673.030433284946) 1
(577.4092685395702,0) 2
(167.44901386328206,213.70472313372176) 6
(0,572.7898736933464) 5
(268.1458654888146,0) 10
(0,222.45886167311494) 6
(979.147134880566,817.7022991836843) 2
(218.40108922897417,383.5446087697757) 4
(814.0638065383341,1000) 3
(285.78866016927236,616.0382167957717) 3
(141.50961898901448,683.1510075491561) 4
(277.91653150109244,625.2860123285983) 4
(103.48238095041398,0) 1
(487.78925150016767,922.6171043286963) 3
(755.6800513849643,357.53121573225735) 3
(1000,272.8502023502118) 5
(1000,312.6375554362196) 3
(22.495323846103588,440.4826142212448) 3
(550.4569162976254,757.2511832528808) 7
(412.24194072453446,484.50118415833913) 4
(776.60851850633,81.03794165671411) 5
(598.2103299665745,493.4767514300578) 3
(581.6645593871671,0) 2
(477.067745298109,906.6363880624724) 7
(370.2494045438992,748.5600819949146) 1
(20.995218743980843,0) 1
(1000,540.4992814619355) 1
(509.3700652960503,514.7148502805508) 6
(824.1149132984323,571.9437123809968) 1
(553.3818458086936,181.9843072040868) 6
(590.36029457065,1000) 10
(623.617217553221,647.152100169947) 7
(570.8421761539452,470.0340215704551) 2
(315.65760818242165,256.80149546594834) 5
(859.0738852154454,614.3817775097242) 6
(700.2763440670917,962.1710363743575) 9
(429.1767753944777,828.3963445480583) 4
(917.9568764644567,841.1695611992388) 3
(798.7668952174179,944.3689881359599) 9
(491.4173170749083,855.9316547978983) 2
(492.1188801390404,401.8977593217276) 3
(674.2634981596373,720.8330777303133) 9
(1000,791.180211147846) 10
(485.84679214339235,0) 3
(605.6587332712598,54.4191251259096) 3
(231.99697173655176,1000) 8
(687.487257046806,403.03397704022655) 7
(280.0019818032721,0) 6
(742.0722371287145,0) 1
(584.8888214771167,780.1189650763304) 1
(1000,352.2443563328329) 2
(371.90361817876567,1000) 4
(710.1556833231118,0) 4
(236.3736084291383,785.3889093311661) 1
(538.1992711479896,696.9038793260524) 2
(882.0473468234911,0) 1
(1000,997.5514565535418) 1
(89.51950551385198,1000) 1
(206.81693859334848,35.71968796423039) 5
(728.1961430458017,2.8180552273650505) 5
(579.799410259286,420.2059450248706) 7
(801.5800869392208,382.3105021043616) 10
(0,268.71417409624246) 8
(146.00423479923455,636.5188658072163) 2
(486.1579659266021,247.94331259065584) 8
(553.4782844471711,120.18840057771388) 1
(389.47962619041397,756.619065181184) 4
(421.15208061521207,407.3252391870758) 4
(833.2240476086284,653.4773268782409) 2
(621.5327443817375,278.88137937961994) 4
(607.8029738849748,987.6129139091756) 4
(783.4748261199347,370.87758907151573) 4
(437.86121836286327,161.17212103883065) 1
(192.34917087451498,740.8935385142078) 10
(730.9724613607551,939.7902890551638) 9
(867.8269730086877,731.7774368482333) 6
(683.5387692784935,547.5278993989635) 8
(657.210074113455,575.8099225799033) 2
(588.8977518372151,0) 9
(272.31001230414904,847.3854838945305) 1
(487.38595595409987,242.72671091774697) 2
(258.4655822500355,463.33080440424976) 1
(584.216823954376,274.6188376103162) 5
(503.73951947044253,607.6821518375854) 4
(35.632823251744696,0) 7
(588.8603527117634,443.1948233829548) 6
(634.129979664463,119.99510686873907) 6
(0,561.5700571375954) 5
(0,707.8327169364186) 9
(289.3002520320965,1000) 1
(147.8090327567421,876.9993221850009) 5
(925.1662899082469,980.5949119701052) 7
(838.16386245324,88.43105893239817) 1
