1000 1000
10
(0,0)
31 80
200
(496.8446073931912,1000) 5
(552.2024352197511,651.4891661640539) 6
(494.2160678429188,81.43266398464374) 6
(980.274294909664,456.1495762850253) 9
(661.6705792733178,577.8083698853749) 7
(1000,551.6523257262864) 6
(649.642352454714,57.45389676324152) 7
(0,275.06861000922504) 4
(600.404693032089,746.412861347765) 7
(548.6272421262058,258.533791336537) 1
(333.8036887954123,776.108936859116) 6
(1000,143.13515197647797) 1
(515.2928172824921,0) 9
(483.1537323890758,842.0225478422739) 10
(368.94075831825023,517.9930735168219) 6
(144.2834723831794,599.5255881703306) 10
(125.48322336214557,79.59692058932416) 5
(232.62038926272766,783.5946950173079) 6
(595.6179463851039,581.1123882164429) 6
(750.8794513889105,444.8228855892787) 3
(691.8970483288145,183.16790218180745) 3
(30.322347811972747,0) 7
(445.53517753406584,552.4915291610073) 6
(967.3112676530494,208.7023095595892) 5
(764.883180785899,913.8654891969413) 3
(534.3902095821323,389.95553238447053) 5
(418.12010262597613,667.6636358485953) 5
(1000,271.48118050759047) 3
(923.0009810249524,880.5446134421757) 5
(322.1582756617267,659.4168750560164) 8
(222.90421923067066,158.92465946729692) 6
(132.74101231680658,403.01263810786725) 4
(514.1830619886041,210.9708774597072) 3
(608.7901382100313,50.9806056072851) 1
(397.7104319431319,563.7531294018289) 10
(135.32362648212808,1000) 8
(831.1691992284022,432.4103418184235) 5
(1000,168.60987077490392) 1
(1000,771.6118135383226) 7
(814.3950384700281,402.016325816875) 1
(271.5120707021707,447.4747335388579) 5
(835.9351074474563,479.7530232013851) 4
(553.274753920419,665.3444867240905) 4
(922.8580685064874,561.2463474800212) 9
(695.3770567630077,117.90901128103127) 2
(377.66453411287347,239.34409919356438) 5
(284.7527545965195,327.9143260545909) 10
(774.7027664845575,0) 2
(1000,940.6609758083891) 1
(37.799413597377395,335.10430515341443) 1
(178.32826125587724,168.22017779420827) 3
(418.13387143910336,356.1558179861121) 6
(805.4402820060665,837.1019489756873) 9
(1000,272.9592093223258) 4
(524.4762415143601,229.0027626342902) 6
(878.9570520065665,1000) 1
(991.8948112018204,505.1238573864134) 10
(775.6696206671695,754.6465641841633) 1
(438.20881954867946,432.2508567659409) 9
(510.4216702103008,286.2052718822797) 5
(934.3952350850457,485.79033017366135) 4
(765.8492900245418,773.3514020719281) 1
(779.286419476632,578.0182853782335) 1
(360.69502936044296,235.32783523678887) 3
(428.6797247641501,603.2777799786621) 4
(469.7704644335223,273.65314245255684) 3
(753.4158146441971,1000) 2
(359.7114767176107,977.2927028971626) 7
(749.7380026720908,505.1675274077628) 4
(473.4114129218195,990.8381830174636) 9
(821.1825857596398,733.5077624396895) 3
(941.7750370461762,771.7140751596792) 2
(134.3237273623813,381.33974603992385) 1
(880.9553465388167,0) 1
(121.7150200017685,311.41359255000316) 10
(1000,748.06245182622) 1
(543.240757765825,0) 7
(684.9684998130517,122.10314610864839) 6
(536.3825583466803,258.30121705769886) 4
(383.65862833827714,142.26096277277878) 5
(801.3682725439128,144.4173431989077) 2
(777.6949992356676,412.06844923311536) 2
(684.0000797635095,491.4442758956789) 1
(690.3557962019086,0) 5
(580.6311831186123,958.8112019880398) 1
(325.32091786975604,130.8975004598875) 7
(304.87658389129194,82.57182303208594) 2
(0,810.9394135320565) 6
(388.90796520364677,612.5354470526315) 7
(596.8271420300729,384.86948185631746) 5
(856.0227524454738,67.12714362252109) 1
(27.942594810101866,588.695746653968) 7
(334.59470535255593,171.08711039599297) 2
(0,185.68130451557914) 4
(394.79511548975364,606.1659493145729) 4
(888.9981942826292,742.0971939469766) 3
(392.2027615447562,427.38204701194013) 1
(155.51424378511547,929.1279403359349) 10
(501.42263017297455,188.45860231571197) 1
(597.396234329277,398.61546011001957) 5
(1000,1000) 5
(794.652984118,163.16612994515327) 5
(681.2855225562661,647.2208606587238) 3
(192.5018221749305,75.07851868180279) 4
(1000,256.39880509588596) 2
(351.2206144903931,748.9893914041) 1
(855.6712019889549,791.5644101970275) 8
(962.314776097612,1000) 6
(583.957616957362,537.0363225854493) 3
(0,1000) 2
(525.6055310465027,223.55879743341922) 4
(198.9759916013187,0) 10
(365.81828960554975,0) 2
(795.5074951404345,998.8789029020384) 1
(767.051334797761,155.0582197106939) 7
(412.3738832610545,197.27702048615225) 1
(372.3031960024088,0.049292345123717496) 8
(136.96128871109858,443.1375377501303) 8
(467.5291911996002,486.90486317625493) 8
(775.762210274163,811.0557882236496) 1
(823.7675675103613,1000) 3
(543.4040385527054,878.4521455025814) 1
(624.6554147345678,458.29370846717353) 5
(98.16384343475937,285.90007404365167) 7
(40.68597508772507,299.4628390102853) 4
(323.3013818368956,0) 7
(936.342299401392,859.6573222118586) 3
(413.1477791401812,0) 5
(0,779.8272873076716) 8
(528.9373578076296,892.8571918373375) 4
(134.41830267530742,507.67775719350374) 2
(345.77717588842364,117.59298412807289) 3
(278.2585505615383,688.0540506482064) 10
(1000,0) 7
(481.22197023135396,578.7324995486653) 5
(873.1400556744568,232.97486661309222) 7
(638.7266577138791,740.9879991155985) 3
(418.4640940977315,61.09805159530657) 1
(727.6754207665922,322.5452950602216) 5
(623.148560202957,328.6240166278198) 1
(855.6808050375475,831.6200365483742) 1
(254.6180899219651,1000) 3
(846.304001598952,1000) 1
(583.8812881890813,845.8484882171451) 1
(395.14948227760203,624.025795878316) 5
(0,428.46510157799554) 5
(669.8973054080791,440.75907310208186) 5
(156.4172334181767,501.4686217732582) 4
(0,351.73109468136147) 5
(311.0816552217673,625.3820455510706) 8
(646.0247788190679,313.84693575170695) 3
(644.7847673699792,135.72505157433818) 5
(832.0618055044041,119.77137924830168) 3
(316.95533494152073,415.4662630402771) 10
(740.100722387235,467.49211213567617) 6
(888.8775661084226,866.0910026544568) 8
(942.9152313483626,315.5137993692224) 1
(95.61012831107189,241.59990737017063) 5
(424.6639574345987,512.8128408648615) 5
(587.5869722361493,311.685434309623) 7
(639.1868067434755,719.2945692569253) 8
(762.0360613127393,289.820979579835) 5
(1000,316.40099431177237) 3
(184.68191706536118,639.3152510222626) 1
(1000,540.0554659317876) 3
(304.13132185871007,213.60854837712014) 2
(28.90547510812638,315.72147915762554) 4
(340.2614658902485,176.10689327372046) 8
(260.71476942972834,804.9730557558669) 6
(505.9484405989506,0) 6
(1000,469.15398118004754) 1
(802.9569493698469,265.19851661710254) 7
(467.96365902771447,485.88461046457775) 1
(781.3724870128117,945.2243616546555) 6
(0,146.2320155686857) 8
(0,567.4559754117977) 6
(657.1879458187437,399.7877912077146) 1
(844.3961764096318,336.395865442679) 7
(954.8124299563078,330.7248203545565) 4
(495.720048357962,926.1340534069423) 7
(821.7488431567289,94.9426087805378) 9
(614.2377936917579,752.5172251359131) 2
(794.1155884934549,594.5516669012356) 2
(611.9867058998124,0) 9
(368.52122392990634,32.876196463886515) 2
(732.6318255703917,0) 8
(0,610.4972652025131) 3
(310.86910855886424,144.62102019680117) 3
(0,254.97737522751078) 5
(812.1640538237489,724.7928572869544) 5
(332.7738315705423,772.9132892434263) 6
(426.68558846824317,136.6593002742598) 4
(584.285279888446,87.00817815385034) 10
(100.65117634926912,312.86712257756517) 5
(442.8871791603592,401.0883673145703) 3
(741.5148930878444,666.8914698613539) 9
(380.09575400052836,427.78584791476453) 5
(620.7455908977746,333.9637284335182) 4
(447.71316158936014,805.2425756150285) 9
(126.54554912887681,381.5138395570772) 8
