1000 1000
10
(0,0)
31 80
200
(695.9335935166595,496.0973425949689) 2
(70.31567613382981,340.61030057272376) 7
(572.0085719224428,482.2342731829242) 7
(514.475836364039,1000) 5
(23.067252292262026,46.5777332753276) 2
(171.31348049329478,347.6286499256537) 10
(602.7460830133668,611.54720563748) 1
(764.6260581685481,895.536358424848) 8
(880.9846720452513,58.07284734400895) 3
(441.770293095684,1000) 1
(20.67753273521356,191.8150315351167) 4
(144.3317579249108,178.35305023526473) 9
(860.151194074443,652.6159122613847) 1
(606.8047776341879,296.3299884918556) 1
(510.0593467913892,0) 9
(329.80697487224285,434.01065344636453) 4
(15.644981109430319,367.3295228285107) 2
(1000,336.86843159884637) 1
(643.0685185052951,173.22066766613972) 5
(417.92860159255275,46.75134499813362) 1
(327.66285774073464,492.2999471604231) 1
(909.243566699414,190.15321754394557) 4
(685.5644776098293,948.0338092429117) 6
(551.9499921607479,455.55736200822304) 7
(440.832153847443,624.0818734662954) 1
(784.9334712672132,26.429958490643457) 3
(1000,1000) 7
(181.0501891477026,563.1778681015436) 1
(0,1.280257925143303) 6
(487.10333176835667,0) 6
(565.8793685669438,570.7772741862592) 1
(372.3105291699812,265.9740196010656) 4
(113.2865210694618,870.9607805083424) 7
(538.5328278273861,410.6289906962579) 1
(586.2140343371594,79.85551134569306) 1
(586.9030816387171,407.65295990282505) 4
(697.0919693081084,789.2750319001435) 2
(557.5673582011557,149.8888000717953) 3
(579.1576856963977,433.0369548770267) 1
(738.3774619639057,453.01768898931084) 5
(392.61815627111406,642.0553126006419) 8
(71.8191592327106,779.1998255631263) 5
(763.8418795789056,831.0691148461656) 4
(590.6757149769898,1000) 1
(172.56243808256147,1000) 6
(903.8492439950516,387.34311862197984) 8
(1000,748.7070891300586) 6
(433.2161847587219,503.873319605772) 1
(310.33697790496313,1000) 4
(1000,495.0868118020714) 1
(992.414770725903,191.62687696515553) 5
(309.59935476039817,179.57718669297236) 1
(82.37193227238402,626.0234206308487) 3
(331.3111166735828,1000) 8
(188.8830454103961,850.4720328562885) 1
(145.73579650132717,0.08613726377342346) 1
(946.9164643432479,678.8333344014794) 9
(349.0885190018511,251.7973799056219) 6
(0,250.1583172460279) 3
(380.87815657017336,810.16716242342) 3
(829.3849406933984,888.4438505615051) 8
(18.607438234947608,399.5709027955161) 1
(81.97450813622106,904.304074226344) 5
(752.0791838531425,327.5792758386018) 6
(466.1521035827429,523.904439343761) 5
(477.16558089175857,913.6642623010262) 1
(1000,623.1985100383555) 6
(304.1369061023289,567.575297514942) 2
(759.4225288206244,328.7613598908489) 5
(274.92278588061765,462.9604223563077) 1
(582.1127387852055,349.9303531412369) 4
(850.8555765393487,740.8891253517157) 1
(638.2732832737869,619.6954200461767) 6
(1000,32.689086079458946) 4
(934.8373652388634,64.81690347281148) 1
(371.23679324815237,1000) 9
(688.6007125012743,329.5471907695125) 4
(332.77754769467384,448.9289849082884) 8
(468.9717023202319,288.9371266388115) 1
(444.82056106722393,412.6515769391697) 1
(739.6815271700247,0) 7
(207.11649370678782,583.7743398701143) 1
(534.5405227400688,411.1303226782128) 4
(561.0674261315063,436.14772898507977) 5
(233.46326755536325,909.3147619203698) 1
(936.6781082470845,349.3248986675068) 9
(0,145.73879182177723) 2
(52.085142776423595,939.8425926576898) 10
(490.40751529653687,0) 1
(874.034777122465,518.8135981327069) 10
(878.4252917758548,234.5469348459332) 5
(0,753.1891801810126) 2
(814.5326917149694,226.11112842328248) 1
(274.80279196679993,629.7227591083447) 4
(516.7370376168302,1000) 3
(922.8238249818473,0) 9
(216.8772489481442,371.5533105568675) 5
(262.8502306898353,498.0058131700223) 5
(227.73915572997305,783.8646857114193) 3
(275.9220131626513,611.7859754481112) 2
(255.8214378486564,468.9872981273759) 5
(1000,602.2985788765013) 8
(416.3108698891916,1000) 8
(191.4894322114892,288.6442314492951) 5
(659.4957384317877,210.77630303944989) 1
(797.9763805226198,695.6762211657128) 7
(119.90106217330856,381.0062447423591) 6
(579.4086022469812,67.86321998987813) 7
(552.437957564991,11.333941177852012) 1
(230.11964796605002,515.19997824151) 10
(904.5159465950555,435.9515548300185) 8
(370.4439154569754,891.2522142297078) 5
(926.9270031560696,272.61900839584746) 4
(527.2112177629455,135.5521096627523) 5
(910.394170346615,377.8371638214639) 5
(618.8428255345987,416.44578109084654) 2
(377.95912028883515,743.7859631578888) 7
(80.17039959782562,437.13266724361756) 1
(22.88952312474754,186.61541930828753) 5
(1000,972.0572415966737) 1
(177.13198965769124,676.8402931331445) 5
(372.73540516822493,519.3918729595712) 10
(475.47477177502486,350.03277005000496) 3
(0,519.4225228177331) 4
(158.85122757402075,477.3925960192385) 2
(925.7611846191783,551.8797338346562) 6
(448.64238802948125,754.3916162379738) 5
(241.6640922553991,57.646046868061774) 1
(0,463.4983071073335) 3
(1000,427.3823050913126) 7
(1000,128.7114267760399) 3
(544.8394235896544,22.394794298549186) 8
(554.511305357535,201.60462757538386) 9
(137.8834020836465,365.2593395574561) 2
(867.2780507944348,0) 5
(845.4241200446518,943.5227972355002) 3
(521.0666978027299,754.8890816027813) 3
(207.87591437321635,548.6590742964129) 7
(427.87686183245825,1000) 3
(564.0370340420184,0) 8
(536.3432592752729,0) 2
(900.6886468205344,479.083541268988) 5
(928.0208892260716,569.503274770547) 10
(586.4782989812136,924.5939261415592) 7
(914.8910352392975,758.0035943387591) 7
(376.204896400334,96.74361924755868) 1
(410.9797714991478,121.89521521956055) 5
(575.6498691480688,602.1705515844023) 3
(659.0773554200686,320.39675334675167) 5
(483.1660140662234,299.4879790205686) 3
(357.2663831258477,592.8459479081981) 5
(960.5140216716838,823.6073339275779) 9
(795.846695525973,542.8503996322034) 1
(856.7183682430705,580.9824947899056) 6
(540.9146593312414,971.4393353524695) 4
(865.6823309425831,0) 10
(125.63918082339575,330.8634844615757) 10
(791.066008167136,339.28425558473543) 7
(408.59346828781435,350.21296677155414) 3
(432.95689679562236,700.3810976064497) 2
(777.0703931073268,625.5622380867267) 4
(348.7337548038716,463.03769325637984) 7
(756.6386388674887,564.6867001778224) 2
(705.067850940837,756.2293693801735) 10
(1000,855.2658979847233) 7
(129.51819600867577,941.5614980686139) 1
(377.95131232501217,882.8981328594791) 6
(436.8187990925099,1000) 2
(249.45144128722552,202.16916735534346) 3
(641.5839864843691,548.0293150914537) 6
(734.7848124126624,948.6897068986359) 2
(522.9438835093262,5.316915703072652) 6
(0,442.76489761363786) 1
(621.3292051059002,298.46193788897074) 1
(228.13185831621934,188.14312134046475) 9
(889.2060815653257,175.6454209910073) 7
(383.48702244006824,243.3171240935656) 5
(0,569.0407206131013) 7
(589.4965493484983,487.0619497847704) 4
(507.5828182364068,921.3903393326677) 5
(416.1660561320171,79.80762525746303) 5
(300.86997892990667,133.55212711255461) 8
(322.72429483151063,505.8668979475591) 6
(617.3703758912334,664.0290846179996) 5
(408.3460379836086,985.65038738902) 7
(0,577.8693471996679) 1
(1000,936.2013469849736) 4
(442.87503557732475,0) 8
(701.8482423048429,685.9504002440174) 6
(599.1882662454004,652.0911093343168) 1
(536.8186089885943,133.99307332334342) 7
(624.1729443940881,546.6221052082459) 9
(263.9569576821575,328.64223070993967) 1
(280.79949992136085,535.1974959370416) 6
(370.85801137556473,0) 2
(543.7045571895726,874.6884518760696) 2
(230.06145617895652,115.02831646450994) 4
(596.1720128368345,205.80524833212326) 5
(763.8858506689799,881.1110793094006) 1
(441.00047116278944,805.5957593278167) 6
