1000 1000
10
(0,0)
31 80
200
(97.62878030061859,920.1594975983764) 2
(306.6140401082838,314.8402770435114) 6
(620.6599771662047,274.5003236405509) 10
(772.5459329967846,453.6002258949259) 9
(913.4443696923944,504.5597484648613) 1
(208.32805744243768,629.1736825158649) 7
(126.18317831394177,323.92504908674005) 9
(584.3124620797811,715.2211891479225) 6
(645.7864297722278,830.1959488144989) 6
(957.3863078137721,901.1132022466772) 5
(702.358222918037,681.3445235997443) 1
(624.5516256738308,398.49497444646016) 4
(615.4032953795272,462.1130850315265) 5
(1000,665.372246374058) 5
(1000,643.6648537427021) 2
(0,349.8812855727539) 5
(702.0670817347988,724.2948618585177) 8
(916.6224046421519,662.0170922174839) 4
(279.6060699286619,193.68136450592192) 6
(0,685.9002511265251) 9
(704.3106324762427,661.2280425535592) 5
(880.1335896981379,541.4106475126404) 6
(808.0560798075956,593.0344675475242) 5
(688.7971914469572,604.0124392379234) 8
(28.42787018281973,869.7014728214349) 1
(127.74923391309494,458.17635461468956) 4
(879.8637470397473,711.1660078070886) 10
(251.28228950819263,560.1648842411165) 3
(629.4801389312382,590.4220615978854) 6
(149.37909748683632,743.134264924305) 10
(129.62413335091452,464.9772518888136) 1
(37.017567630021915,117.8285556178356) 4
(736.6460635253547,271.69506821999255) 1
(236.2984457996098,493.30968628989564) 4
(606.732477903297,408.2857978816346) 2
(510.5734197263808,0) 2
(441.7636034631604,36.85250692879754) 3
(747.0951649661039,0) 10
(695.1846018711024,622.2944549666905) 1
(98.78483414941206,212.61608078574653) 10
(167.05688557437924,627.592375482453) 1
(75.62946500099491,714.1229950736695) 10
(717.1383419176162,678.7570314789522) 10
(639.8266928664989,867.5059242418258) 4
(1000,818.3980350955244) 5
(324.255626914308,202.55272504563555) 7
(576.3143168281732,285.80640906481517) 3
(0,238.82232283603253) 5
(778.041255124926,437.9712079675148) 6
(339.88333721149746,801.4263327085821) 10
(143.02885717589953,647.3167823675141) 4
(1000,523.7814440556714) 4
(181.1482098607873,155.34249848565162) 4
(629.6779984456241,389.4235525889686) 10
(231.23991212408663,268.50759700024514) 4
(412.91135077596675,595.5657166922923) 4
(256.23739728486225,542.7783208153514) 4
(536.8492222130319,135.10822950855987) 6
(421.0222305663854,353.70138867244174) 3
(293.4716505283236,276.5642241976136) 4
(222.60532331286356,872.560902371948) 7
(458.7850591021287,59.247920597062375) 4
(658.8787084577473,378.238895017112) 4
(285.476312336888,68.86277231509433) 2
(282.4728134465915,161.92504740438437) 6
(765.4567695101641,679.4344622679757) 10
(525.8488901108055,697.8201095832197) 5
(372.01422419946175,711.5255120856317) 4
(1000,460.9975911981154) 10
(851.7646072826684,322.78284878825866) 1
(588.4560992821575,1000) 5
(332.1470140045064,627.2719358076846) 1
(237.33605094251055,461.31971652807) 1
(399.69968329681524,561.4696854239332) 5
(314.9073605620282,529.4631849654811) 7
(504.28807665053625,634.8328462623125) 5
(399.09079341088045,547.2760396453017) 5
(550.9321676413799,762.9208908945238) 7
(281.6971342774047,275.69249049251647) 1
(0,1000) 4
(644.2596054770388,1000) 3
(275.8451154497393,421.53003521093285) 1
(397.78630108441797,260.9420620159264) 2
(460.2375797510973,0) 1
(0,622.5175212086668) 4
(577.8453135757713,79.56283911254815) 10
(856.3514197624464,829.5301294984431) 6
(300.72550799434225,447.87135574089666) 1
(539.5867134022436,481.9948000364092) 1
(453.6395573768269,423.3688027790299) 2
(623.4961065691543,212.43383012092664) 9
(174.34742910159537,716.8659539546424) 6
(205.29369597812615,719.1550431118897) 6
(221.9002644730068,419.04140519035434) 8
(565.2772227781268,890.8665421291357) 2
(1000,311.7822938679756) 3
(346.19675714028205,1000) 8
(431.68764486679186,736.1324674936156) 5
(467.50643327839475,458.4061798027075) 2
(771.6534021149939,1000) 1
(555.7811101674484,635.761780392626) 5
(852.9945612814779,507.88657202615354) 1
(284.59830034963824,229.4076228002029) 6
(677.4085322861245,289.1464157987408) 4
(662.2175011973331,179.2880267914735) 1
(913.395266644359,540.201726670904) 4
(899.5186984896546,775.6834701933503) 5
(498.92362496665675,392.34278805644493) 4
(193.60014070380083,248.4039256802271) 3
(614.9114674626504,103.83976339969973) 5
(485.66224812397627,443.59994834045244) 8
(487.06583293493173,231.8077558476034) 8
(275.2723997927128,794.8036938890998) 10
(239.7957336513133,285.2947047952714) 1
(787.6402717496619,579.2146715358173) 5
(1000,328.4586259147105) 5
(521.216188612864,750.2781358982511) 1
(832.3744350815394,632.3916315729874) 4
(290.8638381897323,366.99403604393785) 3
(1000,734.1055951235361) 5
(1000,524.5968081308718) 2
(511.8852777339565,434.1523221054225) 7
(211.93964820058517,913.658032431655) 1
(484.74513892041483,450.97401068043723) 8
(601.2246707628655,643.9573130812028) 10
(0,0) 5
(462.8526734531788,1000) 2
(446.6551013269354,398.82658410917) 4
(640.1665028580273,780.7410436881756) 2
(155.92435982947853,381.96158753930945) 2
(624.8629849741277,1000) 7
(894.5061663822936,485.92562216821676) 10
(360.77561277415566,737.9071697625616) 10
(744.1040272611141,73.65725505655593) 8
(1000,601.061612334755) 3
(227.6904909218605,396.9465838999444) 5
(776.0758069893989,482.08952357757494) 2
(826.1763858310776,654.1258654262979) 4
(230.33296626890723,360.6269748583263) 4
(627.8150168931064,173.7960829054199) 1
(1000,109.70228389075226) 9
(869.4884508645512,261.4777333430576) 2
(0,575.0702008311291) 10
(696.9473692600062,418.0774807178843) 8
(588.3834174632783,508.8531707656711) 9
(240.32360424172612,0) 6
(0,569.7122146322422) 6
(0,633.4649662423658) 5
(748.1091641487843,830.0435534983258) 6
(683.1035372715816,893.5175546501193) 2
(196.25595425054587,106.2160282833326) 5
(395.3489988403158,241.54870408972528) 7
(820.9714627473875,605.9828551515379) 4
(340.2958231307865,496.50929498025715) 1
(578.6882227161171,0) 9
(0,351.38177270343226) 1
(160.48750471327918,205.76283676216838) 10
(0,456.6023223678593) 1
(364.2380311337543,752.610109421978) 5
(0,994.9262666872414) 10
(285.771569246937,725.0686933990356) 8
(430.0659191884038,450.52301328273035) 4
(336.224546382577,220.2690808842038) 1
(0,11.483708393440565) 1
(674.2757620045357,889.8056705324958) 5
(531.1631839517554,822.0254263279787) 5
(505.51526496331974,864.5587082969407) 5
(314.39967107949457,851.7283823394002) 2
(23.802065261460825,1000) 5
(1000,778.4359702814564) 7
(118.59631103670284,459.5294658885384) 7
(417.50514459701094,0) 5
(516.3890108961522,310.0827473859539) 3
(234.37431377152603,675.3189519808768) 1
(218.43750825155348,893.4151225960769) 2
(751.3242990060746,680.8051093863804) 3
(675.05995605307,0) 1
(410.49458686478545,814.570629052388) 1
(0,230.7820174197654) 7
(594.9378213147138,690.429662464757) 6
(541.993632064827,347.6913663108603) 2
(402.20191970607084,454.77002181711146) 8
(450.4733861434587,639.4978728005772) 6
(144.19895623848083,772.3721761532593) 10
(122.4422755769362,819.4000680192163) 7
(735.4068702014963,435.16643333363413) 7
(544.6466794655937,0) 10
(531.495017068264,444.5850894368163) 2
(704.1849667146663,522.5782129252083) 10
(323.5863932401508,744.0666358778374) 2
(685.4400495519179,537.3382154216056) 7
(999.6062740148498,797.8423462564679) 1
(464.1830941727003,706.6362850596176) 5
(404.6674975370188,743.7206717671261) 7
(756.6713059464969,565.1349613619562) 8
(64.77023845145033,458.0547610011072) 5
(0,421.8807110847322) 5
(381.7912699021732,476.7150060665301) 6
(677.8184088582848,548.0791997125108) 5
(257.7605868294968,635.6944371849142) 3
