1000 1000
10
(0,0)
31 80
200
(514.4100175961996,845.1341927852978) 9
(530.348534744574,746.0688591831479) 2
(693.6381108678711,569.5496910642621) 5
(434.7377826941432,364.62363233539236) 4
(1000,110.82418628592393) 10
(847.7196215613583,0) 6
(467.5045565298625,620.4114175772365) 1
(103.20884980296296,780.9453830743228) 9
(0,129.9603782178662) 6
(817.7044576616411,639.0762835070913) 4
(807.5439025153913,602.4658169363246) 3
(800.6656854682769,1000) 6
(1000,539.0468682090684) 7
(1000,145.8974162963563) 2
(355.280938100807,804.7068611441637) 9
(264.308647135305,525.2739819190043) 3
(0,495.7588546015958) 6
(1000,945.1249244268075) 1
(359.6831297756186,781.5304616723591) 3
(739.6803370440884,633.1441699823904) 10
(769.895522520414,790.1614065119943) 1
(367.4016848452734,197.91465586790702) 3
(364.5278377797807,519.0317001155624) 8
(940.5445933325377,570.7546235757892) 5
(605.0584610647945,414.99528947315207) 6
(352.72837656188784,803.2919703746873) 3
(1000,250.43269488496932) 7
(437.62296454902605,753.0333181877446) 8
(592.3714305241018,897.504096399753) 4
(306.2809903794742,628.4444926977253) 2
(775.798453353313,293.22053477036593) 5
(223.9381196068744,914.1279700091803) 9
(150.9618186096837,760.9226705587951) 10
(576.4535856524687,516.5420754421682) 6
(569.4278323740496,478.1518275032335) 6
(763.1019419647232,0) 7
(792.0379172617145,157.0521684385859) 4
(387.53429615026647,164.8361339694926) 4
(951.5814004639172,1000) 1
(16.915908743139084,427.10565912638623) 1
(397.37452434053637,1000) 10
(243.1695537489606,356.48471051676364) 9
(983.2833747966846,633.891882129727) 7
(0,590.4190063649744) 2
(746.4437733304128,0) 1
(781.2595874735981,306.14566948452494) 1
(653.2486855895216,960.250504615544) 2
(0,393.93241556609894) 1
(138.94515947093356,282.79825424453236) 6
(35.66524620792342,766.7753398118092) 5
(432.6369904639339,343.7457519458484) 10
(521.5048637027927,0) 5
(0,237.04665271029336) 4
(372.51918509006805,447.7880704786425) 10
(969.0869800861044,483.4958235306814) 7
(65.01257868696223,1000) 9
(0,125.89935381871686) 6
(543.0425998307883,0) 1
(578.0638181256332,682.4774701877593) 2
(560.2536736323846,820.2634392568409) 3
(188.37456132178482,424.8776068917909) 4
(297.63261700560895,883.700408335995) 5
(475.56182225522275,1000) 1
(451.9227249402805,395.62065431230513) 3
(281.05430458574756,498.90111558384666) 5
(0,0) 2
(405.6912836398586,510.6872429184291) 2
(334.0643787952587,1000) 9
(827.2524533624533,133.12406757856365) 9
(54.19095753407515,0) 1
(571.2039523931151,0) 6
(1000,765.276008032273) 7
(558.2649137225043,634.7884750440178) 1
(23.544010067022157,0) 5
(488.6318912646858,912.5520118689394) 3
(102.06982239539201,296.45236394514563) 1
(545.5596708674902,944.5844743788418) 1
(866.4103422640264,407.6461484503712) 1
(76.1210643328534,36.07334715070709) 8
(263.87766862395785,829.8173313579766) 2
(581.6724452962503,562.2089848735131) 9
(660.5312815200855,260.59230490632365) 7
(566.7229237784696,248.86062751026566) 10
(846.9547692300124,766.8752904502521) 9
(747.9371143722228,503.7403211825941) 4
(0,1000) 5
(344.06988093505754,609.9494024243907) 9
(681.2680296313181,0) 8
(434.7756011377704,438.892674407252) 1
(688.6720356761857,587.8402741212301) 6
(499.4168460485767,42.2758402037295) 10
(756.2176639983727,716.3709899798898) 6
(448.1894643238029,385.48738078960173) 1
(509.7456989267731,119.73438680245448) 6
(785.5102216346481,0) 3
(827.2832287556656,1000) 6
(964.2477491302534,409.27214106151735) 1
(435.88573984730033,303.6248744597409) 2
(451.6999588399574,671.5149230068148) 3
(629.3825086604206,312.22155951666855) 1
(457.12058572814817,555.2907757350039) 5
(0,767.0431869692393) 5
(796.8066158873121,848.9889927243028) 7
(223.68357010184832,1000) 1
(140.38832853879217,986.1518313035529) 7
(840.6206255319746,34.9866367426921) 7
(984.4618790285533,594.3706191451113) 3
(355.90075491554535,108.80278643983053) 7
(0,488.2195712670251) 1
(615.0132674995011,1000) 6
(738.1746860400528,878.6953201897217) 5
(231.96162354911178,835.7664008593308) 2
(424.97856522073465,682.8773040045642) 6
(279.73204742246094,301.9606182083796) 1
(665.225197134137,118.53736271049343) 3
(257.6512625213427,557.5684319724298) 2
(552.7017560979799,0) 4
(618.4315532682665,923.891000453836) 4
(655.8186228158222,225.00077741181497) 3
(380.5539916801611,113.48635808644292) 6
(0,555.3537655800159) 7
(0,616.5429287789035) 1
(888.6527303356944,0) 1
(305.21764062722406,585.0311988658234) 2
(115.35516234063999,492.6288435329398) 6
(1000,889.6890473927515) 2
(715.4013958241529,436.9669789659171) 4
(649.8785908506459,639.2998919925383) 7
(652.3694020077845,193.8514065493236) 8
(884.2169037126762,376.83335547760703) 2
(0,362.7140981671687) 3
(566.9262049422719,341.51230010814334) 6
(129.96484489139698,538.4183848802746) 8
(456.1348803130762,398.1278280078027) 7
(357.28668103146777,779.7807411909298) 8
(565.024470342868,334.12374817613147) 5
(538.3855317512038,1000) 2
(924.7724203186565,1000) 2
(267.1183903777371,478.5471563823606) 2
(0,695.8589750118847) 1
(84.28866157524055,483.6006907175983) 4
(0,768.0645290668276) 2
(479.4310229607722,665.9206594404395) 5
(0,726.8735490591555) 8
(210.70875276207119,444.6464820989447) 8
(946.0343098132644,1000) 2
(425.6534450966797,246.99220463330977) 1
(319.5864689551306,444.04244659463143) 6
(874.5845247553559,559.530131675708) 6
(720.9947085334077,725.7414747984644) 1
(542.521238603061,718.7816632580466) 4
(703.1819062986413,453.2798123705529) 9
(593.2904624950163,939.155225533487) 3
(689.5795542425635,386.2567809459454) 6
(102.65055429985699,73.6296455377817) 7
(459.81302336695916,65.01411987647452) 6
(178.305046644125,731.732131284557) 1
(479.44214192682045,516.484017679674) 10
(926.8983893115287,932.1931277839856) 8
(927.0036624940221,226.48601502916011) 2
(1000,558.7172918499509) 9
(323.7594560435701,1000) 1
(714.3650529680873,633.6453803757647) 1
(1000,558.3922464370642) 9
(539.6190030270224,779.1467806381293) 1
(823.6091768877045,559.6571035889898) 1
(455.5127479704452,780.8002990543548) 2
(738.9900710978438,526.1528890871515) 10
(760.3968019388951,460.7888338100877) 1
(253.1643943685864,0) 10
(470.7317519993413,524.3540495458437) 6
(726.6776367052088,665.1161025005185) 4
(715.3010245706669,49.192244673979985) 6
(188.7639227239664,201.16979828527917) 2
(461.04541501385086,426.9755988513874) 10
(651.5087198420613,158.80211836420665) 5
(676.8904223517847,0) 8
(355.065441214742,507.47706738048987) 5
(809.0712932156184,630.3716445935913) 4
(34.784209784405675,471.97444608848446) 5
(783.1517598568698,636.2479567823858) 5
(487.47773037580504,1000) 8
(0,646.3175856922323) 7
(67.22236491118679,474.41764519400886) 9
(785.5154153372748,629.9603916762694) 5
(407.617588901079,536.2171869022907) 1
(423.14227979786426,912.5505305907391) 4
(477.03107749731026,597.5198957047933) 3
(721.7684934205322,943.6701202815685) 9
(784.0349664420933,549.0469950025301) 5
(151.0860669706043,487.52881692972704) 1
(292.15258207322734,793.7196683136328) 8
(950.1201954935239,424.10035377961975) 4
(295.5594503862831,730.7257625741872) 2
(492.2197056275008,301.4107543957821) 8
(169.8252609444549,170.73933137745468) 5
(468.0209837930611,0) 6
(305.9804948788245,478.1055505950247) 8
(906.6225559599807,433.22378336511485) 5
(492.3562615487298,590.2441154904849) 7
