1000 1000
10
(0,0)
31 80
200
(103.1323840711043,615.3396086608806) 2
(300.02679528573026,567.3963066114778) 4
(774.2247004510821,498.89139489108464) 5
(262.87886091462155,0) 7
(633.1967432400477,138.75420206768206) 6
(102.56336386996617,683.2821018334068) 1
(117.57442085916,434.45574112252217) 1
(290.769053752619,0) 5
(440.68958691022743,772.1500537925973) 6
(339.78817338903826,450.52085379345596) 9
(0,752.8454486848777) 8
(344.65183414492685,19.073113681515736) 8
(693.1631404158868,504.918366793197) 6
(837.4529660984887,281.3006300202791) 5
(297.65204537532753,184.9840951937859) 7
(536.7835328257815,0) 1
(109.37532568762816,606.7403607936759) 6
(761.4954759141699,1000) 3
(350.3245770550415,0) 8
(302.4834166184996,587.4272308608428) 1
(696.8294701268064,917.5363680790499) 6
(173.42178101713773,266.94836102385) 8
(217.92213243853604,566.777452743264) 3
(338.32621136009664,504.4825018963968) 3
(489.66098532593736,575.1138385106125) 1
(401.05211365654833,555.7222800936822) 6
(316.71052512658986,0) 6
(772.2943749708445,990.8989826799273) 2
(406.3779921120439,634.822131927626) 7
(469.66891443976255,740.665843386549) 3
(1000,490.6322732258663) 4
(460.4393692171603,1000) 2
(411.411690300032,359.90853986371667) 6
(569.3149325671227,55.155851220329794) 2
(707.0642869996517,390.17507071141546) 5
(800.6004278589365,694.194989969198) 1
(1000,662.7166261331631) 8
(343.8180686750676,705.3825076498836) 4
(381.79106933209175,315.7695531746357) 4
(87.49114014514811,886.9110215953814) 3
(564.9084596825977,908.858831324719) 8
(1000,540.7528108805732) 1
(712.1836947587606,1000) 3
(673.7814813358176,259.7482386525609) 5
(0,457.1385319833793) 4
(320.2405784011415,60.75403193314173) 1
(621.7444728126868,0) 9
(394.7831943779641,545.0915261179489) 3
(627.5087965209005,438.6661611109931) 1
(286.108274588757,699.4769593916557) 3
(737.4850387342432,897.6920083587772) 1
(722.2106624858834,815.9111608802509) 8
(872.5951835551009,795.4768904378238) 3
(167.8231214188874,1000) 8
(188.0632480870567,627.109648923302) 4
(225.21127289673075,737.9665350566736) 1
(450.176568315437,194.77614298238962) 4
(290.84866593503216,1000) 8
(0,392.0863947064024) 4
(105.87952209640764,304.25772593353565) 5
(812.2315301027759,893.0278026890608) 6
(136.9975671404227,193.23374410111603) 5
(0,364.15200000027653) 1
(581.1954159414361,666.5274312525257) 4
(486.4449210886543,572.5583245646576) 3
(309.3084205087947,768.3864375218611) 4
(355.64148996993873,1000) 4
(155.48232998924067,683.1344553273827) 7
(261.8569200196554,850.9550035777224) 1
(288.6374149003366,139.15300866435985) 7
(87.18551539362318,418.97595621869135) 8
(693.2302266253739,19.17051946603857) 7
(655.0687440452214,259.02158852621534) 3
(0,676.5561458450035) 6
(764.3122311007407,929.1267259794292) 6
(574.1853092959909,0) 5
(600.0180360622711,0) 2
(513.0480071174177,602.3006957252888) 5
(813.2334037270848,369.38540441707715) 1
(440.3716495594752,502.2785652660358) 6
(903.0115368737727,531.2469953705871) 7
(277.42616113122847,202.3167779106571) 3
(283.59225558599417,13.433701931856262) 8
(395.0399825261018,615.349663466322) 5
(489.42829288610403,167.96832269911488) 5
(523.5462349652647,965.1331085779013) 3
(503.75308821008366,638.6142222154853) 8
(529.786342881184,548.2843233217006) 4
(458.0030304031748,496.2256022189104) 8
(739.4206474421455,570.9606261712424) 7
(400.7388494405631,565.2211862687511) 8
(644.3341763202288,699.8034103321224) 4
(554.459770339925,200.76919574097286) 1
(264.499526510097,336.8293332862746) 8
(0,404.0655338516727) 6
(108.59298864399659,348.9915210873961) 10
(3.097560633672458,212.02823699404752) 4
(176.3844555723096,577.8503678253009) 4
(513.2407698455705,1000) 2
(613.4302705760965,330.06617035578927) 6
(704.3476679535545,196.45254601991599) 1
(0,521.9120133240945) 1
(837.8580608331422,1000) 2
(301.74544316386687,882.634174718701) 3
(1000,451.5325242214825) 1
(0,185.77645571543445) 1
(0,924.7876814090041) 3
(650.1778861546204,700.1835686429611) 6
(504.5914745455443,1000) 4
(793.1425195996407,229.1629116423387) 5
(258.04334731316874,318.9590468865513) 2
(740.9788401303084,369.805076114819) 5
(298.1253958564658,861.1934195540755) 1
(204.56325545683148,87.73435113311416) 2
(913.110663513542,252.73056022323635) 8
(376.8487171971571,117.99064725355186) 1
(1000,1000) 3
(256.4068212944601,892.5332207708643) 1
(239.4258135279485,0) 6
(663.5334109326378,516.1491374634011) 6
(295.7839489258704,779.6644163865037) 5
(316.44634252092794,561.7294272428744) 2
(455.3280221005306,86.93448013522669) 3
(765.4895580586492,265.2549469456743) 6
(101.65199143465657,295.4283632750354) 2
(317.0172350828693,699.8537576161035) 4
(510.6547092142126,338.88808594238816) 1
(749.3873794681117,1000) 10
(818.4209543354485,367.6743860521784) 1
(687.9098257560377,698.4792386053086) 7
(204.04186405725522,529.6459016165239) 4
(938.0208526237102,856.001132735877) 7
(515.9695464469999,448.9570620867683) 7
(303.05715463889146,133.9632986888356) 4
(149.88002217728211,856.2782458541099) 5
(777.7251821510633,598.4575604108247) 1
(555.6584383261977,185.70217981922934) 1
(765.2822579440948,0) 7
(614.1706971944315,879.2940387938138) 3
(864.0912010116538,445.21848094527775) 5
(578.4376843413816,442.6521587896031) 1
(829.7909537624603,612.2499340055883) 5
(352.56857257721003,970.4238071736352) 10
(162.1669315928989,321.0335961078309) 3
(2.5710436243543313,406.5794271184269) 4
(0,782.5670348445778) 2
(500.5436881968106,309.6187586937304) 1
(234.4174940385737,383.02021606596264) 5
(315.38698440688086,576.7470210814034) 1
(300.5472463459496,237.14299655317677) 5
(376.86673016411146,236.4720294759117) 3
(1000,315.84707355830267) 1
(268.1349290095393,591.5587407725262) 5
(8.582096629066427,62.67564656337527) 7
(813.4206069074612,560.3274786677175) 7
(776.6816110117063,802.9333181505287) 6
(7.594526002574298,472.30366711050453) 2
(466.7985601212489,613.6213951646164) 1
(41.006129011772884,765.5387705856689) 3
(172.9843932015404,1000) 9
(358.15341190574964,874.6176940746493) 2
(520.8290442950101,527.7681499082521) 3
(860.4208843748871,518.5699963161832) 8
(256.9356005980667,29.15003938237163) 1
(44.97845613939836,153.63755250123126) 1
(281.09875334142595,102.50399850281786) 3
(120.74100573795909,781.3028390944955) 10
(445.01604119676136,1000) 10
(631.9611210017371,1000) 5
(2.9428699071754068,203.8312809689303) 4
(128.37124320516773,552.1326776325905) 1
(314.7252745201202,0) 7
(787.8344429717132,0) 6
(348.69431117821273,233.85322008964744) 3
(174.98139446412927,8.386656913964714) 2
(369.824120534156,1000) 8
(599.4171583872555,830.522909835033) 6
(291.36153235275424,841.2820111288536) 6
(781.9356698910883,0) 8
(453.54875107941814,421.21434770376703) 6
(661.5512111445532,3.7000601711154104) 9
(471.52925581537727,618.7330308897497) 4
(507.4385328621079,844.4228525856701) 3
(366.81401029907954,293.46361359341336) 2
(588.4503287152653,681.4788503238276) 5
(751.8722969050021,762.6893181409926) 5
(130.20309523326472,232.28125598272675) 1
(671.9047472789589,452.73090133478223) 10
(663.5206045525928,831.2661215639348) 4
(183.47601172862989,149.86556208072278) 7
(503.31340332144504,505.3936942071108) 2
(199.9539120931696,117.3570675384878) 10
(430.0168108894161,589.9785756524149) 10
(1000,609.7577859867264) 6
(573.1505521488333,0) 3
(467.4176093762647,393.51808710646844) 6
(666.1994938956901,1000) 8
(0,382.6130200151499) 6
(260.057835170322,162.2240702003631) 5
(481.1785170788615,951.3990037015404) 1
