1000 1000
10
(0,0)
31 80
200
(888.4260606489227,643.5827727000922) 9
(0,533.478905366685) 9
(338.04767632123514,856.1940991870888) 5
(936.9958537950438,961.6908653648725) 5
(694.6674789388167,19.98765721580088) 9
(951.7814543182013,472.7011606934336) 10
(0,308.7423485286243) 10
(68.81878860721969,280.7686908535648) 3
(300.847303223788,1000) 5
(321.2637880516005,207.2227573065701) 3
(182.4302619168124,317.19494769347045) 1
(816.3871436243778,514.3869886263211) 10
(230.76057206794172,332.40038297577934) 5
(749.111895148567,435.0019235200781) 6
(226.2213491850589,127.80269495211058) 7
(494.7772550517813,101.77437788156715) 1
(714.5303757580452,184.6159164640555) 2
(80.3341886931625,607.2870289565041) 3
(180.57357780004253,662.4691848967333) 9
(465.15818796695817,658.385132377218) 1
(485.54296019863875,999.8151681460195) 7
(683.804825225018,455.2457225529359) 1
(404.55067098625506,636.0487124990601) 2
(97.96543071381376,524.4947238435517) 5
(509.437255161864,52.37981910714859) 5
(306.40029749684265,268.2995773252577) 9
(684.5315314485257,257.87957858213707) 2
(359.5915771630861,234.32586734642962) 5
(678.2416293485,188.23992245397096) 5
(714.8930041778676,540.272083109443) 5
(647.558638866664,825.8096203207836) 3
(0,299.7367375433509) 3
(118.75774969956677,55.81214745125135) 9
(698.9617640817621,680.0302653397143) 9
(205.37757834470102,970.627901583321) 8
(678.6992333663721,375.8495016985012) 9
(879.6801535489689,0) 7
(104.5202225751442,690.4622700742051) 6
(550.4470499642593,764.5097917591371) 3
(301.43403914775473,188.69381522115702) 10
(424.53221123883833,220.06110796733458) 4
(910.342625903125,472.0603640500847) 9
(548.3932622369099,455.94754827826495) 10
(750.1944022592951,953.1796927759798) 4
(363.4180909763852,751.2965840802498) 5
(285.2425867244184,663.737657979317) 6
(376.79532162693704,791.0872547525998) 10
(372.47439108806543,599.6400161584714) 1
(752.5557613058079,173.25088561811828) 3
(0,723.0004085078875) 1
(48.50627059761399,657.8510944328054) 2
(257.90148160720537,1000) 5
(597.3188118257005,577.1823601173801) 5
(760.7144407351225,904.2322537786828) 5
(1000,116.37616719054245) 8
(681.349431005726,775.1986207674775) 9
(0,553.5482978926564) 9
(566.9841899031946,337.25733558065156) 4
(78.88648457652516,844.9517160660145) 2
(144.8929783518317,0) 4
(34.04244416905874,357.1036013841966) 2
(755.6384415864343,808.2041790485787) 1
(115.10800641400203,0) 2
(357.59237838831405,178.7348251907651) 8
(149.67753736491852,408.06142444082775) 2
(171.6289138708658,321.8195430793295) 1
(764.837976685775,697.6783484518007) 8
(327.72995289413785,458.2819035877313) 5
(78.04414027718394,796.258888334216) 6
(290.24655305113015,496.90733541949083) 9
(1000,65.86202103194023) 6
(287.6509914529149,824.5326459709323) 4
(843.1053324673069,356.06724643015826) 9
(446.26709553573266,628.5902482248987) 6
(1000,579.6391445613336) 5
(376.332552773391,503.1108748974782) 3
(594.0254144395202,794.3144598794615) 2
(430.4035124781897,899.5327825011125) 8
(0,417.74214840663643) 4
(324.54522749151056,232.32781352242432) 4
(0,573.9189404680601) 5
(586.189512291702,125.5796887322407) 1
(312.46793283021225,416.502276354305) 3
(188.75480805785242,527.7442525048211) 1
(686.474703026468,460.4883177071652) 6
(469.7884774326354,199.32209344098584) 3
(0,322.6591709128411) 3
(0,546.4596372954157) 1
(740.2790848040984,595.433646134018) 1
(722.9748339849207,0.5752631960700683) 5
(1000,453.2349189257208) 1
(520.0724299863984,458.19352452869947) 1
(224.79864546049362,0) 6
(0,120.39031887079949) 2
(314.79047665700296,651.1068789173657) 4
(660.5887773768753,539.2175980660338) 2
(1000,859.4768789334753) 1
(2.365562794346374,1000) 4
(806.0934148280874,389.0836053574436) 8
(501.4596729264159,1000) 1
(927.6887104190317,924.1809815916939) 10
(47.45085096681481,351.73834956245537) 2
(609.2266959103058,376.15627353238693) 2
(389.5431476670865,485.70125796448394) 1
(317.85622429179665,295.4666300727462) 3
(163.41903072278313,1000) 1
(284.8450511525766,581.2952675616572) 3
(0,927.1984465266955) 4
(721.6731656988281,204.48266673720747) 6
(170.95788701742987,106.43999419603631) 1
(742.8122438008575,369.1335116167711) 2
(971.6500632241139,549.0771733209652) 3
(474.529858284018,300.8333695799279) 2
(165.87844672556173,513.5737800986791) 1
(349.2771860410114,361.1638120373) 4
(0,175.91986806025113) 2
(660.5148323463823,405.9675665532278) 10
(414.98216349450365,721.5686577161838) 1
(293.62144540471684,844.2934032264513) 5
(777.6417226459752,273.496676260136) 4
(0,529.7892365448494) 10
(130.87801769923118,1000) 6
(918.0668183090418,202.62789711513528) 1
(830.3105013368345,676.9664307047374) 1
(75.27787819605828,0) 2
(688.9528558537309,350.8898445636164) 1
(729.90976183668,1000) 4
(292.0498399117535,643.7872669882613) 10
(457.3253075210698,795.6266411989012) 8
(976.9397753054552,90.44538545313657) 2
(760.4100223750472,262.06079941559744) 10
(876.8660366999475,352.778480442076) 2
(949.6106291680965,0) 4
(925.1553480218893,63.57823313340151) 4
(407.55906047483415,427.428312347595) 1
(116.44663116382503,157.36426548926545) 7
(415.57634037581727,596.4628740304105) 1
(276.9623967645062,684.9130567321815) 10
(262.6993626109165,949.5667192909311) 1
(433.5934270519888,537.0192108014727) 1
(115.37161496294897,83.78902930191697) 9
(616.2970709873448,193.72919232666516) 3
(406.72673872596476,747.4101510205447) 10
(309.2448899786941,292.32499736330453) 3
(45.64703288066585,96.99091917251758) 7
(0,870.5726891179822) 8
(522.0225185014802,800.3409701253588) 6
(511.94308560900964,1000) 6
(0,792.4003532484037) 1
(390.6366801663938,635.7954228108584) 1
(981.9347763738917,665.8481724531241) 5
(389.1408496457401,102.85599512127084) 7
(1000,161.67634772580283) 3
(824.2079633368801,881.4453831965607) 1
(423.1337560110337,488.30765907323877) 5
(771.2651174882524,824.96525784955) 1
(0,221.55790483897016) 2
(538.2700643794655,138.8822512060267) 6
(510.7895420260328,255.26414456481132) 9
(597.1412270586856,204.12693052137877) 1
(525.040709732095,621.8397504680329) 9
(170.93160613307606,1000) 3
(77.95728233883233,124.71000963562886) 2
(466.4195243770885,469.1860485891707) 10
(671.4907637342998,107.10543975175977) 2
(491.953733457,143.42781979317232) 5
(988.9092053262123,610.288723901089) 3
(0,612.5732636916928) 3
(757.8291061626793,832.3028309090586) 5
(28.666275536988394,0) 1
(0,735.6622053600438) 6
(548.3056723182694,358.13052480763497) 2
(146.30916233619388,414.8282594862552) 2
(523.7836151091943,396.5030006880376) 1
(610.505448468974,917.5031321713939) 8
(787.8720965690352,863.0835258002446) 6
(0,488.4454253114043) 1
(729.2215998280409,308.94850985909534) 8
(934.9980287229217,11.415180056788415) 4
(568.4389655222209,0) 3
(714.7779521432708,0) 6
(0,873.716189826242) 8
(593.264297229169,58.532363023379276) 4
(529.8635617811045,719.0898177113633) 6
(83.91990052637573,1000) 5
(293.58283387299815,720.3374688840979) 1
(632.2093497939393,261.46447980980884) 8
(660.3258992133896,542.3821339389425) 1
(1000,0) 6
(762.4196728478349,636.6514592900623) 6
(836.1141378083427,858.8615869886833) 5
(837.5801220371986,318.9638854190846) 3
(514.9373442769473,276.9337832249364) 9
(0,359.6137117757026) 1
(515.9658638479784,960.4559692156781) 2
(706.1817695994646,263.37883097163456) 4
(455.9764279770524,207.4779599319819) 4
(0,922.6002062237625) 6
(108.87846678441286,498.0287943819581) 6
(509.6051481220936,809.2779086133067) 3
