1000 1000
10
(0,0)
31 80
200
(0,320.3228805723737) 6
(966.173793800566,619.135029458541) 1
(1000,266.69163087127816) 1
(740.3650392047886,90.15444766782463) 10
(593.0888111910775,535.9435966489862) 7
(1000,803.8833265610909) 3
(545.6083443793726,180.1888816694045) 10
(669.2964810902257,351.38517077587187) 7
(243.21243319724846,139.19943167806775) 9
(193.66143115766715,725.4468990985474) 8
(362.64152633816013,789.6926502915651) 1
(0,654.7118795732097) 3
(971.189334660384,0) 3
(0,312.3322626133256) 2
(350.0402114630466,549.2721812477054) 2
(0,360.15072479712535) 3
(401.7676934553722,611.9893514653075) 2
(0,758.6539999659094) 3
(218.33474377903798,715.7667571033094) 3
(537.6506566909602,208.72918013607028) 6
(603.9540508494504,625.3241537139365) 6
(3.665740043484618,587.4162125670691) 6
(281.8130237800907,0) 10
(269.1524121452618,972.5392139819315) 2
(410.67477285362975,0) 1
(561.1974922826352,639.6432344393792) 6
(0,162.92034382191446) 9
(798.9784833264418,897.0589134977678) 5
(853.8308396117361,897.0323748675996) 6
(526.2248837529827,0) 4
(208.39191024981187,338.81549255224144) 10
(395.1532897328158,853.0890250175487) 5
(322.48099387192974,465.34405570325896) 9
(952.8891473956099,204.57561239045208) 10
(583.0995589545969,495.7170170985556) 3
(1000,0) 1
(334.82200812255877,418.89526313584116) 1
(1000,798.309463976927) 3
(945.8130496343126,0) 10
(13.840306702958003,816.321974180466) 3
(120.90275386318177,73.90049684101206) 7
(696.2765595533729,70.31593584040013) 10
(928.7836986383468,0) 4
(967.6081898323914,138.26198241710182) 8
(394.8759818642936,744.9589221517981) 7
(0,849.0643871223936) 9
(436.6328934106506,0) 8
(0,381.40730391757336) 1
(599.9218216255607,1000) 4
(298.41607180198616,589.2428167989815) 1
(512.2311421546001,558.5937591695159) 5
(844.1925952888465,820.9328097118433) 2
(0,205.7109462501087) 8
(304.4465855334837,743.9265138032781) 7
(441.79624211547525,441.6046765397336) 8
(168.8962417562327,1000) 7
(944.0270539506471,731.0895389058196) 4
(683.75373936155,647.0069114136955) 7
(209.86482547644442,472.67918006719094) 10
(442.20717055502877,3.9785251882804005) 4
(727.9089464548201,111.60200072853985) 2
(499.4645038109261,720.6614515854573) 1
(523.2824260107952,413.006650809661) 2
(552.3979927659885,1000) 1
(692.3085743627753,26.034457655469282) 4
(339.2364786083671,357.56193776723535) 5
(427.6368391872497,178.83475099008888) 5
(920.8952938036576,440.26455717771046) 5
(278.0032879191719,288.84946550598715) 7
(627.8862211295449,545.1755528136782) 2
(685.7855431331061,396.50201002992344) 1
(426.5990237437459,1000) 1
(0,255.67896955373553) 9
(924.0666254806378,0) 1
(702.3843372549907,925.1029883050503) 6
(569.1828777707825,551.0836772254539) 5
(506.5113155853792,1000) 4
(733.855818326169,425.77595850980975) 3
(755.9398360530643,1000) 9
(0,987.4021850824116) 1
(217.7476476466154,0) 3
(878.4157923237212,471.605938774218) 5
(0,598.7355369690406) 1
(388.514666846251,607.1250764433115) 3
(711.9496043447358,51.07645420262537) 5
(793.3726858485747,361.1209891662378) 2
(443.83134105959255,359.50369584625673) 1
(428.4899044926052,1000) 2
(1000,988.1187249112044) 7
(469.4381927312086,274.92328450997115) 9
(655.5313710326188,333.28777397882504) 3
(1000,475.97165150770303) 2
(508.324669443771,463.7484416798172) 5
(387.3666178481369,130.94543082248947) 7
(406.3988670338964,817.4989438482389) 8
(990.5104157761698,750.8849569256214) 6
(729.0042871379296,841.9641298378946) 7
(771.2821985191324,0) 3
(293.5489900907878,1000) 2
(266.6374801963532,59.43835607885774) 1
(735.2254597702613,1000) 3
(575.4016219816302,133.5699714779098) 3
(636.5073765684265,410.9024896504257) 1
(0,0) 3
(350.51106977574557,207.91669989672505) 2
(254.91836510439,863.5505615496563) 3
(226.22600941198488,958.0420862059573) 4
(860.5045771637191,511.2309049013798) 6
(129.4814231604645,603.9531830689195) 2
(625.1680296262073,147.590691620675) 10
(766.559579638703,777.8126094023605) 1
(0,821.6398603928509) 9
(123.78263830662655,277.7268331204959) 3
(656.7107704122119,128.64593082327843) 6
(522.999830946886,250.85384174397672) 2
(458.5111921897256,106.89881385157122) 4
(669.1799101321039,135.34612094545218) 2
(322.9576127855738,933.2072109420832) 7
(537.753337501952,427.6140390335139) 7
(544.9570519438643,555.9177916654859) 1
(770.2711358396543,304.3764908985064) 1
(266.1654868031767,728.7719269768342) 3
(8.71780237693315,461.57606976948244) 1
(849.5015607605482,841.1663926449478) 7
(468.87447764056543,1000) 3
(419.5587189690219,330.90205456950866) 6
(919.0922926599649,1000) 4
(676.8469190616951,419.1230984088254) 1
(495.9655328195777,510.8760982317641) 3
(299.5035652165145,406.7693955985091) 9
(176.97647341234193,209.21985602655343) 4
(477.29174153993984,627.8550522496914) 5
(200.454407830869,456.8807955415142) 9
(867.9777366684004,1000) 6
(159.353403421635,475.36792404698747) 1
(518.4000785605103,167.74054710082157) 1
(251.14090847446036,772.6058124338703) 1
(304.37966395988917,920.536116164996) 5
(901.5985468397744,559.7875453741188) 7
(489.26018496397126,930.2588458101616) 1
(77.44341283042047,527.7929675290693) 3
(665.166466944454,690.5312887428043) 3
(101.65148522783039,697.7978462673602) 4
(929.5641233145,316.0234484023768) 3
(178.49907891429967,681.5330456585825) 9
(712.2024217633854,585.1423735680203) 8
(480.8390179967187,1000) 6
(406.1942916538778,1000) 7
(17.4980448985325,787.3769268887527) 6
(275.8898406012839,191.72038989549964) 5
(19.756939133923595,339.0748531164287) 8
(349.1231729938502,123.23581137023939) 6
(520.0091424643168,359.2819949424024) 5
(539.0507316378615,951.7234147665578) 1
(1000,587.065029448871) 10
(290.00091638246477,832.7431806094213) 1
(816.795472257679,824.2571905117229) 4
(433.31596072628867,663.2237594083138) 7
(457.40604909556976,86.32830030078753) 5
(612.5545929024032,55.124363454836214) 2
(637.4820699822204,638.0185662277668) 6
(604.4706509865017,737.8706613400861) 1
(63.90506667770393,0) 10
(637.17475586959,592.7139668209616) 3
(803.2985152785528,1000) 5
(683.6621540354015,528.5651156865042) 5
(543.3570163316241,448.3962815082121) 4
(771.8373136623277,378.722198705858) 1
(218.30247212988877,365.3350527915603) 10
(1000,869.4802561985746) 9
(619.5318650082733,209.46509766669743) 10
(404.0619219247877,313.47836613540943) 7
(542.6956160719271,0) 10
(137.1021168733625,690.1645472699832) 2
(559.4566891691469,625.2988927930094) 5
(115.60390016279695,458.1883052595809) 1
(153.59136927129617,495.0938726046758) 1
(1000,491.1777007406361) 9
(792.0474572018843,432.4725443301928) 10
(197.22402184751553,688.3475177283074) 5
(434.5479605651444,370.7323698111612) 7
(20.070882276016903,550.3400356298183) 4
(486.5301618991968,475.14059736853716) 6
(86.6217213675389,433.7436110150169) 5
(643.6713768669565,279.3353998762988) 9
(948.7684076976532,556.9465648446197) 8
(102.92292680276472,839.0852770597508) 5
(150.48477945200375,185.08824467919436) 6
(631.8580712616806,244.64422054443284) 5
(716.5446949654815,0) 1
(258.92146824492136,620.4710745058853) 6
(471.50927686600596,585.5245058300527) 6
(1000,505.15026207244495) 5
(753.522472215154,649.3305556639173) 3
(721.7662379638189,915.4425045474075) 5
(0,183.84543895083453) 1
(532.0322160534835,558.7210534821487) 1
(785.6461530262227,221.1347222432684) 6
(490.27424016635865,0) 1
(646.3975662831199,37.075986387049454) 1
