1000 1000
10
(0,0)
31 80
200
(1000,735.1701772677512) 8
(608.5839561526896,688.4989645333761) 9
(626.78151324549,778.2648842120499) 5
(471.32055130774324,0) 4
(299.2783818903542,658.0364194143837) 4
(399.1632602625161,606.888949010594) 5
(433.4499776748189,1000) 7
(828.336852007226,786.3861850937801) 4
(559.6632319179056,652.3944364901079) 2
(363.34667781137694,192.25267213883944) 6
(546.4092520265715,392.9441270996982) 7
(450.0419913676313,389.1761605464675) 2
(654.2106880559743,461.1685015803884) 4
(303.3324730366576,656.4241850211479) 10
(113.48585244695909,1000) 8
(0,0) 1
(948.3940388420333,853.5418746101018) 2
(1000,113.5688960601056) 6
(662.5420661775917,422.0412207035779) 2
(582.5920152086078,972.7876624038186) 5
(620.752527707511,798.1732295441038) 5
(37.67844082308574,137.19268328239122) 5
(657.3451757407424,722.7691431972406) 1
(489.16576300884554,533.2289727036753) 3
(0,472.4679969394494) 1
(708.7350484689041,442.1161714614394) 4
(318.71680405512797,234.89773095758426) 5
(790.0543496448569,792.7027337788795) 1
(382.37917567212764,630.8417973876262) 3
(282.7214968061944,984.9121330551451) 6
(999.4034610315987,379.57928731045456) 5
(926.2935634897995,1000) 1
(630.9296610942818,664.6162865289766) 1
(847.1891751889518,818.29491477487) 4
(126.73182599968266,159.072178579533) 4
(509.59287456566614,576.2280121838462) 5
(532.0912647479416,345.5111760827492) 5
(496.6872714708504,912.0014980821659) 8
(612.6061668938098,562.439744282779) 1
(806.6980676257886,220.93668100366722) 7
(723.1059586866662,623.3454031932483) 6
(307.8526230190653,302.5055382971056) 6
(998.2362341029384,619.3461305453463) 1
(190.4566303924393,607.618250439613) 2
(757.9088554684238,415.0378722558236) 1
(64.28471395359122,1000) 3
(240.82757948327628,427.91934586447314) 5
(458.53763928758366,364.35028813712734) 8
(421.86875077252694,798.7286219275895) 2
(740.3453149186539,764.5950189910408) 9
(180.99521022749934,201.47917171155945) 6
(493.58706266039667,419.58560903446084) 7
(631.5825527798322,328.11642249296006) 7
(0,144.3520244691088) 7
(135.92626871066506,613.3005110459865) 7
(326.70002859517126,360.0715952826147) 9
(495.25661270051927,446.2422139842295) 4
(343.01156345232107,105.90078747309059) 5
(395.56164960971887,821.4130779101017) 3
(213.20520925605314,66.5091203209684) 7
(479.2580956860654,663.5189660492811) 1
(526.7212627403821,361.6821567058637) 8
(527.0503324773825,630.134586732213) 2
(540.9050393640921,787.9483000679706) 1
(441.1093646516241,429.53471298817374) 1
(222.26785382852864,657.3991514196646) 3
(171.02301417109015,463.0021593872546) 8
(804.2781602372564,390.56482541998145) 10
(962.6824707364968,304.52200271512334) 5
(724.241042573662,793.6589306405465) 5
(671.7506534894799,688.7911144194055) 9
(252.51369099803188,252.8685118112663) 8
(638.8981449722789,9.323729339795648) 5
(807.5836923724464,434.9608966867161) 4
(682.6371544422135,277.4578543632844) 2
(499.6280184248544,141.5773801217124) 1
(600.3806460242323,656.9915236399607) 5
(870.8055045748033,871.8777186973741) 1
(374.88286278139606,135.51018310257655) 9
(685.7028155684361,261.6994670093656) 7
(706.2420193288963,320.6374102515696) 8
(0,607.1926358176297) 4
(761.7786718129219,810.371355711253) 4
(254.0211941555681,576.9446974631638) 7
(630.1689855973527,211.50437720636364) 10
(678.3773708260031,288.7097445652032) 4
(559.3340354982014,723.4536380306967) 9
(239.0635894183177,459.77722208731126) 1
(874.8020010643054,742.9293175718836) 3
(277.62190247314857,878.3245159361016) 4
(554.1837802578915,33.76986824622628) 2
(0,357.9763354199857) 4
(393.2533620192812,728.5213136787721) 4
(535.6466351206507,155.9582086708719) 2
(464.35122414381584,743.0565781948727) 5
(603.7468399069669,1000) 7
(219.71174449452639,1000) 3
(793.6372614181087,261.2754702312414) 4
(45.144194289205416,578.3218365645539) 7
(1000,873.5810102281458) 6
(158.05227159170687,236.69223369903727) 5
(726.5255631428511,892.1296613344678) 5
(497.96878758246584,166.87395296755562) 1
(94.6601232443416,774.309637733038) 8
(564.8580756629284,0) 4
(785.1147792806796,443.2662239032868) 5
(394.56471307030284,0) 2
(502.49344592438473,1000) 7
(300.8840408454422,211.35060267460648) 10
(492.75339959180485,545.4363926440778) 1
(500.9351548101756,802.5068767286925) 1
(394.7490062777344,907.7298332162852) 6
(381.76193619198796,641.1496044402331) 3
(21.44582052914376,293.38997823791874) 4
(817.8260111439804,655.4942824522534) 4
(70.8155667690134,287.90237992130653) 1
(351.752199794813,0) 4
(962.942340346809,331.2049221483484) 1
(781.0157710894987,409.016530532122) 8
(492.6712194613475,1000) 7
(1000,1000) 8
(819.6646536342818,142.0177443494086) 4
(788.0571831693968,734.3366907548315) 6
(732.9082166241208,892.3550011294967) 4
(839.0267150914995,615.2940992470404) 2
(141.49272470468037,516.2357773613824) 2
(328.4502032815267,312.4864750862212) 3
(904.8801621571084,830.5459319888848) 10
(26.44594681933279,225.93970690122575) 4
(197.37615436077823,712.0434263541765) 2
(521.4518433976835,601.9797574450116) 4
(140.653634619115,261.61110132282244) 1
(531.5380720659431,859.4848732725075) 7
(261.767685366876,580.3297878099833) 3
(561.2344663894979,62.079728645651755) 4
(281.9570327284727,392.81109816440215) 3
(419.7285349279365,527.3063946830353) 3
(0,200.06789201263757) 1
(324.38205340459274,293.58757352919446) 1
(887.2634312078192,791.264218158675) 6
(751.4858266990193,505.36116559220767) 8
(648.3311261288225,385.2354873146493) 3
(509.31677397266736,636.6707436534185) 5
(40.30879185870555,190.6915375279271) 1
(0,340.9760632865846) 1
(712.1766773990682,365.2622474839262) 1
(526.3750464205509,464.3916665679739) 5
(515.5100017780132,0) 9
(91.69646355667982,1000) 1
(702.9635704765096,542.8224557453433) 6
(604.1166801711803,460.0937815632189) 1
(283.04871900714846,0) 7
(843.6460760071095,103.2371511782041) 1
(509.0004832722455,30.07920050902328) 1
(242.09600773319391,277.54178235389986) 8
(780.0699829778846,577.1124308859484) 1
(291.14637084299204,792.3900923086779) 8
(445.02513989451955,0) 7
(514.5600347548641,498.71541552476543) 3
(377.61942813557494,79.2528586920107) 5
(254.42073252789737,493.00841865850174) 2
(491.0995833764559,108.32564055373837) 5
(267.49366138980577,52.4185458153795) 1
(386.31148110028306,845.1957022587567) 10
(163.00913771453781,662.1119575290295) 6
(263.55367547585274,503.673390352493) 2
(511.70052389690716,804.9508251287978) 4
(733.3816184584239,219.77671657719713) 10
(154.65521504911072,628.0383807702427) 8
(106.80524994480203,313.37923353398156) 5
(611.6996405548055,992.9580516737208) 6
(1000,676.3326492618002) 3
(642.1074690854279,208.5595586614279) 1
(200.77676036482535,866.1676570311506) 3
(631.2401141406874,186.34263440587114) 10
(803.517345221126,164.77764577442156) 1
(746.8620922446634,151.7279364443196) 8
(507.6545463709311,476.326126372466) 2
(805.8577874395162,314.15143691316143) 5
(491.08803069811177,896.8794246263099) 4
(0,871.3348094483009) 4
(817.3772109571728,142.00209071747202) 10
(765.1085417854176,337.9757693879302) 8
(587.2824058805636,712.996551131498) 7
(679.4544439973764,853.4023148582016) 7
(415.2990203763146,400.4432376271378) 1
(381.03411822189526,827.5107612008344) 7
(163.06232228734393,0) 4
(1000,297.78567080803623) 1
(0,1000) 1
(677.8529750164552,24.353839719561165) 2
(442.5745235096707,705.3792223626014) 1
(436.1690605557387,87.2162100595865) 8
(602.1403455484965,298.1850724482009) 9
(729.8179301450267,149.06599013377837) 2
(244.22877683873398,1000) 6
(689.4443559719548,1000) 1
(138.5924619616904,454.5978299521371) 4
(488.82081034249154,1000) 3
(0,714.7461020599906) 4
