1000 1000
10
(0,0)
31 80
200
(710.1288331592108,789.9554545731821) 4
(0,484.02165226459203) 1
(955.1434994737599,830.9689444058517) 6
(0,197.0574256857571) 3
(374.52243851475356,681.7272945401405) 1
(684.7669680386999,819.4483039931449) 6
(854.0070426620355,0) 9
(360.6693618153606,170.20491357576458) 6
(151.9982907686806,359.081037600796) 2
(0.8122674450559657,906.8731975072573) 8
(784.726399682804,330.75219699451395) 7
(602.7637371489783,397.5737452975513) 5
(0,462.70273944689467) 8
(317.54332493643125,451.1275154465885) 1
(0,292.3872857793614) 2
(1000,473.0412752219048) 1
(1000,429.206488281827) 3
(980.8005402412134,981.145736972805) 4
(566.449235022156,328.2786292981933) 4
(114.9893419059481,876.5944080878835) 1
(938.0930162287677,108.96129772401764) 9
(720.0372484781477,639.1269085180883) 8
(276.28184055467614,721.2990938364464) 8
(605.9814893582172,725.7491964380653) 1
(584.2373046436247,309.07164823385324) 8
(715.0260040548894,1000) 8
(1000,0) 1
(802.324340367358,259.1058591826427) 5
(487.08262657340015,485.6025380652698) 10
(264.51606315119477,393.1538148779625) 7
(0,257.43574074094715) 10
(113.37605343947871,905.3875898250332) 1
(453.0075649834309,856.6316900157459) 5
(144.14417556044782,864.7993245834423) 8
(493.8363732626122,227.01263030448263) 1
(395.81156499440533,535.5885249295754) 3
(1000,1000) 8
(145.77069741853342,985.1431144637443) 3
(213.24726575478326,669.8158266379425) 5
(409.9741010876088,1000) 5
(261.81736678480945,332.3081359370874) 2
(536.3124408388729,512.8681225210739) 9
(244.83600387457685,416.57368133928026) 4
(667.858621460851,792.2218104635724) 1
(615.627800603214,565.565852249774) 3
(278.67358364413315,530.2452793592) 4
(312.22773732193707,1000) 2
(83.10704316661207,822.2213933316991) 1
(0,356.7923952381363) 7
(401.2167705928153,225.32326869351772) 5
(769.4387006514805,562.3297640113051) 9
(655.6306428837736,246.5522734406468) 1
(0,571.9381515229608) 3
(193.54953533399333,0) 5
(293.6707542485118,344.5205810553251) 10
(17.65997612707565,880.2394120728438) 1
(819.4220283360704,742.8539010148176) 4
(418.0461413435936,379.5155659747953) 3
(646.4752049169784,553.4287303146474) 6
(0,564.7086680862519) 6
(782.57575147889,364.0856824503863) 5
(708.8615603713216,914.7441364745457) 4
(1000,27.055846631447764) 9
(400.36857145030064,630.9622991045038) 5
(207.73026235375812,632.9695814505076) 9
(1000,733.1140165030869) 8
(927.3440720891265,879.3097218819369) 4
(708.3744302352986,822.9543522146787) 4
(754.3681193012187,744.5364479161726) 3
(41.846660633265856,375.9200208831938) 5
(553.1146511669251,844.088091511381) 5
(1000,593.0114202821102) 1
(869.6532744931352,692.0795704580153) 4
(440.84829458719355,644.2341149792702) 4
(555.253201161074,621.9120544656021) 3
(378.6583710427816,0) 1
(961.3077389160787,553.6638721567593) 1
(383.73005897677126,959.4559052213976) 1
(612.7732751441145,0) 10
(353.6146402775659,241.73672392653128) 2
(704.8075635496737,397.59828951457877) 1
(390.40418558884954,679.5118844533189) 8
(706.9152191687235,1.730902274595394) 1
(610.7437814256086,638.7489788269484) 1
(309.2429291164242,411.09408938954294) 4
(280.63202936476847,869.7274989224766) 10
(533.9322599298752,248.83664672774572) 5
(708.7439372173162,1000) 8
(0,333.1539057685154) 3
(243.157402027761,483.9774542103965) 8
(672.0850048994519,548.4231007150062) 1
(0,1000) 8
(365.3418509824046,232.5433142478617) 6
(36.403476314044724,308.84348283510235) 8
(900.1270880081818,419.4358858088782) 1
(650.8660092435223,286.45905124536944) 7
(800.2816491709059,330.4990858587543) 5
(310.74893152750775,908.2961493614623) 2
(471.2304961834302,790.563747405167) 4
(895.218741555547,0) 5
(331.8085180998286,491.605248877796) 4
(809.4260333841182,333.25230200439387) 4
(975.5984157414391,763.6058499400949) 8
(212.75889900476585,1000) 3
(1000,167.6829988629716) 10
(0,113.3827354984328) 8
(746.8048312044631,659.1560970611599) 2
(506.8003716035476,590.2037801536113) 1
(580.5288911643598,80.42689616360309) 1
(311.3053477264757,409.2786250087871) 3
(82.60569621917017,114.54076167072793) 4
(440.4870112950051,125.39201905080239) 2
(284.04894075568967,760.3202283625062) 3
(616.5375947290293,0) 1
(383.73521498730804,949.205717821027) 7
(776.9009875802305,703.989258288891) 7
(0,870.0224990089764) 6
(177.4814166195979,745.3861581473262) 1
(372.5169863629917,26.36574533275524) 10
(141.80805774203077,349.1045386684147) 9
(515.0347131861221,1000) 4
(435.2103803792759,891.1007860447754) 9
(386.6727150334019,190.36032581103598) 9
(457.85476257046696,947.3437601886976) 10
(534.851361254231,302.50534989794426) 3
(391.29328857700904,329.3899325600143) 2
(1000,401.2697138753922) 3
(0,178.39855081849367) 4
(354.9700160671872,635.2829551643839) 9
(495.128587927597,152.98805965012815) 9
(576.2993813920369,51.170774306283874) 7
(583.8048903086482,399.1064235760573) 6
(840.4535460139618,0) 5
(932.9220805025057,1000) 1
(828.7635761975807,5.196905341925458) 7
(389.6679706161293,767.5878143861331) 9
(75.36395679592079,634.3907693361675) 4
(417.61923061060867,1000) 2
(493.7053184121908,822.6651022221603) 6
(677.3212775364433,366.5832786191069) 1
(0,768.2065264239924) 3
(24.066557624055235,90.4437858129665) 2
(1000,752.6530196739398) 3
(0,254.62839774385677) 1
(478.20350525060843,601.7880886249586) 8
(0,437.82357576849125) 6
(273.14173737862893,620.1694735550284) 7
(557.710476107087,249.61787665755858) 2
(447.3973756631728,594.2884440765993) 8
(862.6460116521218,347.78286934972795) 5
(48.96918498613746,571.9597583988198) 1
(0,357.2934637888318) 10
(390.66842721588756,604.2004117203027) 1
(862.2731672767125,539.792357320716) 5
(427.2931166329902,470.78846653152505) 3
(817.9670959782284,320.0865859319632) 6
(181.09137762675937,819.9571587807145) 5
(773.4789946214025,328.01698130993395) 3
(466.1203909233794,712.6883641572122) 4
(486.24279480040866,367.63215064141866) 9
(852.5492908532881,467.92647729580443) 8
(119.10994339711704,0) 1
(652.1259416590984,935.7936225471362) 8
(14.759948518532156,618.2608758127107) 1
(515.1650050222127,970.0395711159714) 6
(785.8071490508607,541.0109459039594) 1
(668.0631630323043,782.493458777996) 5
(510.98988719095684,11.180827137744416) 7
(286.0341375039038,579.8227374660937) 2
(942.7536296665612,706.7981837007342) 6
(129.97082054097666,628.6202293044665) 1
(481.39558764043346,745.2628947797841) 3
(346.41992131131303,655.4467624441118) 8
(627.3585536177513,292.25781065466185) 6
(899.8685953895347,1000) 7
(400.9035147359476,552.806815083711) 1
(80.35783110706086,185.49356408431436) 1
(818.6592840593905,552.8941645477009) 7
(579.3495048959953,456.30339761753874) 5
(753.5019414159277,498.54948706654153) 2
(198.4180751001495,332.28444691348744) 6
(510.88109549782075,601.770604384596) 5
(355.448445619032,561.2607422955466) 1
(820.1436037233645,1000) 3
(0,861.4091339672152) 8
(750.1188764289586,492.8626152042823) 5
(0,416.1739546278803) 1
(817.0118640499841,884.4901818000565) 3
(867.3739356158346,426.17821901588815) 4
(283.14919974724216,401.3155389677349) 6
(265.9824571977231,469.61996644752446) 2
(858.8652139128343,0) 4
(213.45435353353503,987.3889487425313) 3
(436.2468123882433,198.8439565544453) 3
(483.2876813567546,1000) 3
(797.1108432214703,1000) 7
(0,174.55041412325733) 2
(463.784474311663,602.8755690227567) 4
(490.76089257243916,633.5353907874816) 6
(1000,200.617690601079) 6
