1000 1000
5
(0,0)
23 80
200
(39.7548992828749,323.3768548702828) 2
(219.50394928520856,14.263685509913525) 4
(168.58219759282233,677.3947210266273) 4
(232.64687585276377,917.7298561799505) 4
(517.1013560921162,272.23099797539817) 5
(120.77318551242755,412.2911648490077) 3
(687.2288686048372,748.2934465095584) 2
(74.72939371063315,505.9464904127787) 3
(442.30285103989354,285.5549763801371) 1
(296.6929980965862,82.66901354655299) 2
(109.59672563612955,543.8356547284162) 5
(459.45808840584345,203.04645954422028) 3
(204.50122314728748,350.08662121457047) 4
(75.34121624636126,827.9905775650076) 4
(382.53049553832494,5.513404709962533) 1
(767.6529386867303,556.9074836112372) 2
(573.0060685470778,34.673816900185564) 4
(92.79355045527915,236.74592096550094) 1
(642.3516483690291,517.5352132299795) 2
(332.6646120506468,722.5584141829042) 3
(56.63473325912383,501.1032022827434) 2
(327.1758309742565,795.9231614812351) 1
(842.8240439793663,611.9976295859296) 3
(150.90682099840492,940.4874206769158) 5
(49.095852686274476,478.82586689166897) 4
(950.8946078616858,889.4245156848768) 1
(733.9970345410287,289.9953675027065) 2
(907.5648732401289,359.59236044501483) 2
(816.3416200507613,225.60752311809352) 5
(456.8984849547423,100.73856379931823) 4
(968.5149969986469,963.1145030767735) 3
(802.8825951087241,200.55432345915258) 5
(912.4548289742818,335.30619795793547) 3
(662.6894734167057,194.00978454333494) 3
(148.84062622026417,11.818738875711388) 2
(778.3167181231399,730.875694038098) 2
(523.5946652500553,439.3637882936741) 2
(220.56870475610924,112.05155389733213) 4
(177.46391291536966,623.7559660955079) 2
(115.44370733588694,231.73411877033888) 5
(828.1191929465142,267.430141315503) 1
(77.16687397740107,168.20282183122993) 5
(152.5498624854742,419.38489376189057) 1
(324.3522008317625,71.59252827015116) 1
(739.959103707754,303.5354616738817) 1
(415.8949435246979,652.445608792763) 4
(887.4442124830845,147.83634021382386) 1
(153.73789016548412,232.384558615798) 5
(77.57824247474387,245.04193431767652) 4
(890.616643745219,658.5888357699511) 1
(905.4982230681751,250.89061801179778) 1
(715.9397833226544,941.8535402918935) 1
(180.9173064403984,719.3342424898373) 5
(508.4250467870891,750.2806757398272) 1
(987.0736299578468,236.88658084216328) 3
(713.1107113281114,189.85352254911726) 4
(406.30025346518397,971.6727144605213) 4
(158.18423157271678,711.2622026460251) 5
(351.91559393039387,934.5062496583873) 5
(703.6339713259766,803.1679030222414) 2
(420.8833290744807,425.0241458111552) 5
(586.4270931523587,214.51308710679717) 1
(520.6717140943296,601.8329506322038) 1
(235.82079626620455,840.3177859264067) 2
(571.9221608066147,737.1540379345122) 3
(356.3848543009217,683.7001633202084) 5
(819.1964793025062,345.42857860264684) 3
(676.8758555397175,92.21164058223764) 4
(173.457316967939,899.7087724299744) 1
(619.2220827345418,659.4969271040018) 4
(283.1621237365427,14.776412347232926) 1
(102.44726559840144,161.0158159340861) 3
(607.7962607648954,281.8624163161135) 3
(277.47774251294857,414.28127860094446) 4
(495.6074000599957,432.03335861712975) 2
(383.8992086655817,725.7935086982654) 1
(553.5892437969653,278.4247186626261) 1
(244.21528179875284,301.29322276365934) 1
(851.6879457287814,934.7678826650016) 5
(652.7473465753468,39.03142289633921) 3
(450.2834298559328,504.3609181668537) 1
(182.55510169121902,314.6903788859059) 4
(424.4789260687777,450.33871388151215) 5
(245.46290855152608,634.8901889982527) 2
(667.8034964462042,723.2654018913677) 4
(569.9969648397414,274.69239588336524) 5
(542.7539392516319,832.2137851101484) 5
(362.29792050311136,761.0706078372829) 3
(958.4760712754318,158.9224927022408) 5
(298.84541185458954,924.1630451209617) 5
(568.5316064624474,156.83241501083657) 3
(724.679067561175,258.3818091235545) 4
(635.8943021427642,512.31756003794) 2
(191.52622564809963,263.5687049042548) 2
(682.8041907909048,274.64095277847156) 5
(592.181433308763,100.63105813102213) 5
(458.2154761670808,190.51696615268142) 1
(699.6058428354345,532.9428551851723) 1
(240.37752571509552,910.955196117886) 5
(68.85423195493168,172.522119389797) 4
(263.9019372475413,364.04218377120924) 2
(377.38076800070485,221.1940667824187) 5
(333.82080797587133,392.0917876906086) 1
(521.4123658888907,442.71529977914213) 5
(908.5955302935399,33.24593046361024) 3
(796.9901872653985,358.3759012441288) 5
(271.2079502909563,996.0520903303534) 5
(250.14436561294383,227.69325489782233) 5
(729.5350239462819,304.8455195782821) 5
(685.188882173798,71.73835009926222) 4
(455.43232050253914,664.6923480868121) 3
(921.8432960567413,874.6702300522851) 3
(248.8606884312068,262.5820729947383) 3
(598.9486666162828,149.4513127046513) 3
(253.38372431062007,439.9968927049164) 2
(892.9620367477885,749.4176400266388) 4
(646.6337411954903,435.53714160056126) 5
(641.5628091444075,173.36061682627746) 4
(435.75590280477314,202.023001231326) 4
(543.4282271389429,930.5128600093683) 4
(383.2869671815282,702.7558055702488) 3
(979.1887622424014,765.4831046539967) 3
(405.3788545827633,831.2195205715936) 3
(331.07627625519797,918.4490233122339) 3
(432.798881964497,533.2915309145726) 3
(947.6530685600846,371.079105435961) 5
(290.924341781867,101.98767213594995) 5
(624.5175694065961,177.69857836072345) 5
(797.61333321725,671.7017452801001) 3
(369.6792590317367,289.55216253355053) 4
(268.4147305860745,517.1729274090206) 4
(686.4046354977978,812.0748397097432) 4
(401.0224894900372,203.91141254416866) 2
(360.6456166953196,371.49156741579503) 1
(328.5395135435304,234.88284383484626) 1
(305.73378717773056,656.3321749275409) 1
(704.4491818221677,977.824793221371) 4
(692.5617530195805,630.36618251651) 4
(274.9358532715539,683.4294408917718) 2
(767.6662631806404,604.0946675381106) 5
(130.38738699352638,112.9214079307922) 4
(143.25986383218148,495.25208243057386) 1
(370.9630982977861,849.1541740878401) 2
(163.9320258238306,138.84278301181484) 2
(570.6895610576947,792.9330683806486) 4
(778.0594496136869,956.4601121529579) 1
(355.0851501772867,522.7327712284928) 4
(122.13643812836494,620.7631528842974) 1
(504.95117420431603,515.0188560958865) 4
(250.8940340753133,505.2279403617538) 1
(334.71204852691613,633.1061065812913) 4
(421.058800901834,976.4151411979018) 2
(799.4271951107389,173.22428716002025) 5
(316.5122950343684,188.7627266045463) 5
(46.375284927474006,360.55631765707994) 2
(95.11028065881355,872.921546611907) 5
(142.32889378100987,487.77088059601726) 1
(204.64231235546924,90.61206786607856) 3
(380.4675254725801,215.74861180452908) 3
(645.8150486428193,285.3864845582279) 2
(131.51187583239442,610.1807977789872) 4
(499.3973231647081,965.002818616621) 5
(456.88549519265774,558.3432701464632) 4
(736.7100156476487,40.632718685420286) 5
(965.0302739148192,23.822486579418435) 1
(657.4279496369795,182.20468626225784) 4
(634.589429307082,650.9042034432101) 1
(756.1680161341939,38.02201956809637) 2
(737.1334473453038,819.058231914035) 2
(975.5617397420503,608.0401563998199) 2
(689.590013595242,682.3257838230631) 5
(547.4807455979034,412.5383340179314) 5
(965.3692707557776,535.2771562042635) 1
(107.6083935465928,348.3107533128733) 3
(318.349768518192,715.7788525790719) 4
(476.90576986635045,283.68084649038417) 3
(429.7032228972668,646.4521725432018) 2
(284.577361879652,896.3364566491747) 3
(726.410105449196,873.503216639916) 1
(4.925314596445185,344.1053109585941) 1
(326.3628056842265,243.94219361804835) 1
(92.91426923291168,585.6202336143427) 5
(846.2434822621713,828.785325070892) 2
(67.07906006063702,683.2904130371745) 2
(876.9211996717385,623.026145678369) 2
(584.4917862317984,109.71709778834304) 1
(642.4893810518383,669.1007997635163) 3
(176.76152887111596,918.6093577277489) 2
(586.9807025549284,243.00873826375812) 5
(338.6288074353719,242.41982733299307) 1
(117.31949290492105,932.1460156130312) 2
(131.6738309296459,936.1007827336388) 5
(809.9916079141831,233.49731855770972) 5
(648.2701650101262,786.1506732775784) 5
(975.1580456871557,590.4213799180459) 3
(516.5809451373451,111.58671804366615) 4
(232.64629212078447,336.936822393666) 1
(197.94133421245863,736.650497125054) 3
(198.41645873505198,993.1539333560979) 1
(853.8032851949324,866.1650984377438) 2
