1000 1000
5
(0,0)
23 80
200
(240.42239203528592,591.8784140864153) 2
(895.6007072335362,883.5537517426823) 1
(567.8323433396828,663.9627094876497) 5
(90.27442127116436,358.60622223183645) 1
(868.8997718291995,622.062455696463) 2
(129.91795101872782,276.7951143132159) 3
(671.2303311313445,837.7656976244724) 2
(961.5613676157147,351.69437750682755) 3
(829.7692177819192,687.8894048306032) 2
(584.1867629030316,398.7234105940574) 1
(826.72147499319,556.7915050101731) 4
(63.558879281898626,550.2724350253324) 4
(731.8747534412959,355.96117011433114) 2
(156.71857436189862,192.317735749877) 2
(631.9589312744699,734.676860027744) 4
(417.18326018213827,55.275332659436515) 4
(719.1227381706337,341.70321689546944) 3
(800.674369470391,758.1860478868076) 4
(246.30230491055772,707.6385693825272) 2
(312.09080235571975,626.5221232262816) 2
(713.7886217714735,843.0896011876409) 5
(687.6509773839396,138.04979254777172) 5
(84.53862119051348,910.5144263056709) 4
(401.3999012430003,51.30891155256834) 2
(698.9286721292306,633.7106535357844) 4
(185.80226627724971,788.7671067926688) 1
(934.0959992066967,497.26413724675325) 2
(59.97327066295766,355.16809353332656) 5
(558.3583175350957,389.0643044038383) 4
(237.15284718458108,142.18822858598668) 2
(506.6149322930873,669.6653515467925) 4
(456.43356651571554,826.0237171432503) 3
(538.646539574666,286.1379775602827) 4
(724.4691645816558,294.04792079959043) 4
(97.01374266184992,115.30057712700336) 3
(830.5712826474814,596.2713772975584) 2
(983.8794747678288,178.86558823987176) 3
(602.7132102536514,100.3219232649335) 4
(652.61870009023,54.70566067687943) 1
(782.2134093988211,407.1816739169165) 1
(116.26829041591635,723.9874420227161) 4
(39.59318574677428,968.6890642998537) 5
(265.77570709865927,887.9057582143895) 3
(396.9846311656048,585.2299894859776) 1
(463.8175392256246,744.5804337642572) 3
(450.89093928854163,416.1258775365819) 3
(363.95228433322416,305.7011707690198) 2
(431.3636267020717,300.6455976518192) 2
(696.0764142337769,399.89006010508086) 3
(499.93407611967433,461.7085998441065) 1
(468.10555582697043,154.36780795398332) 4
(698.8108767750084,562.5630798465618) 4
(880.907901722381,140.838382795877) 3
(955.5931023436418,251.6826420027126) 2
(302.2820529568534,110.73440570384851) 4
(901.800195981254,767.5069622159468) 5
(426.55755420611405,775.0679273081147) 3
(230.9143871439233,791.6531631799702) 2
(814.9772361991354,447.8834341377743) 5
(791.3566065792312,860.9879075059858) 3
(622.6891432823006,908.5694499418331) 2
(445.11531721185816,345.1304871944476) 1
(510.28216038927656,937.2321373890335) 2
(780.59839937658,26.6633430042329) 1
(920.512935439617,569.0522941329014) 5
(710.222312421429,536.5189508679263) 5
(622.6016646282981,226.6952212989365) 2
(940.8300997225182,743.6140192807513) 1
(590.0124793133242,326.4401670537369) 3
(813.0334602445943,249.14574883157326) 4
(65.927929294045,620.046172730872) 5
(316.72025056254296,634.5183153032802) 4
(849.8811301872302,174.21533729601245) 1
(601.2195689604417,882.1444133972052) 2
(983.897894885964,921.59182028448) 5
(537.8668183534003,861.3434049355766) 2
(508.91414365745555,404.97402654135084) 4
(996.2861894682386,433.65268786259224) 4
(44.19299924357267,34.49250418615413) 4
(943.4364571900554,321.8772019610465) 2
(72.48032043035168,189.49174632903953) 1
(782.2873913659247,518.6044711248013) 3
(177.86108714837312,942.9135708540133) 1
(186.4394002125277,179.85448811350167) 2
(587.3124788589396,560.0838221624883) 3
(734.409138600346,405.6897450642829) 1
(862.0362967795579,345.1069050077249) 4
(142.82901135782433,974.6439197124117) 5
(955.2213669679755,751.367988598504) 1
(313.24121273601736,417.18468940816) 2
(551.7756867817436,740.360561202062) 5
(580.1172751707219,124.754216692734) 2
(558.2976339659868,764.0060250276222) 1
(129.02560511932504,257.7950847795644) 2
(469.7482121580976,440.2963063340779) 4
(880.1956055408857,237.0717214145539) 5
(259.7688550005461,842.8473822493883) 3
(402.71819039328716,21.32156612874214) 3
(889.9470853086284,508.2040638931891) 4
(657.0025881277577,853.5060128460635) 2
(439.64397549666865,152.5674549495698) 5
(916.8566367878494,454.0392560003832) 3
(698.0132057218805,482.4955024715393) 4
(521.7840988311029,50.20515212913168) 1
(672.7094302860776,303.92532154044227) 2
(505.1091616605786,883.0849316180506) 3
(581.7465740381406,863.5459764195366) 3
(700.5679621330207,222.72560349753246) 3
(95.42915793001605,650.5548133489214) 5
(129.88518103642076,219.116348213646) 3
(668.8989239090215,593.8683270088842) 1
(776.2596461618248,319.0080740468654) 4
(411.1232206527724,876.5464619437072) 3
(816.0282319428285,148.64758500152274) 1
(889.0323392789521,457.44921043642785) 4
(290.7767846406364,435.5267097041153) 3
(892.5515940142121,503.6573948102011) 4
(655.004616059857,98.46277333851117) 2
(7.873268982398041,228.2333707962624) 2
(785.0840948051814,480.9985373565311) 4
(183.95329724761177,189.89783194015374) 2
(837.2562319054273,631.3349334439587) 3
(594.7198710275503,872.2393317208005) 2
(486.9030649515593,443.80660331690945) 4
(177.34733656937806,414.5417293994537) 4
(406.09166190405676,787.3390568206682) 3
(606.4111058934461,607.5266497446552) 2
(417.28160643618094,298.32857072015105) 3
(893.1799519334159,958.6898779844232) 3
(371.95859602022387,810.35549695686) 4
(405.4754662459799,702.6878908006602) 5
(853.1862579249338,888.2359464271598) 4
(410.5270311246001,586.6794782719633) 3
(563.0724990306284,932.7377560059583) 4
(260.11184909987327,591.0491915597288) 3
(635.4910460988089,544.1941848761995) 4
(990.1710856519715,505.90763881477807) 3
(137.10389373969522,832.276006243519) 2
(627.2220883346988,843.5281555285667) 2
(620.2737964675587,872.7015499532416) 1
(348.86202633840526,357.2174310189218) 5
(258.35584683230064,651.097009020242) 3
(275.1225000731996,838.6611301539762) 5
(555.2915237161095,447.7619941322545) 5
(51.720927310485386,253.80476425365129) 5
(806.0613038630942,590.8471793887153) 3
(904.927270455481,382.48421366266814) 4
(286.8320235948494,482.0661390119073) 1
(498.5964705813265,822.0632443932774) 1
(946.8719138067733,915.2055301432475) 4
(631.7715673434391,250.99945085275354) 5
(782.5901446800367,46.52344458964741) 1
(974.4914479680651,909.3878605432184) 4
(982.1439481299407,780.0012059806876) 1
(872.2893607753814,599.6655154135775) 5
(171.66836197876623,461.44103078313657) 2
(656.4651229325319,227.4804069827221) 5
(193.51916162146932,38.145665616614146) 2
(152.22498823914822,757.262942287777) 3
(476.0829593264938,671.0034541053301) 1
(103.73922390531764,662.9664638739957) 4
(863.995385153068,571.981994092518) 2
(874.4676637994104,384.97017452989144) 4
(688.7195817891069,284.53520017643785) 4
(188.62767846267548,3.6598362592492606) 4
(858.0415990262298,980.1807964575007) 4
(934.3808214262933,561.6945470929724) 5
(761.9555323980627,393.64217449028905) 2
(280.09983967921715,659.4060184517842) 5
(493.47141935385764,211.7816804123158) 3
(946.2464561068521,19.152010618235128) 2
(360.3939617258519,813.1542314668193) 4
(229.66654849641566,968.6887246738838) 2
(620.5999144746037,821.5527454019718) 2
(283.55336311106004,422.72704573326325) 4
(894.9152157962965,634.3994867017684) 4
(519.1791693593469,164.07718308805752) 1
(190.95583798629002,703.1881432259419) 2
(404.0702518760736,46.83713723648808) 4
(35.202481786114184,7.6320048418317965) 4
(77.04466005783794,808.6263356321532) 3
(263.66060160441896,177.2401635233064) 5
(256.81908489157365,776.544503781989) 5
(502.62105948471736,555.4917509780364) 4
(168.28149800653534,688.6579055238723) 1
(377.9471693677702,249.03947567513197) 4
(438.25750874109417,803.037361648764) 3
(539.91919022227,694.5428145542726) 3
(711.0677334472448,264.9892178641742) 1
(698.3935452262049,952.3206596871238) 1
(94.57484482045098,359.97408209363647) 1
(699.2125461308464,187.09818156756864) 4
(822.2676479436989,543.908812797786) 3
(507.2747498083633,754.1852229636903) 3
(295.9875316476107,529.6229725004926) 2
(994.7707133252543,638.5928372273905) 3
(370.0830066427995,967.9798833615228) 3
(405.84682648610914,974.9358718578308) 3
(57.7145727631424,80.55357958491494) 2
(859.2739243476448,77.41827959287617) 4
