1000 1000
5
(0,0)
23 80
200
(408.42537887599104,513.7621958948162) 1
(490.4886896607638,271.8218594414655) 3
(600.8688503147505,380.3837330764576) 2
(285.4678576345948,962.4890985714311) 3
(787.4869236288107,567.9353484422867) 2
(278.73767442371445,198.31429340245455) 4
(121.23567030421256,124.18665558918529) 3
(936.3626190106418,702.6539731541508) 2
(509.9498520372954,859.1195472006383) 3
(746.9640332174665,743.3182287916254) 4
(461.18572383193657,35.13718341298755) 4
(885.4070044059273,117.04134441736925) 2
(161.4614185058717,195.85698736205137) 5
(442.53760148661394,473.1697015335861) 2
(190.55857337316993,405.0971710274025) 5
(562.7646195036505,100.27619627495588) 4
(397.90654932198356,454.7017887958027) 4
(190.44783415304732,225.24794630728573) 5
(485.3144444864803,362.29809573800867) 4
(283.86803004846905,875.7140867032731) 4
(411.72916411238936,711.2401923642693) 2
(865.2493985987021,454.5696927340117) 5
(963.9071592972838,885.3754156602216) 3
(395.89664534392335,810.8010864843762) 1
(984.4376184909613,650.1378523789671) 3
(671.0345292873121,275.53494147015743) 3
(544.6993771167749,696.0017166873411) 5
(36.33967870098886,231.2993159445724) 1
(875.2664134738661,147.01489560238713) 5
(490.27245685088116,479.8427433805461) 5
(717.3411384982237,193.71224288550005) 1
(245.45937566861963,147.90684140600098) 2
(212.34998395743165,813.9791003853234) 2
(603.0838132588983,304.2311932900358) 3
(343.72185787512154,292.982417784911) 3
(686.6018859797986,45.1652687091334) 2
(508.1253664867653,956.6500219006664) 4
(346.3149881241614,707.6888929972255) 3
(514.4747957076518,417.14517331442715) 1
(415.5594932134907,663.2688105130893) 5
(708.4525229622583,726.7416267450808) 4
(15.055304855540296,618.2745661297021) 3
(431.9069487913887,759.6426819042501) 1
(33.8339583164835,897.2768627231336) 2
(393.6499060029024,919.4441241055704) 3
(436.91316491000185,376.5648713313492) 4
(746.3708900432987,434.93023744297324) 5
(830.1266074719655,539.3899124190467) 2
(675.8200089684981,166.86035851639247) 1
(299.14682415984686,832.6864282960063) 2
(408.86348117447915,442.31086145282814) 3
(199.52605064844198,2.843146812510189) 5
(448.14610069774363,445.72262225236335) 2
(969.3015198600377,664.0282376904127) 1
(801.8355164641262,665.5652421943622) 1
(335.4471254628586,58.77555403904666) 5
(389.89433829966305,699.8935553328944) 5
(415.11952804787643,612.1229262241889) 1
(371.50307457918876,447.31150799793164) 2
(530.9563273132683,628.0110746386787) 5
(768.6124682954148,420.76864191071803) 3
(790.8104025086855,191.79258323746583) 1
(215.2788824915537,795.3644584034215) 5
(239.99428462109464,704.9919312840848) 4
(514.9633989865935,498.32892226575166) 4
(197.744164602767,401.36296864057897) 2
(413.04089003410104,240.00170138833198) 5
(566.6796065559697,279.0005319129374) 5
(476.8533027085963,382.2725552330041) 1
(791.0882538609972,790.7743401706676) 1
(792.0630793831616,322.5386213817399) 2
(269.70403272174616,499.7333975863665) 2
(534.4065185126196,510.2897942695333) 2
(115.671245113096,731.1651349512169) 3
(548.1048018482048,846.1019017374562) 3
(445.9170992395638,489.32141614538904) 2
(777.1757482351913,327.3276450223962) 1
(349.354891453835,760.6252269221087) 2
(631.2950407427163,857.0878094212363) 3
(225.89617500161242,674.4792413909786) 4
(355.3047979605367,192.78511872044356) 5
(851.1350181537217,94.71979716798118) 3
(374.7490599222932,728.0315133006432) 1
(657.8409371442968,264.89270425920085) 1
(493.35184363316654,779.6149363165704) 3
(229.04190501925126,882.2274147859414) 5
(942.4702387869837,470.5466826338347) 4
(85.41400992774683,882.2391530543664) 2
(367.6860872480039,658.8267781892099) 4
(512.4530782298502,157.84863133862535) 3
(644.6387623523437,23.615309152486887) 5
(25.330899032747656,957.0344084818938) 5
(70.07077285010233,371.2776566326045) 2
(162.01970804315724,894.7507790916791) 5
(127.00548048361514,431.82777131654683) 5
(491.64828620575275,974.9343689056782) 2
(59.10295304329915,884.0665498974939) 4
(569.8543312537738,522.7117124929772) 4
(425.3316450803174,489.9968377571677) 3
(41.38533457827221,138.07017771656137) 2
(956.7829560332874,926.8327970474909) 4
(132.14535019873074,855.9826944694058) 2
(13.959497137561282,862.1212537786843) 2
(220.83876839216998,970.5454092828561) 2
(128.64031583034597,384.69409130189314) 3
(311.6445430499685,733.4710252905361) 2
(321.90389749946326,100.44352193183903) 2
(714.6322780485183,641.7786962631259) 2
(286.8495325503776,751.1799071283384) 5
(385.249871952432,681.4233903990481) 2
(951.4675829709838,0.333473252540184) 3
(849.030532698172,776.5169006492057) 3
(60.95272284569775,275.99408304351346) 4
(415.3653846233956,521.2028243829769) 3
(763.4581308243687,774.8638954829804) 5
(946.7146620756466,328.73609163477255) 2
(952.04822398662,451.0413409776424) 4
(915.3657814715209,438.216066836834) 1
(794.638005425534,917.4075954767984) 4
(496.10116349397714,752.7164075341325) 1
(964.1784630803413,162.34572812052795) 1
(62.55022370235086,491.7216079980076) 2
(508.2799093233571,37.48510089638935) 2
(193.14703806661194,90.27850754955725) 1
(415.6171383614452,233.3084515175874) 1
(500.83963092712935,721.4157735942772) 1
(281.05812683161537,149.6974060533378) 1
(421.02046021869,902.4758748684993) 1
(680.1481443151991,489.9399417508487) 5
(150.03705169824033,809.7303476100645) 2
(849.3419023171045,711.1705747601112) 2
(361.29978102897496,676.84303319933) 1
(121.09553874878986,398.0704318998909) 3
(904.552164935947,58.410499047635625) 5
(571.0740294722424,487.44744594699563) 4
(202.2404867702946,622.982959792531) 4
(474.95624300811056,666.4111152573327) 2
(145.57800707530177,592.6827549541862) 1
(782.9078170289624,841.3505580653622) 3
(84.67296564101412,535.6639737598506) 2
(666.5648271903776,731.3983774094446) 2
(781.7599289513931,385.5507435868638) 4
(966.0073864904838,639.0147752114967) 1
(923.0170779383149,656.3030570830354) 4
(983.1203009472886,909.7235561225888) 1
(917.4495822739026,992.0981992195483) 2
(50.10719874412606,272.5661192302319) 1
(885.8669658475923,592.1579700326492) 2
(339.92258543084876,938.725124401755) 4
(917.9795774357941,560.8853355117002) 1
(928.5547999929393,624.5019334232503) 5
(438.75253305458597,79.79119568771453) 2
(271.4592848246334,276.8596177006264) 3
(104.66271277673656,813.4594098422864) 3
(952.3862949784796,490.20960852174335) 3
(45.66428686302415,254.8669026522914) 4
(440.17018541807374,729.0905134631787) 1
(509.7046356045949,571.0205457096415) 2
(180.02894429523909,80.17852755435028) 2
(290.55937167004765,146.96477602269) 2
(81.58369409197475,21.67989696166739) 2
(347.26757177526326,349.421630130619) 2
(136.39998911662786,314.74546112371627) 2
(368.2256257129277,400.64091583736484) 4
(702.6217702900673,805.0484137630466) 3
(675.838541088991,829.9481025785286) 4
(753.508151906622,173.88597469899082) 5
(31.032896282551903,373.2260432164217) 5
(810.5044708490894,575.0676226483955) 5
(352.448628845356,693.6246867896372) 4
(17.209378920847172,843.1723481923011) 5
(505.5619675018747,886.3505085381591) 3
(759.9381341362657,297.87056691827365) 1
(763.3609201765053,336.49283557297304) 4
(100.45371255832258,389.02829584856215) 2
(233.64211217262354,90.26071643885658) 4
(384.2910507284598,709.0761652282796) 3
(359.3362507522129,239.0599189475946) 4
(154.89253887272915,229.90407867723096) 4
(404.3380671260377,990.6582650099391) 5
(285.35879658817043,952.2250981610899) 3
(157.75239026064392,202.67841226395268) 4
(66.25192362464072,331.9969293397095) 3
(276.6200962240045,557.92662691042) 1
(537.4934811875037,813.2119887064538) 2
(782.2327654941394,215.2830556733377) 5
(419.0542972520686,669.5058263295772) 2
(606.8222483064395,316.2330327609776) 1
(531.4018530048646,524.086726980321) 5
(85.68817043334076,978.0395043340242) 5
(201.41649445256803,192.93880149732624) 4
(905.6469319279887,20.16049208168502) 4
(721.7048268431392,922.8311216449777) 2
(683.1235420621142,404.06859619291146) 1
(62.27009408336814,888.556505202016) 3
(386.5928224165839,195.11685754078434) 1
(64.87062093754136,182.92597068666404) 1
(381.96505286981943,687.048622772231) 5
(612.3722458086329,991.6253942040491) 3
(929.303174033687,99.23091771142722) 1
