1000 1000
5
(0,0)
23 80
200
(911.8419751057761,812.9431845331056) 2
(690.6017905932451,338.8100008094677) 2
(681.6838648848789,936.0254041611405) 1
(342.02972788792505,122.97224840670474) 4
(520.7727731768941,153.54350021142272) 3
(608.9211443015478,638.7877834469399) 5
(655.0157403085917,993.9868097247762) 1
(197.06211496222193,992.8868668821326) 2
(182.24612786593963,792.7317952363921) 5
(94.6377431682217,464.42153297237166) 5
(675.2329323136182,972.3045801901123) 5
(172.81521396030718,851.2248668394202) 3
(875.2267780319914,776.5227993541566) 4
(806.5252496244418,529.9374627041854) 4
(439.66894205604655,565.8239397494995) 2
(577.4336914577435,539.5790111991844) 2
(953.2420927434093,315.4734155885579) 4
(329.3367310985241,834.3991769600474) 2
(108.92944361592937,986.0395455791249) 1
(882.7883125167594,128.59278509023443) 2
(74.55838227627399,617.1431690247883) 2
(113.32332456356275,172.00228167873777) 3
(89.1499725026148,245.59508420991415) 3
(216.45057338430874,657.6395649689243) 5
(290.7765179214404,474.1174909365817) 2
(459.9529811106543,381.7900976807397) 4
(9.211183600075223,885.7585272622772) 4
(700.9115342239411,315.3543234806434) 1
(897.9566511233436,60.77655959463779) 4
(55.84992839046687,920.3192464479697) 4
(372.5915396399282,272.4311223765994) 5
(433.182794905681,242.22114217954714) 5
(890.2539983562666,337.44224640820096) 2
(412.6525031910099,297.15671935352896) 3
(94.04064223263819,38.67625823397036) 2
(557.818263975937,968.561225504453) 3
(661.0013933272244,319.9722674875507) 5
(983.7273516855896,157.25665414505264) 1
(197.06213192913614,362.55684269806864) 5
(897.7439063210315,454.600714476077) 5
(965.8639724643338,131.45840694831546) 5
(689.8127311949868,562.9129859607591) 4
(459.69896991474303,895.905372514017) 5
(81.3888816415218,891.4124551633703) 2
(118.57141368373647,694.2441526256289) 3
(488.5208182066484,809.3161565014589) 3
(172.7312651488141,992.9469503062003) 3
(25.232434656923818,264.461648678289) 1
(148.29642593850556,464.6576905772731) 1
(246.33660389912114,509.89725979792576) 4
(414.3930865091753,935.4308289143974) 5
(45.304497751690654,615.0718474572828) 3
(342.08397670286683,897.7760841952029) 2
(821.8029453540631,969.7453499165665) 1
(298.4100242719467,500.0458230780771) 5
(532.0921211417358,232.25350200288852) 1
(42.828224195678,344.1212486635573) 3
(9.528507666787922,562.6272373422048) 1
(856.546351848774,944.1174990729461) 2
(961.1902306467762,842.2947134271577) 3
(870.5412025548983,524.0201002490235) 5
(458.4454725388274,778.6522773428397) 5
(742.774740706676,198.8391298444435) 1
(336.5421863767383,85.51257650505161) 2
(267.31930009224226,145.63719802766252) 1
(886.4850459673589,284.0827910597042) 1
(591.4937632200271,797.953921903783) 4
(183.45625123087083,815.446645566519) 5
(116.9308155793981,271.45743883240016) 4
(654.3899600639402,422.6294113665601) 5
(216.27182793609322,755.5218348811613) 5
(862.800429291427,987.7230382044916) 5
(886.6946723893986,75.93394343123072) 2
(622.1462001073395,168.05076036020174) 3
(495.77621207667346,466.32756583161574) 5
(265.5228908109941,871.3435427975672) 5
(556.3315872902906,830.0247436291993) 2
(261.9335540455553,721.8667676662047) 5
(553.7064738661036,131.26571300021251) 5
(964.956693974153,279.18374106683643) 5
(676.5093618118717,433.5126363448607) 1
(744.452365154329,263.9063697123694) 2
(300.66790804855304,707.7636274999151) 2
(384.1962420084298,357.51131561359074) 2
(955.0106272399996,827.6786939156309) 4
(72.45586922090142,144.45158082101216) 2
(211.88637669453337,796.2328168557607) 4
(1.7572447306265504,300.29297683640334) 2
(755.9167248662991,843.6336411471202) 2
(3.8594090860438746,317.8372563296602) 5
(715.6826437746234,617.7684504604036) 1
(145.91589403422745,9.172527048360358) 3
(185.77723224213193,8.21064511850822) 4
(648.1887868856555,551.6527260447781) 1
(997.4521029365591,828.4273920737566) 5
(240.19631940342944,415.4095296481275) 3
(808.76569463668,987.0980931864868) 2
(627.5787428925887,501.5766862435296) 3
(564.0291250728496,513.1836200266617) 4
(436.40519884093476,292.4209705821188) 2
(8.02538916364326,183.46946141215136) 1
(450.4089219307651,369.7123651087386) 3
(188.86623993724027,705.9777245809753) 1
(383.4444043345013,715.0224590343623) 2
(389.85723552991146,293.31046097331483) 3
(40.832646580492906,156.32420708739315) 1
(599.8695985431618,42.619332594252434) 3
(570.1157560387101,399.1498431105123) 4
(943.7008694738563,50.80824224709601) 5
(772.6267522985494,930.6752886894942) 2
(929.4830873641085,306.70767627389614) 3
(786.2524025015368,405.4146127202819) 3
(479.3545428840177,625.1787051389044) 5
(858.9812825420097,538.3825375651635) 3
(282.6592196121125,911.8653578685494) 4
(907.7173320807997,159.73414992045232) 4
(978.7923451297909,761.5328926193245) 3
(590.5452356298397,592.6403923450147) 1
(993.1742988177722,842.9045163369213) 3
(821.9255461523647,208.8539606021015) 4
(26.626751451311435,946.8058381566335) 1
(488.1027086827129,147.50895129578745) 3
(137.28108668852258,202.01039627575523) 4
(631.8511333481941,568.2376602478341) 3
(987.7553676297629,776.7031523170587) 5
(233.5432994833103,314.78773267188274) 3
(91.28194223696751,75.31936353181423) 3
(528.9890571150526,176.86889297833818) 4
(166.18332802542457,920.3566988726121) 2
(632.8782622358281,364.87497051759) 2
(811.662226404321,507.4753068085004) 4
(412.268001562921,490.48695035836863) 1
(201.02954214071633,456.36456793450407) 5
(854.0555135835629,634.8734022438573) 5
(938.538984725935,671.2085007428838) 1
(356.2829423009534,402.9540555639972) 4
(462.4375429959812,389.7737106434005) 5
(796.1678499828804,96.52669793674929) 3
(419.4321891280535,424.4784348329596) 5
(573.4802399529989,717.8546060611794) 4
(391.0398730434159,912.671196866712) 2
(174.5987111788153,485.1339762060769) 2
(334.1355527825719,655.506551288775) 5
(215.5293178916553,208.40213317138156) 5
(106.0474609467873,432.281493089694) 5
(694.371125434158,631.8181847403234) 3
(60.92913436421898,636.4622079788799) 3
(866.9945008618721,179.5012754792491) 2
(517.38893985413,592.2669817680187) 5
(338.3012676174717,79.9714719125173) 5
(204.07616033591214,656.7149453341285) 4
(589.5447551941916,276.9274337403731) 5
(631.2854152282943,456.5023733007769) 2
(923.7386774843466,797.1409151000328) 2
(649.9163446321843,283.8481295088796) 5
(647.2117753701084,199.7100072228477) 5
(176.24432574054205,820.1374785696659) 1
(17.457738962008307,1.063567753875061) 1
(85.58376486660858,936.094152697658) 5
(661.0857317214591,617.0940795295998) 2
(566.0129508878049,246.09599036854667) 4
(885.621578483016,888.7735605508416) 5
(767.4623798509159,978.2656394986307) 4
(474.8589338188216,428.54992061728905) 2
(227.64249870014442,837.3974409768082) 1
(143.18828239759873,474.0438966851365) 5
(258.43250995698287,150.55675689712655) 3
(777.9401908775362,964.6263443600526) 2
(974.1453551385868,510.29152502920397) 3
(118.7549951969743,19.339677312125936) 4
(516.202645233577,430.05866700837095) 2
(187.8529345270443,215.94272540946068) 5
(426.3059567405495,947.8878291310546) 4
(867.4043353785596,625.2816329266907) 2
(51.752428706579366,494.36722307989265) 5
(979.1384234275893,619.1994533900812) 1
(830.4153665234841,603.3764856634242) 3
(308.35883856012447,975.9174370290445) 3
(897.3295816461695,763.286410037405) 5
(130.8699447436048,965.978230446483) 5
(38.47646579489306,325.3762711083945) 1
(847.595907554191,641.6354214055374) 5
(658.4944608569509,661.0003025338107) 2
(157.88543808411592,526.2018296920857) 1
(68.5871281011976,335.7468865450116) 2
(877.7664018005756,514.9293858397832) 1
(822.7287183261344,385.394150743118) 2
(61.013144202713974,191.0359552291504) 2
(144.16622654711665,23.170377754536233) 3
(514.0562382821221,274.5758227016475) 5
(589.4376519274575,285.05668147064125) 2
(277.28773935222193,151.88367077298594) 1
(567.4079384194492,757.0977471508858) 3
(103.14551624868939,54.26391678695697) 1
(758.1657017997306,28.246741589713743) 5
(757.1343564839573,136.30532533393813) 3
(759.1795885627099,985.8510836179106) 1
(795.6770916439922,200.96373771644093) 5
(623.498057950841,374.87504868131106) 5
(366.0805106842725,163.65352212177342) 5
