1000 1000
5
(0,0)
23 80
200
(101.91493947313835,861.6909532157022) 5
(74.67954456827319,910.4486601108894) 2
(171.55251978021525,152.9301884802553) 1
(999.5933548616541,823.207410572397) 4
(922.9523772123546,852.261490129022) 2
(318.73766613471264,246.79238838491167) 1
(518.916675988574,278.78550942467484) 5
(98.61815778913518,522.4072054241636) 1
(921.931579086174,260.88019789411123) 3
(572.4068109921915,729.1570726347347) 5
(823.9932802334897,171.52158169587227) 5
(149.8568072797658,41.226489523487174) 4
(789.7698470382566,90.53190635354125) 1
(965.6312112610989,920.6683136921755) 5
(755.9154284092718,341.6005031823982) 2
(586.7386609147213,48.48515006907228) 5
(108.87198451298563,474.2699147979843) 1
(588.5079569481326,422.5918011368771) 1
(583.1349083180598,291.7862739617715) 1
(620.3509114633875,878.9601877411942) 4
(483.99917532312287,558.6122593935002) 1
(755.585867173547,679.4391944905282) 4
(753.2606546229266,415.1295580650525) 1
(591.3448953704058,941.1918141075514) 2
(591.4055669601955,916.7363895631307) 1
(348.04751874877735,626.3680996197354) 1
(327.625302538464,461.79135391953207) 1
(933.218717888086,765.6244137004801) 4
(740.260764181059,42.81323000428727) 2
(10.656104679041324,654.5443545797999) 5
(227.36548972618942,300.1017692497775) 4
(580.655828753669,518.5075385451615) 5
(160.76083393538477,828.5437764908858) 3
(735.7028073859333,341.44919650872697) 3
(650.642271716451,508.74618563145435) 2
(351.7847093969355,874.9467173531967) 3
(847.7152676033965,932.9057562241279) 2
(857.7864596578421,677.3862100856769) 1
(74.08353996966821,507.4853256689492) 5
(930.2009730201153,82.11517487268294) 4
(672.5426517956007,278.0338890022519) 3
(627.9652285025168,381.9378141561436) 3
(967.2644007114104,936.5778227029967) 2
(531.549604514658,496.68181588853577) 2
(133.1593713112398,391.1709981831438) 3
(419.49028590228534,336.11516423577615) 3
(157.19140633668306,993.5510789362888) 2
(518.1674786443394,814.3146772231659) 2
(419.1909919187315,625.8876047243426) 1
(284.50764277635443,639.5140671971429) 1
(735.421205479449,9.0768997984092) 3
(71.12976461379361,149.14949989293348) 5
(531.2819293268731,423.043415011636) 4
(312.9843044674221,891.9144730793448) 1
(137.67452577729787,617.4030539416646) 3
(455.63910808146477,658.2308260762185) 3
(62.562583995183665,749.1631805589311) 3
(61.085094199870625,499.2649422579174) 4
(870.1908235764877,58.503629494404244) 2
(341.57205664084466,90.73451320052651) 5
(239.7414081548047,161.94065002734382) 4
(503.96949212698837,248.2029893978891) 2
(690.13858115898,991.7260145355502) 5
(159.20743737186126,41.98869397024618) 5
(751.8294767899919,606.0557476419838) 2
(49.315309576511865,568.6264333593742) 4
(857.7034706524861,581.6918941777753) 5
(963.0971501761927,873.5555489542879) 5
(967.2206322969862,558.8722805168487) 4
(109.78048714351752,269.643047013603) 5
(84.4935264449067,500.04325790947854) 1
(532.1168200848261,524.3009882236497) 3
(97.0454397324837,466.10169849700435) 3
(861.5065499909135,259.76992668241303) 4
(110.38411027232698,282.6487108160094) 3
(143.8102978795559,44.53312617172423) 2
(480.65928335491634,522.948975440165) 2
(33.23383936754853,49.71981883661025) 5
(678.4391955413743,206.70615410115167) 4
(887.3754791211319,222.07975762023113) 4
(198.90031801402864,815.0637274038066) 2
(181.22997763754145,626.9351520264777) 3
(811.3506433469308,915.9696727208083) 2
(344.4596041158783,587.960616957768) 2
(358.72348193515955,183.9710467481187) 5
(110.01492343199082,77.46885118412771) 3
(25.511125183351744,80.79585396104416) 2
(441.14828370362267,789.4568956992231) 2
(590.7163260377083,853.2031565691802) 1
(106.70163777356345,954.1593558390316) 5
(544.3387906836972,305.52136726982724) 3
(336.5462492892495,95.8192922869856) 1
(501.78035011365165,21.005147896377085) 5
(478.42710735516494,591.017443682136) 1
(236.47248615690552,566.558623412008) 4
(346.9391748100272,848.2882069786289) 5
(478.06079966599145,341.48180391711946) 4
(840.0110160791265,370.3285711964301) 5
(801.2673756290894,771.4601426039368) 1
(619.7728206321659,371.430262547648) 1
(381.64415358739524,492.7749011646973) 2
(284.07422389886693,171.67719079871935) 4
(985.3578296358885,487.59902760710685) 3
(64.93600436051483,392.7207269450976) 1
(843.7062119021456,791.0127452029651) 4
(484.3028217422192,556.8936926237832) 4
(100.31351216075335,87.07703205945727) 5
(657.3100355247564,511.6708294454022) 4
(947.3418197576518,415.0133320279434) 5
(936.8764199907242,531.1127123038834) 3
(764.3452375597659,390.13261704035386) 3
(409.6265961693837,389.8975873588251) 5
(354.12326500137505,668.3850480276673) 5
(778.9374242943259,600.5879327707148) 2
(8.688067361627194,872.7180898532645) 1
(546.838182251668,245.76032577656892) 4
(36.76217371555557,404.7118188784576) 3
(834.3417926445474,427.87537382316543) 2
(393.7202767926902,775.2012736284595) 4
(94.04406922820596,388.38778383770153) 5
(507.2012884903363,447.9075526921544) 5
(682.9505260437944,885.4224679389378) 3
(967.5304611485317,700.3206722973631) 3
(813.4348249404211,677.6724459837392) 3
(518.731268605499,954.2094944607206) 2
(359.86919088295343,100.87522680781092) 2
(535.0894571245025,132.97545762462482) 2
(331.4959952465849,753.0600824808416) 4
(990.2212030336063,954.4427446528032) 1
(523.7941515068934,533.95130865711) 1
(319.16567920614926,955.6015048406917) 5
(323.5010849050517,708.2436067270355) 2
(304.39077672730707,193.52077598876338) 4
(177.51155580682098,198.19884542098066) 4
(340.1929852846075,883.903695034267) 3
(193.68013859987076,688.1542375498718) 2
(609.4073400411866,790.1142980888447) 5
(865.1008050019527,541.3119721476542) 3
(811.8306925732143,247.63496634737535) 1
(22.0243381063161,788.5530953125949) 3
(3.1484555222882626,429.89051329719206) 2
(433.90021244070476,17.295190850787346) 2
(805.1972912198357,336.0495137305852) 5
(26.87027376342921,80.3798309296022) 1
(405.6348763171026,448.8762343280391) 4
(756.3170541776224,4.3515899819679404) 1
(375.4572655532362,164.58773009821005) 5
(323.85458571614913,438.3860089724342) 1
(429.65883609976584,373.59093846336987) 2
(24.68522464153178,217.63697031599781) 1
(484.50926703429707,583.132485163047) 1
(732.5207368414993,580.276357580899) 4
(754.4119633337378,988.0408372231866) 2
(799.9123169004959,695.5983109519295) 5
(789.191134588508,353.1219953055784) 3
(583.1517831761138,889.5181260217232) 1
(582.3354435821002,789.8451753053807) 4
(14.930043413809324,959.434990142971) 4
(997.2670973144724,231.76628715705715) 5
(725.7581805388038,928.0519005772155) 2
(690.9150731542277,535.2646424507003) 1
(999.7866331385603,572.2111804343814) 5
(747.3243079200554,424.4088409158798) 3
(329.37816540607565,601.0967578100998) 4
(225.22891911547626,781.163820227615) 4
(352.6613328407603,508.345444884749) 5
(115.43261904277836,501.37000879224104) 3
(408.8372891023987,926.1897453369517) 2
(278.44849801376006,256.9084092672398) 4
(942.8111610421167,96.14230046538952) 4
(101.9386818819985,67.67370421244523) 2
(825.3139691095736,456.18851993138856) 5
(450.81963064250186,781.6585638212495) 2
(228.49658009550245,205.90891362210417) 4
(337.79219199185206,820.6995618101639) 2
(818.5353833089752,82.49474572019122) 5
(890.7354607841357,290.4440976994248) 5
(668.7160458432892,778.6649499649892) 5
(226.88262740141275,296.5549592380511) 2
(84.69048869314611,785.2470349277199) 2
(291.8424271203347,83.96712032487874) 5
(372.3149330029172,401.85960670747664) 4
(354.6735150596092,288.48763951615973) 2
(638.0523881452683,365.8257179218124) 5
(792.0181643508367,133.59602899204782) 1
(119.87747518994108,763.0062398725751) 1
(52.506940448301506,767.7262569356444) 3
(972.0914243509393,970.794816192737) 5
(700.2366252777579,430.9153162877781) 3
(248.28291943066716,481.31989603694024) 1
(564.7879358195344,381.5368569364944) 3
(81.14921059833635,742.8124197749461) 4
(875.6337881145214,2.610330774804659) 1
(67.47983950493375,195.9669695594257) 3
(300.50918822052364,575.9536709298696) 2
(893.8972010524202,541.3609593991197) 2
(436.0445790754951,972.5197112845148) 4
(782.4087546930971,120.4247983161354) 5
(939.033840805818,678.3714696483074) 4
(167.07963356934752,591.9757336094849) 1
