1000 1000
5
(0,0)
23 80
200
(89.7527898778393,917.0245791203654) 5
(721.9886864589082,854.4695476676878) 5
(832.5829484128946,810.3585871318498) 3
(673.8469186286692,280.0340953753867) 1
(538.9170756422229,704.0969982572943) 3
(145.71730592663212,137.4777568627775) 1
(672.1223097473863,26.36336430951236) 2
(837.6090555682455,959.6716639779289) 1
(158.72460212301377,89.14248777857058) 4
(162.64308975920162,920.9250558668144) 4
(893.0801893384304,216.56097096209248) 3
(839.9527931949191,263.4492924675014) 2
(701.2327428856635,442.3694446385716) 2
(959.6999233055041,700.9846747266131) 3
(278.8755762269607,132.33559667731743) 5
(352.06484469449464,737.0046672501165) 2
(753.6667111240782,466.65608872454203) 2
(430.04435907022696,78.36543049969235) 1
(589.997779248641,774.9558703867507) 2
(622.572181883125,616.8343480988726) 5
(306.80313414825923,301.875227738992) 2
(60.960205753398334,241.71357709887985) 3
(335.51216554348787,734.5542199817756) 5
(484.13616519545656,67.30544168292218) 4
(207.36613336857067,357.8995483103774) 1
(488.1830878635758,512.225660860088) 2
(632.9084315695945,806.7392988856868) 5
(546.6434984500481,646.7457678907941) 5
(398.1389993340492,704.3685777682522) 4
(320.1214880586607,892.9964629153088) 3
(944.5771491949207,706.1172056786143) 4
(819.6625583612578,470.7844149898338) 2
(983.2321640140561,831.366591982682) 4
(832.1305199262779,803.3736345923469) 3
(553.4485099783234,755.5679209899754) 3
(585.0067327226964,125.98210222236584) 2
(221.7244637269816,760.3419723961432) 5
(656.3033450931337,730.4577564749991) 1
(756.5079032591917,256.53492689739346) 3
(856.1208358136834,967.3904128273057) 1
(241.32873010718936,900.808818952582) 2
(112.15094812051285,677.6681554488806) 5
(932.7703223050336,789.5422321896751) 3
(892.7673590284477,117.67738495191283) 3
(845.3624084781732,909.1252300680345) 2
(26.525581373929462,989.0557255350495) 4
(54.87499172102262,503.7703624330566) 4
(692.0118034258993,991.4254158118845) 4
(821.5161205880779,780.2480283113241) 3
(477.1617131280685,562.7929294882906) 5
(994.3592088165682,538.0867315327049) 4
(674.1650957138161,483.3425699237941) 4
(871.441323089747,449.0681877071162) 1
(66.8737114518787,278.82658262670293) 4
(756.724282888785,893.7570010312317) 3
(355.6229879390315,341.2088170172384) 4
(813.2578456987485,932.4672330703542) 5
(722.9897564234913,285.5156361866655) 2
(984.2031248094124,232.92512406386734) 4
(352.88271362339816,311.405918934136) 3
(244.43681314366273,725.2440050527606) 1
(693.1314655014969,666.1769915458194) 5
(369.470079641379,426.85909971468783) 5
(589.9410506428283,117.18822245242389) 5
(421.22122780884206,401.58730410268805) 1
(201.59201273655736,355.63954222869035) 3
(626.6351752116017,228.17714202434956) 4
(383.13524632871076,956.2028092788415) 2
(506.2830703600325,298.27121395663426) 5
(457.69691804808855,417.6519598510974) 1
(410.7102137756796,281.5626006997181) 4
(838.9438736129555,570.8713396898138) 2
(211.17978886257916,594.4094958894859) 3
(182.355098055887,528.3287120770767) 1
(63.33886132031097,107.08265635114755) 4
(234.73559996531034,139.41864644213487) 4
(495.99518001618617,303.77098991330774) 4
(167.38385917068854,643.886641437209) 3
(999.1660128194245,295.71115130841173) 3
(501.5778448446728,89.13304175337299) 5
(544.4676159494252,86.31270775253775) 3
(348.1504670204716,809.9901259748726) 2
(295.3782722812209,640.0521957752148) 5
(411.7410156430352,853.2458224370769) 2
(108.74854373048181,6.982068176158429) 2
(357.5223039996822,473.7899188306117) 1
(265.49489533597637,613.3233619625489) 3
(783.8823859250018,669.6899655920665) 3
(850.0202153582788,474.4568724493613) 4
(271.45495396683884,78.5485641169944) 3
(551.9509160701507,0.49667273858589045) 2
(376.18621646126735,925.2279089919065) 1
(520.6029383257832,592.5781115738403) 2
(754.9821648918885,707.4926704765287) 2
(439.83354352521854,699.6355276265355) 5
(196.4866167923407,482.84592876904287) 3
(584.931089165235,167.14136170219763) 3
(849.7336416212667,130.81146377504248) 3
(87.46293083225154,85.15559254810057) 3
(308.84008602745826,667.2548436281252) 3
(779.3444013861096,909.0212061187888) 1
(687.7326603510627,680.1334000387628) 1
(775.5529169776001,925.0777835397128) 3
(589.1827301094769,893.2723902141314) 2
(518.3924473541869,541.1174591815123) 1
(229.37379734375662,15.142598658179129) 1
(235.2765939480699,134.46088579277026) 5
(0.0644707215874396,19.72671438487017) 1
(876.2734364862351,701.0526094314159) 1
(409.49072389847663,404.5086749056477) 1
(985.2260796019658,849.7501522991478) 2
(214.4924638153761,34.26652994103429) 1
(701.8044864729607,358.11340691385783) 1
(553.7883273464656,744.9283091434241) 1
(447.4635422726293,514.8185246057669) 4
(174.43487941828428,351.53123390772265) 3
(124.54221944071786,487.0214904200725) 1
(874.4100612570722,658.3016480172357) 4
(713.413982564081,72.65671212005952) 3
(633.024050411076,546.0518916029292) 3
(498.55412290064703,52.61139731256004) 3
(60.00199300808795,473.80164459187966) 4
(52.862643979897925,468.83138629316454) 3
(225.00148781932273,161.19107227386243) 4
(868.7506701705055,792.614515827682) 5
(667.0462864898205,343.57596775176916) 3
(188.01059041202373,470.09728747021893) 5
(896.0275455617232,939.1979702094869) 1
(57.35866446035687,885.6446060435742) 5
(639.3940400285771,345.27605877512315) 5
(397.9243689387732,49.14664123028722) 1
(147.29625410816072,450.0592804340925) 1
(105.50681435172437,817.7454774857414) 3
(193.09978510510294,461.64566756473323) 5
(633.7284356658885,152.20739640820557) 1
(429.26388759764353,379.05917042603943) 3
(481.2895485826841,338.75019953469797) 5
(633.7478341548622,132.81943746216797) 3
(639.704117090167,5.152498556220908) 5
(83.25828445019734,992.4564835775875) 1
(171.11525450860887,667.2727031490099) 3
(489.3060156120934,34.84220741613531) 5
(756.6027773259975,287.8750109566148) 3
(653.527827536295,294.8137233564412) 3
(596.2213183346768,834.3381251495566) 5
(241.02569928550886,714.7105365086542) 3
(466.83852919340893,197.97025553532066) 2
(435.799857035702,524.6689947763278) 5
(714.3640639663578,870.2049419153353) 2
(331.0962458946418,32.66225391269939) 2
(291.22099745502226,51.17274241785941) 2
(768.881770026707,373.5791045136199) 4
(652.7581462766257,2.9454208126643566) 4
(94.24100468868846,510.42020509013344) 2
(969.7830902276071,413.7952243016445) 4
(500.91438397759237,243.46331587436788) 4
(491.89081782347455,988.2629352789745) 3
(727.876027002236,477.54164822164046) 3
(944.0182483705419,568.3495877908548) 4
(674.4101359829147,773.9036352346119) 3
(220.96518275230525,746.8284278148884) 1
(482.99258412854863,602.7911032476773) 4
(728.6543270238973,165.85361946678657) 3
(394.8228256294947,990.1847558644193) 3
(270.2864914437373,511.3200330725731) 5
(746.9001737169853,272.07008230279206) 3
(857.7930989609931,441.78256755044185) 5
(519.0366049990702,548.764247650572) 5
(261.3206584573421,464.23389147689363) 5
(293.12376381974957,668.2737051582086) 5
(743.6384660487845,131.28875329072432) 4
(179.850821102445,942.1817504195997) 2
(166.9617435465781,313.32395858949616) 4
(78.19402957825928,400.33918514766043) 3
(578.6076140248064,465.8139831793968) 2
(357.7143763868611,616.6456227002623) 5
(825.2741294478451,718.5256513006508) 4
(458.80666061192386,221.52993212396487) 5
(489.79777190283636,836.6430547271133) 1
(852.6975486780134,744.9839867245096) 1
(714.2389002729774,399.9992979076629) 1
(151.53382884099287,570.6503493924089) 1
(692.4742536362272,559.9098887133991) 5
(55.21318446142176,217.53848865773062) 4
(870.8759524579147,176.70137781648333) 4
(87.98722409285654,837.6551362169166) 3
(867.1074164733018,909.4269609809767) 1
(725.9639419570241,207.04560729878742) 2
(419.1609036406978,749.2280416971652) 1
(445.635780090079,857.878225858677) 4
(634.064427575604,818.023564767915) 1
(88.54357404799585,682.8642626175) 5
(479.1971910277247,750.7313890171763) 1
(522.0001106743529,200.82535375785181) 4
(215.85571115828185,112.37553624358144) 4
(550.444594174581,252.61476625052825) 1
(155.0050968558363,495.1023921626463) 3
(232.86809484311777,191.48760280515586) 4
(261.99140774987353,690.2897514479322) 3
(554.686316746513,34.414551525291714) 2
