1000 1000
5
(0,0)
23 80
200
(657.6551514700957,957.5020223782824) 4
(491.30670253381004,585.0454892106709) 2
(700.4896386090717,779.1681756428022) 1
(334.94721850410247,364.41331076697116) 1
(359.3181346666894,869.6230839512033) 4
(936.1911700547045,768.5560307100112) 1
(472.8169528461167,483.3921466976885) 1
(604.3908643179511,206.34533870198024) 3
(108.08080111206763,147.37397901575832) 4
(688.8027810850826,126.3546130762394) 1
(342.55612219191613,170.79069723116646) 4
(559.5019233295426,572.2317852264932) 5
(869.6995560780266,67.38635917671165) 2
(846.0694013084659,2.084314043921287) 5
(74.12915738401871,118.04858628148918) 2
(84.30963579059403,714.7893239831961) 4
(271.52465177352457,237.6491550845292) 4
(719.2794090746761,320.6617301876564) 3
(518.6600990086517,239.21495062906152) 5
(776.1417131892417,329.89304275474797) 2
(555.7463975898677,183.1917675283312) 2
(671.9865083851618,595.1789376617203) 3
(753.3537264860078,851.4180953953576) 3
(392.3783946813786,866.0944281072697) 2
(810.9955871407595,933.859968464661) 3
(62.11363172272666,372.5414364265086) 2
(198.58421708937945,621.1610360370579) 3
(827.1518346649768,778.8282025825675) 4
(822.2142338878436,189.3851039181711) 5
(757.0604269590764,892.507709091563) 2
(579.2697235770479,644.9224652358428) 3
(962.6600193310892,53.60161007616837) 1
(43.94387790550813,916.699343205439) 4
(145.8088361427451,800.9366783510284) 3
(573.1251990709425,906.3576585921209) 4
(745.2328428721597,316.16348758094523) 4
(517.3009420812582,63.05217655297935) 4
(162.47879817308285,361.0344603106622) 2
(699.8458526012288,15.576177494451393) 5
(362.28905290875036,0.8811411218575538) 3
(264.9365783307509,188.6501972630472) 1
(604.4807503946317,42.47409898730859) 1
(345.7839941425428,375.5926930355246) 4
(610.5145477495445,755.6172688756836) 2
(386.91742226315193,347.63249100250204) 4
(350.1348585502263,272.48374899331054) 3
(996.5996397119104,830.9090182304432) 5
(686.3022911412601,712.0993821036766) 5
(325.781990250858,920.8868601565015) 4
(722.5608659885462,535.6371161457647) 2
(137.91278909873506,602.8641988593658) 3
(26.301230935288466,611.6842548054195) 4
(59.13954335782356,7.806572500092757) 2
(622.0581878501829,414.15256264413347) 2
(341.55060491763635,243.70064235706224) 4
(468.07511829219374,504.03675970170525) 3
(738.9789494603165,513.9141592423119) 2
(63.90940201676676,555.4975677001223) 4
(916.3204125021844,965.671248762534) 4
(423.38145575984396,354.6647375270383) 5
(384.83925185903956,805.5994245823471) 5
(936.1839033083697,622.6878249366063) 5
(23.71205950080535,260.8074007711281) 2
(744.2044909575635,324.04524867795914) 4
(530.985536580447,69.5414899708301) 1
(934.017436171685,332.23621574322226) 1
(263.5931135845265,481.55303907314595) 3
(253.10349104136375,295.3202397687165) 4
(152.9966281410149,542.1045633278043) 3
(258.9302825974632,513.0205716669213) 3
(514.3384365115658,349.37965134987246) 4
(169.1388689422948,918.670820165908) 4
(405.60048159593623,329.9660455554854) 4
(63.26929550267446,940.198915301036) 3
(383.611936970369,948.3869372255838) 5
(580.5670206350493,753.5478795188424) 2
(251.64994419582442,967.3163795498044) 1
(124.98507064801689,169.31124691582335) 2
(451.39095278475,182.42847121127048) 1
(360.1956933636411,201.5937100036026) 4
(991.1529867611888,224.15421680085856) 2
(876.9653691044817,666.9054105783484) 3
(54.14190741747271,807.8100618937381) 4
(343.87853316396036,951.2630966517377) 4
(560.2684202127673,154.39922288122852) 3
(350.66632688428257,91.63308951005655) 2
(673.6232804080873,637.5346925171556) 2
(708.6539171940653,925.8140648970877) 5
(127.08410182844176,55.20237569166886) 3
(434.8585774895957,717.0746612417133) 2
(400.37159898946317,51.3112298688656) 4
(424.17714617157196,86.48981354508933) 1
(893.2830189961793,643.8465227772652) 2
(870.6624062136343,834.8397500669806) 5
(710.8933594217932,282.9643694256897) 1
(807.7003643840881,660.9198282008697) 1
(422.89298011793994,30.969426666806466) 3
(630.5326330680974,966.201779870549) 1
(665.3468467632113,20.613503404385504) 4
(664.1572840172637,496.39192315985593) 3
(130.19831243787772,622.1759873652079) 4
(606.6710584419125,338.0279330858059) 5
(441.38748876454713,884.8581600580148) 3
(766.3300200265863,119.93420147801126) 1
(15.675908371721059,179.21486474339122) 4
(699.0844732607841,515.3412428054323) 4
(294.0884086578679,127.84074877961393) 4
(69.5586756086608,443.58538499970035) 3
(510.31703358488477,674.5875886563013) 1
(511.04363618777427,143.2461729082498) 2
(757.1957563999973,839.008892218173) 1
(509.3556036921716,406.1115600863162) 5
(865.5348033921891,400.28376558809873) 2
(417.89057839459974,856.3655036062389) 4
(879.1701268277332,181.75494277300075) 4
(353.0644301344755,262.42954916293735) 5
(340.5882233456754,372.0987431883204) 3
(649.8090740139445,619.860334079253) 4
(591.0176848507684,708.9539709174531) 3
(230.33741864245982,920.0021308150065) 5
(880.0536483830404,639.9528574795929) 4
(482.057236153676,427.2434640806301) 4
(742.1825184345205,908.8654091220563) 3
(987.2624654893636,7.617417406775573) 2
(316.17232481889977,332.97496234742306) 4
(461.3342515061435,513.2192073097069) 2
(278.62620457608,129.55767521221063) 2
(480.24750748031676,796.5199712523086) 3
(816.4492551240318,131.04154721272377) 4
(846.342936164043,193.13970434614401) 3
(372.71342036462016,304.1273070788808) 4
(146.43751954653382,975.3638048757518) 5
(134.51605296581593,814.1411612130247) 4
(972.3866833517736,570.1671749581245) 4
(6.900118226814134,136.44312283491467) 1
(482.6325393682123,651.9934276203596) 5
(378.9850137030002,941.9285797983486) 3
(390.80308749509294,731.5494693537353) 5
(234.8981290583848,395.56989426411513) 3
(475.4637707030832,719.3939563928607) 4
(583.170955751356,52.961459664977006) 3
(597.4636104045668,417.64276879594297) 3
(218.49407019136368,634.2191207579887) 4
(932.5975138017865,639.6862495506641) 4
(459.7088751195507,958.8609588003237) 2
(627.2944320682138,41.228921104426334) 4
(453.4049233356848,145.73990351863876) 4
(912.1145059870123,136.34246999327348) 2
(167.29408635387531,710.2685950710428) 1
(921.1100471089236,432.63869692867075) 3
(163.58981844347443,255.8718705103028) 2
(401.59919183094775,203.17414860431893) 4
(204.97833970718594,811.7151510713178) 2
(487.9541899498494,364.52499663289296) 1
(284.00285527939707,387.6683184044587) 3
(112.90577885509178,921.7282985201725) 5
(427.4033423834478,708.0011730589721) 2
(22.04621254868322,824.194888203447) 5
(68.826750373701,414.37786296130275) 2
(81.75254870328908,533.0523869943554) 2
(260.9054577806774,559.2344543969626) 3
(982.6917789966153,398.51493572015374) 1
(691.997394581829,492.1019880930353) 5
(595.294516461787,498.1091308222965) 5
(6.665255773435241,163.18297390012836) 5
(284.00380601764465,914.276506937252) 4
(302.02711583052246,756.9428449763924) 2
(8.036926705314528,500.6964918563315) 4
(38.68168376247938,449.2011972142587) 1
(430.42008411854937,898.4724398939131) 2
(165.52675825104092,310.0232522959611) 2
(396.1108132055875,970.1283897712568) 1
(363.88820940693347,224.01981453942543) 2
(890.4893612369466,665.4897301311594) 5
(831.8200504437648,60.43040101740183) 5
(125.94498411980449,387.6747461250506) 5
(618.2739579191473,245.42287499868965) 4
(898.1068335464935,89.50858325228327) 1
(977.4187373189798,298.3871679871203) 2
(418.31568332388525,518.4432105036313) 5
(648.1894410413796,332.3315759158616) 5
(711.1434959624426,268.78714012388514) 1
(334.3527147565182,208.04378580044136) 4
(198.07438971549985,803.9838162585148) 4
(698.6878056560822,240.4761899041754) 1
(856.9992249475515,14.963073643643355) 2
(600.2082619492519,365.7728429908931) 2
(479.0237624859226,588.1190848624879) 1
(221.61567883653177,131.6384093367914) 2
(69.89366428959987,715.620686657284) 2
(455.59816942667953,117.81027362068986) 1
(727.0027343483243,920.72102873383) 3
(659.2255932564906,130.57737396555368) 4
(713.5882740319038,37.508617634282594) 2
(216.25190591334098,709.2294962419841) 5
(154.2614572508264,476.9690982972694) 1
(275.79120581014035,509.9610542785268) 5
(217.91862831699748,355.8096437363829) 1
(727.1124533503618,374.9607706171173) 3
(261.2810536879637,957.0851353580115) 3
