1000 1000
5
(0,0)
23 80
200
(938.6627751332948,327.66779171767666) 2
(895.9261797882415,158.11417708786124) 5
(853.4825900262595,425.50579458839763) 2
(732.728531388573,598.0003095779164) 3
(142.14265360094868,430.71915927028834) 5
(708.0914138681462,838.943634046186) 5
(114.39791236881047,828.7299335474545) 3
(624.497617113314,995.7421246907974) 3
(292.7953888974887,758.7923883771639) 1
(816.7783565177116,954.8280365975038) 4
(303.8835678524161,846.9256167945745) 1
(816.8006794135348,962.8347068346831) 4
(6.583676612155975,671.2749753905091) 4
(473.02836306917317,922.4816761426321) 3
(26.99586525411979,438.9168940134753) 5
(611.5432377461398,961.2554608806289) 2
(914.17199826973,193.248325718669) 2
(19.644655328183937,717.5419131990158) 5
(915.0121653368107,159.82448027112295) 4
(863.4986942036373,206.56561130685535) 2
(894.3164133019186,200.48578917412985) 3
(399.93051090912337,431.2419338663953) 5
(649.8677380738488,794.6620021614442) 4
(573.8966764491124,120.60531300693323) 1
(633.1969888639464,220.91156395919788) 1
(350.85736121131515,990.0980297819315) 1
(431.22019405649036,17.22171703831887) 5
(284.36817125987335,240.6000066142623) 4
(436.6741702512851,602.9469294643912) 3
(6.185679073308248,297.8236244643204) 2
(349.54601573383127,516.7263301058638) 4
(250.3637682332618,459.25854874477767) 3
(715.3034773839701,514.4431602128975) 3
(201.1916408377038,410.3823495762716) 5
(793.7503576367119,127.59919465913083) 4
(667.2043550809914,518.6747549875379) 4
(745.7169056671825,815.0624679787574) 5
(43.89736564557056,908.8376230796441) 5
(726.3559749817423,818.3801301529303) 5
(221.5157973497044,154.62122491386975) 5
(315.9540573988562,162.09593456999062) 5
(53.07157728228618,536.8439491957379) 1
(568.5463925442997,772.4947259174617) 5
(989.3617796597789,759.3516534372245) 4
(296.6919729972862,975.0948075504442) 4
(685.7992987090097,482.54999650512144) 4
(196.23462005637217,503.0358341200188) 1
(63.72471834032134,553.1179252311347) 4
(743.1359640491354,476.8432222303288) 3
(737.846459277684,547.9162031789771) 4
(467.35830462788186,316.1782575151129) 4
(402.9974938901133,736.3429844174055) 2
(499.3199886141834,52.293113626556085) 2
(389.3052721936113,160.77813022927012) 5
(411.1069413620043,25.200609308869247) 3
(247.54582829407747,132.02292733656117) 3
(19.067627616277562,618.1679964374241) 1
(63.88171739194626,479.75871498152287) 5
(949.5746250053213,55.86406544121569) 4
(941.9182594749425,511.656466085188) 2
(459.69990698603556,76.48360642457119) 3
(205.8521017460221,784.6926057692049) 5
(415.75167085318543,924.3222050439207) 5
(683.7519131957263,805.947977508369) 3
(975.69764104304,428.07970591412345) 2
(137.05575076730213,331.4465826326394) 1
(286.4367796928977,967.8062038317568) 3
(442.6738750918302,708.7181811744313) 2
(209.509555750664,887.8569356375277) 2
(298.7371766227975,725.250475253513) 3
(959.8488083540102,821.5402318868466) 5
(529.2130676557366,905.5126536570041) 2
(247.7047396616,297.61745140656535) 1
(302.9609735252329,311.1821395501846) 3
(388.8300121082506,593.0738136714818) 3
(886.3162932061845,216.00268693391632) 1
(159.322560266414,976.6730375330143) 4
(210.07185710522737,200.80143665076656) 1
(344.3423908498738,559.1136530892979) 3
(995.0516813221462,85.21450306855904) 5
(849.9893063903047,133.24255084100477) 1
(513.2601212402662,256.4964633203662) 5
(75.63824443045297,545.6441787828719) 4
(496.6522278461605,152.1070067765261) 3
(776.2630993686798,231.60038393321304) 1
(372.33768703279145,437.024040355238) 2
(53.44615969577426,939.706884889347) 4
(529.2188734408358,264.639502856014) 5
(329.2438549482116,137.82946803543717) 1
(406.9510858110831,699.931892986959) 5
(263.75302300939495,415.28563865848764) 3
(198.32904850986276,29.164008673449814) 4
(546.9109875685464,133.74366505874525) 2
(139.72678921851988,170.04127526576985) 5
(178.26403350289743,39.34385840698518) 5
(207.76744593081153,374.0329357805563) 4
(160.52432103013004,30.057915015542335) 5
(706.2894899558531,97.15672883507753) 3
(124.30223580273902,142.5060749551227) 5
(992.0400575429117,15.644681483992006) 5
(163.89729448070878,614.0423420474121) 1
(423.2726210052856,19.83842185143214) 3
(19.26273204335205,338.05452043375186) 2
(355.6649285918947,949.8354309819363) 4
(915.3704586696578,117.23941022881512) 2
(48.1838335883692,96.35538887859619) 2
(763.3827677592031,345.7870470850041) 4
(846.0407016225989,480.059979237821) 2
(962.4512299471542,116.83116758558631) 5
(714.104317823121,450.1985012390924) 5
(904.5223491493836,25.58734929132722) 1
(460.5096679351657,755.9804485242132) 4
(758.2381296471634,952.5808968710384) 5
(16.639904702002497,996.2121361984209) 4
(722.0407109011255,556.4553424769206) 3
(35.798146569603226,381.8628042665434) 4
(451.00372003602394,803.4167576359541) 5
(734.1485190764031,919.7607482952826) 1
(40.501496746942145,126.43601171961217) 1
(614.3873638692653,275.3828139811475) 2
(917.1691344848219,512.5294666494121) 1
(788.1044595071195,793.0113548313191) 3
(537.1701938418164,818.8368191772114) 3
(628.2012123008907,88.36868727849767) 4
(587.7833124425091,491.73761668035377) 2
(891.447675509452,725.7593212206331) 4
(548.4761108131654,43.18384662854336) 5
(704.0798399024079,928.2829737587263) 4
(939.3160670716655,695.6380405582655) 1
(908.9449019603253,932.0407178151145) 3
(194.37901174499262,932.657978799261) 4
(3.5374677254594866,286.08900264199644) 5
(591.2355298721254,1.7774390723133138) 4
(284.49859324449136,767.0194313703761) 3
(343.53957790276127,862.539216180847) 4
(968.9384278363102,503.1026734363531) 1
(962.6393990521879,263.26630699542886) 2
(744.2688323843546,336.955325839597) 2
(418.6245313139454,90.31935643959311) 1
(510.238962351369,201.37621345763702) 4
(648.8152437129404,771.0928606807967) 2
(806.4554468365565,913.3708420779199) 2
(286.53043467413744,968.0841127174998) 4
(669.2453753799138,285.561208765455) 3
(786.6472074257591,926.7446204395544) 2
(49.52051346156983,980.8612843155681) 5
(419.8293833983273,827.3797360109676) 5
(396.1312702580518,393.6129767452059) 3
(258.76210629214256,289.71447135274684) 3
(612.518767055568,71.27763546639243) 3
(435.8998446719016,944.6178712199238) 1
(668.9976010102447,191.70542603989404) 2
(591.1681715030907,249.85748733844736) 1
(863.8068719884183,591.7034361111678) 5
(304.7788630119435,569.6792029812602) 5
(421.80314087403656,916.5118211776024) 5
(711.8751477056272,601.8907807249129) 1
(451.19802952656715,885.6154557660029) 4
(705.0777317415883,221.3836001284638) 5
(99.96336570428754,868.0078082231876) 4
(973.6445439737284,793.8416541239447) 3
(543.9339357614676,46.92125147140169) 1
(571.7444137576962,630.8840138655436) 5
(28.852291572809108,419.01631731116464) 3
(597.7947871971691,186.58656154994347) 1
(690.987593513664,121.262855475759) 3
(288.23127396548574,932.1033877314865) 5
(668.8883995274348,779.5806293012429) 3
(274.7831385851387,559.4320784681173) 5
(214.38659948478534,240.1370816812739) 2
(428.58560409275117,228.57361479372807) 3
(191.25496282490917,581.9359536042149) 5
(871.6829887601205,577.9554701104141) 3
(434.67909296667005,935.5303883095255) 4
(68.25361763058713,41.01449129712964) 1
(144.13438677031877,217.8884597300782) 2
(854.8128830049639,283.8088831007595) 1
(955.9579070414819,422.5757209702642) 5
(272.4534872359614,129.424506953856) 1
(562.5217056412474,19.95006717361725) 5
(794.9998202886816,766.0100811928826) 2
(511.5904667029172,438.16432831915995) 1
(258.5063953160185,977.6420046797241) 5
(30.608338636241793,606.2790963155499) 1
(21.331053370803765,732.6930066899006) 2
(493.576749609431,806.9256594971226) 5
(31.945328779788507,779.0741632190312) 2
(894.7459078852406,128.20606116243914) 5
(809.1022345466304,886.2567913533705) 5
(983.9414545087207,767.0893246175996) 3
(338.4314464723016,684.5030980966445) 4
(414.9295745187406,547.82578218797) 4
(963.1648986828762,200.37321593765745) 4
(118.56708040570763,133.18238565736362) 2
(831.427908248302,634.1648990117261) 4
(569.0719624353225,630.8656038659493) 5
(254.58079324925976,36.92269427276151) 3
(517.9258103692141,488.8855918995413) 3
(738.2393585447657,564.7915311359586) 1
(611.159556701739,752.2942504546182) 2
