1000 1000
5
(0,0)
23 80
200
(55.216728078797736,111.71164809062772) 3
(815.4481581897405,636.9252720170115) 4
(392.55757308235053,311.42764256792356) 5
(422.5146614141539,325.74718676687877) 1
(331.45244891638134,131.32796722197625) 1
(550.3369271076934,629.6530094687478) 3
(306.09123823835125,305.54713027750057) 2
(299.17978470532023,901.4247457809238) 2
(758.9228661799555,758.1202836944067) 2
(460.69420535108065,649.0483336102925) 1
(110.07328319162957,116.7096792375495) 1
(786.1916477762966,902.9681831503748) 2
(465.6693988797704,888.0804314488852) 5
(479.51754036864145,928.8852327960327) 2
(815.2337993139901,88.91542641827199) 3
(266.816260961095,902.4930941496705) 5
(35.81133007467696,221.60921672848454) 5
(153.49530051225813,565.1704275269182) 3
(539.0887834524812,583.8489195308127) 1
(961.4571407640276,414.3649872320899) 1
(674.7910665556681,203.15632848674437) 5
(375.26781331366186,891.2159566677407) 1
(106.11386515848575,554.0691906219699) 3
(685.0692441336275,76.96102286798212) 5
(593.6442597674348,720.4722391429689) 5
(701.8114400347199,407.4411990950241) 1
(388.63582760042846,907.8976706165998) 3
(426.1559323684043,199.78556631269063) 1
(34.97765106260198,693.1312999226591) 4
(592.4628976655065,475.9805425141984) 1
(820.2170920163189,264.8004471780451) 1
(458.0583145185985,81.43515740419483) 5
(245.8655341067597,648.7145916025718) 2
(593.776481298214,88.59421669999246) 5
(204.5216734152878,506.6217692075505) 3
(454.2537076841713,662.9646938746729) 1
(921.4520589269964,491.47898485489185) 2
(905.2511465201247,253.3217604654382) 5
(816.8991050374954,361.9961402952627) 3
(698.5523968946093,460.8100951423405) 5
(793.8263827474516,388.8697031318588) 1
(68.4064431738407,445.79726011052566) 1
(117.34795196678371,431.15818481757196) 2
(825.7412406833497,302.607449479555) 1
(126.50890351429123,182.05833123282) 2
(393.38581721524025,81.95150773005611) 5
(536.2332121386552,931.4013024138342) 4
(596.5460844598006,454.79218093748443) 1
(890.1356366962967,657.725791019863) 5
(67.92555913090692,401.2514969540407) 3
(432.1891806232114,513.1510635298438) 2
(291.9976413692436,624.2854831310995) 1
(458.22638332609023,448.117491995952) 1
(813.4905380216052,195.80736566997493) 3
(903.3213870139665,727.2414466307273) 5
(874.8954620253248,889.4178910735467) 4
(550.6230084431564,333.4620996307345) 5
(197.8446190699018,940.2661455822594) 2
(740.600492233327,52.73069943827813) 2
(618.8931450456435,700.3915797218706) 1
(838.3649647392217,318.2320713983189) 3
(715.5340432659871,179.26222775924583) 5
(670.3246254621929,346.4237705522473) 3
(394.2302411553425,935.7213450518221) 4
(87.87634315819615,124.23106034198072) 5
(460.68373889163547,422.1662718571634) 5
(339.0780271658371,304.33502282954885) 4
(348.55545728661184,94.51190463911297) 4
(907.2778095065996,367.223699353684) 1
(435.4970517554574,197.3946673756327) 2
(358.8791307394882,403.3868720055161) 2
(371.27230086737984,849.0128387193015) 3
(418.4819274434375,323.02201342978276) 3
(248.54266966970695,714.0100169051971) 2
(431.0306204472192,480.1511704791661) 2
(689.3261145188264,212.8408942046367) 2
(27.56266662703233,343.6152883256169) 2
(888.8629202323687,156.07509127591112) 3
(940.1790636782729,275.1191610421515) 4
(974.4124033887673,143.83221679871681) 2
(601.6488325355277,954.5134344756443) 3
(406.43113106399454,801.8312947326905) 1
(613.2990382261869,813.9211575442259) 4
(64.00515516872906,322.716540412041) 4
(428.1519450972676,843.4826989219669) 4
(625.6613684845531,33.40771487838279) 5
(969.3409800479338,822.8487448432984) 4
(190.7151085219697,751.1752015014201) 2
(965.6307557432528,241.67841756954644) 4
(297.44855137457307,602.1494451590715) 4
(474.26684870670186,840.3452929328017) 5
(591.5015461197258,734.9754676326388) 5
(968.6890536623428,138.84742812469176) 1
(513.2053163831362,946.8499924252594) 1
(440.4140605673498,97.75074158680985) 3
(734.4852810040917,625.4752978579802) 3
(823.4648238374142,460.30102288218313) 5
(70.91466429927351,468.6371186117214) 4
(829.9841173572178,28.485706156095468) 4
(459.0515145677488,962.2717419311776) 3
(210.49020145092769,840.0888750677221) 4
(194.028587027662,358.71179181745725) 4
(361.00770560364816,996.434349752116) 1
(238.10305609406146,439.9672463856993) 1
(917.1708341538404,650.6148407814592) 2
(804.8537953580706,832.1838661209902) 2
(11.221952363678177,568.3621605284968) 3
(1.3171123199370305,286.6472851194732) 4
(704.1140816559614,556.8180463053408) 1
(628.5024687936915,448.2811933268641) 4
(287.8811505853304,959.7900643725072) 3
(489.93931129325796,600.342008355481) 2
(652.1684617823355,183.82673956916085) 2
(917.0380006511776,916.3719129328001) 1
(987.0741475512249,543.5955314704869) 3
(415.59915197629215,59.67736304015203) 2
(279.20647354174577,812.3152250133301) 4
(547.0925538350563,384.7352738545269) 3
(463.17031219939133,820.0547383408493) 3
(646.6984770019271,724.0935937058395) 4
(854.5236451902831,652.3592243441401) 2
(29.8955367807443,227.2014067727025) 1
(590.4652190190938,986.4059527059175) 5
(545.8811772121657,28.1906790132862) 5
(173.5399113188285,861.0468819645585) 1
(923.7069294623645,135.244914617635) 2
(755.581108000322,799.4238488891176) 4
(691.0287638198741,719.2640022439507) 2
(968.9034216683208,711.1160462425144) 1
(153.09171894287977,418.9676357308173) 1
(246.79776142719723,754.9617650868222) 1
(677.2531504431422,404.97724836983974) 4
(656.8694547473784,423.0830818464467) 5
(158.8595453351368,876.5801028771657) 5
(649.5586592464648,853.7254298119327) 3
(933.1240974819019,474.1978788774952) 4
(661.3816917311643,729.3259154530093) 2
(238.6289511146913,323.59207414496814) 2
(453.0572265555668,227.56878263167346) 1
(499.4296416946603,598.5591467133347) 3
(859.2618628054732,133.37414772705435) 1
(424.2972032793111,267.3793078420715) 5
(616.3910218882933,527.9565731929185) 1
(282.1545979354838,685.9705333974288) 4
(851.1523289431076,249.83161684154697) 1
(602.0870665796078,272.23091062799244) 4
(190.94726566781617,291.69552838122894) 2
(10.802518169227282,105.41939481289842) 1
(236.1180479468651,468.6169949884672) 1
(735.7730782816059,175.83666369188) 3
(284.0741642282641,424.64736750843844) 5
(579.1366505823398,640.5315253983996) 3
(667.8152898852768,154.0927386347196) 4
(918.4741996745496,722.9754018309558) 4
(253.68131508531977,983.2811842849909) 2
(836.7126144100015,821.7793224666184) 1
(248.1747392398943,251.25194190258782) 5
(168.5021895090093,278.80456384429266) 1
(978.1841976939664,865.0541946085682) 1
(152.42625543403798,382.17035716722614) 3
(868.2123818712843,150.9608878503469) 1
(444.78324032718064,551.8618099396693) 3
(326.59674678680994,875.9827597132245) 1
(265.9002163085019,891.6130987228129) 1
(777.3575595258782,106.77508613817044) 2
(916.6209688695437,5.979169168838228) 1
(117.8673215211108,937.634693856147) 4
(716.2456071731882,787.7451463023303) 2
(380.977382706761,23.258587163597745) 5
(934.1773618335087,237.0339635212061) 5
(205.7240055827644,784.6720752799803) 3
(295.1428317864202,399.87543259678773) 5
(198.71598503120225,691.9107578809687) 5
(124.8523314258465,633.2767065236227) 3
(528.9867850959323,150.77141331548881) 2
(181.37366887938433,879.6753365494817) 2
(785.1258717121492,844.3873799457588) 1
(48.75526091391325,656.5399847464379) 1
(879.3843433118268,325.071031386007) 2
(46.034042460239675,32.46180261631737) 1
(235.51269908479733,139.56519965394253) 4
(468.0515908845425,235.6737255105985) 5
(848.1780083975513,935.158087682889) 3
(433.49425085441106,302.2916095767423) 3
(814.1688985607873,679.763434836288) 1
(261.44015816797884,26.717645834045012) 3
(57.88592936397352,35.02565815218828) 3
(671.2543608987941,367.62968860218245) 1
(551.5170160557442,834.7002384430907) 4
(615.2194243807492,211.07643245980688) 1
(947.2763118144136,184.37476570827516) 4
(475.0586192806172,424.00326168602595) 2
(294.0022694639405,607.3705652598302) 2
(390.96699861766393,619.224827078842) 4
(848.217035489697,946.0160137137218) 3
(431.97819118309144,283.9193301488717) 2
(414.1749512707271,627.4307543676081) 2
(866.0682310811596,609.5713698882847) 1
(652.4986510441765,298.8973670569873) 2
(590.8937471343135,912.9254926221481) 4
