1000 1000
5
(0,0)
23 80
200
(222.15622088931065,91.6758970993089) 1
(167.70424769978086,535.1930497799684) 1
(24.495158702060095,593.5740642987996) 1
(421.17925032287485,629.1037568339193) 3
(95.22658818504436,8.80714402918914) 4
(950.724745434492,657.0026182447529) 1
(197.42116634373065,475.5799999180519) 5
(822.8967536489798,212.94258148185253) 4
(621.5872869336456,274.0941147296987) 5
(930.584219664025,152.1874270341248) 2
(555.7002233088785,295.45726827531524) 4
(733.4111419448983,827.165399495947) 2
(191.2220777876754,856.0479366355256) 5
(500.04801829576087,672.9410226239365) 4
(380.3994998254193,643.5154849127546) 2
(34.12677206356896,96.7495232574902) 1
(387.5092617331937,401.23286949420935) 5
(654.8067497723018,59.76147133665399) 3
(517.504156503952,114.01215856101632) 4
(830.1811572303143,935.7610731925238) 3
(937.6720803840202,863.8594335296534) 5
(85.73323438275415,257.96216065400245) 5
(990.4276081759315,676.1747611906864) 3
(944.0698908964913,327.799059390415) 4
(640.0761092060827,676.5323233501517) 3
(286.7390573925187,336.99510494766884) 2
(768.2011193388468,187.3277510063839) 4
(462.73466003343555,583.9097975250809) 1
(538.1507994561085,442.12161263989424) 3
(214.0174434469062,249.1346990168666) 1
(113.55185769921938,427.43397452052136) 5
(670.3953652736893,169.4737384635404) 2
(701.6652032658627,80.31509039151751) 5
(99.10200509768552,202.3626675757665) 1
(244.67388483484888,445.4411515250055) 3
(393.4327965159963,971.9192810575253) 2
(642.5809542243895,793.8750955587378) 1
(478.9671068186236,482.1050266194488) 1
(653.8346423035149,860.4240988117081) 3
(941.9618348090352,80.32071716944567) 4
(325.64496516759243,702.805753583209) 5
(954.8607744979826,486.708094740399) 1
(23.84846164024179,687.2909315700464) 3
(805.7528770860719,754.0225718231296) 5
(57.14311808676597,991.0965983911705) 4
(143.19214807114767,374.05931602883123) 1
(385.6477334425122,2.821147818095726) 5
(276.95060485359255,403.1293591046724) 5
(423.64503237893,16.504513803552335) 2
(584.2214746466857,599.6450238514941) 4
(429.1960870184128,85.62548833617689) 5
(381.4166186534207,873.4444412759947) 2
(559.409311817101,390.75390363180253) 3
(12.52913554375079,93.82960550533681) 3
(622.2906573609714,153.5383410036466) 3
(740.3270625838061,617.0225503598988) 4
(753.4422880490838,313.0593314893382) 4
(175.3122936260786,812.3473927269113) 1
(579.2255557638557,616.1161184583245) 2
(137.24687839351367,744.6505469133524) 1
(412.60541966796274,299.9172629504442) 2
(973.7696888272227,843.8680498333224) 4
(543.1997542754219,458.6937469439796) 4
(278.67043382579584,872.5988246927557) 3
(896.719407952889,471.300889410752) 3
(17.440351295868737,394.0520401472164) 1
(276.16067097152387,155.83440125732483) 4
(696.1997734828933,758.4663420738161) 1
(734.6162309886588,784.7256451806976) 5
(172.19445114256126,60.87582997769792) 2
(797.6344612409969,318.34258271684956) 1
(542.1561017357762,306.5609787014407) 5
(337.5738869977229,229.0804210740892) 3
(903.6322155415771,258.3741054816846) 2
(481.68572308255375,692.1497130066022) 2
(56.29592545316508,697.2092175643852) 4
(371.5701787137107,289.5958768805584) 4
(816.4591062890762,194.61506753749137) 2
(631.680515701595,256.3898072080927) 2
(539.3598935462055,651.9600023570396) 1
(780.50032111152,865.2823099905972) 4
(427.68089223575925,217.92664129084716) 2
(259.06599339058636,439.1042544874664) 4
(640.3820197210805,740.5641906364269) 2
(499.09950404403224,482.4356913657464) 2
(383.66050350451894,591.4631124331979) 3
(103.27101347182388,661.2776675367742) 2
(151.79148293344824,218.05206925759734) 3
(819.1421983855141,980.9807253529549) 2
(503.60128168332585,89.25441753965835) 1
(754.3907127587279,593.5623024218476) 4
(153.78407948883998,145.06588364543614) 3
(32.879105687543706,782.6751213650979) 5
(389.2640136970691,575.5511080626649) 1
(864.6251028243472,772.2630764721978) 3
(315.1506095475426,21.515781381825192) 2
(56.5824601391014,480.423785155451) 1
(608.7627304647949,520.7664711290362) 1
(97.95062582709858,271.52887238020793) 2
(336.7817468440756,445.84153597640363) 3
(158.58720817052674,251.85448002144673) 2
(800.9347125434244,963.7937294658456) 1
(940.6923535856431,794.1392598254434) 2
(448.84609169479074,544.8100388074868) 3
(756.5341969379502,609.7970256122018) 3
(705.9220037030449,621.5352559452041) 5
(109.24588637878097,994.9720209814852) 5
(317.37009887901513,774.6070897314431) 3
(947.4303920032372,971.7593278184886) 3
(84.22282223799138,965.4755480985284) 2
(852.9423409978674,898.4317089440545) 1
(972.5669043508752,716.6056681815706) 5
(435.55303478857144,443.441979344021) 3
(442.13494475790446,504.07233527604114) 2
(368.93302105850603,183.86323486082355) 1
(51.18254527468957,308.3214242538547) 3
(845.983650518109,242.15996728754263) 3
(128.91359154132886,195.28618944397024) 5
(410.24514055407155,832.1968224539943) 4
(450.4832283954379,832.1971795394251) 5
(456.7123702550496,349.1366602767753) 2
(766.0951204240146,426.1048827537053) 5
(628.226636363825,413.24689680270666) 3
(820.5697881168453,325.6926029238572) 5
(281.6282014448078,198.78128047491327) 1
(35.48091987153534,752.4753084507926) 5
(735.0643705819368,219.47209096807774) 4
(955.7170747836051,429.05349607040245) 5
(492.2111517689107,856.0247705009449) 2
(977.1569697910543,499.12774924089933) 4
(513.8526035324849,365.4516690084967) 5
(426.93652242592316,693.4108271452759) 2
(744.4328703449465,620.8004503614886) 3
(197.7008545611548,343.0468959975007) 2
(624.3189652131501,323.29405857576074) 1
(85.97801293861652,144.81598679436425) 1
(274.4411807249736,413.64791860452755) 5
(576.0269338381369,366.75546985942543) 4
(392.613533751486,12.60245024690021) 3
(307.157370351116,829.4145859543673) 5
(460.49486311282106,672.5572186903198) 3
(711.6374234711732,38.278518539504816) 1
(207.90124326571913,505.97588656384164) 5
(752.0195596599584,193.5884246559767) 4
(211.08203511433987,651.4432377382693) 4
(203.3799774151883,769.7428158187668) 4
(557.2680966698276,148.5345453120229) 2
(719.4028289346641,388.3858135180552) 2
(942.5962492827443,686.7746617845444) 4
(740.5992891185982,781.6733163370552) 3
(715.9897498444376,501.1980579382884) 5
(642.4861102362709,739.3723759428217) 3
(120.1882890189705,18.110678403489565) 4
(871.1909619328121,115.03138948341352) 1
(941.7269637897789,500.19257948676267) 2
(347.806393790978,346.47188175288903) 2
(278.64881160078227,20.207671615198763) 4
(729.7218352537215,670.4082420876606) 2
(339.98345806257936,584.2276552286503) 5
(623.6661098159254,390.81642677623876) 5
(581.8750702736041,249.4383026821252) 4
(181.4629848855862,332.3471082081976) 3
(320.1333664744631,422.7303217161268) 2
(206.16540107470982,994.6038461800299) 1
(290.0769761228794,516.8188017149837) 5
(604.7559880727047,167.0521514381388) 1
(616.8572996785751,211.6451620285821) 1
(293.9454496035705,76.22316164362152) 5
(484.2723072067846,551.4957315806139) 2
(92.18207878166496,93.52271361614672) 1
(433.7078581901167,892.7671693411503) 5
(775.2136494934038,565.8430578909715) 2
(827.9569862405565,169.07650668797623) 5
(513.8244346676714,670.7095432542645) 4
(249.75925795275623,767.9683652994462) 3
(159.22872635631657,324.66531958559676) 4
(471.8827713563409,668.2871718894869) 2
(872.5007984539874,473.81546773469563) 5
(108.34396971442706,908.944676308605) 2
(774.6929317230224,11.401544211285586) 4
(748.8640606201787,262.40190219762496) 2
(668.9880441657484,800.7067082210729) 1
(391.22215440354125,414.07790113703294) 1
(190.7478469063747,336.41069049931394) 5
(885.2891626090142,620.4522434209022) 2
(986.5927504224101,585.3854385377731) 1
(583.0141034935391,907.0423265835532) 5
(372.4392093753287,80.61799519972068) 3
(358.99649126947963,266.87104132625126) 4
(694.5423804204157,972.1041252312948) 5
(557.9616868824238,53.90322533870362) 1
(911.4878789960188,936.7099196767057) 1
(645.5174297904591,525.4670584164462) 3
(709.2704480434583,642.774906256859) 2
(870.7503063716946,913.5464812358356) 1
(660.108279167991,76.86294458916876) 2
(226.65629496331263,24.048125026510103) 5
(28.673400758034152,600.2198534200669) 3
(157.66440430351847,146.34592770967626) 4
(752.7539109975118,832.517548656862) 4
