1000 1000
10
(0,0)
23 80
200
(494.2234523840067,625.698396570592) 7
(985.6802932305607,705.9338768474469) 4
(302.55894952697173,483.91209286764837) 8
(515.0560213171565,227.31246215957955) 7
(662.0826219817201,123.03106726331382) 2
(337.17036785390684,875.004365823775) 3
(612.7672790649766,276.3666954171542) 9
(772.9607199711476,501.67723411262733) 6
(78.21782492197926,48.26959654146123) 8
(151.8514214062122,154.97869279394948) 9
(887.1735344818011,729.4106744271514) 8
(594.1486384253105,250.07767386205882) 3
(837.7722575644009,374.75476374364905) 7
(368.47098601451523,379.004690405914) 6
(619.7251873316089,271.23747419012545) 10
(983.3920340109765,725.144965116154) 10
(417.25972429618287,506.64530621865345) 10
(662.5457442149429,613.6326352021251) 4
(153.75321931877394,53.019543613265995) 9
(446.0028799587353,397.1376016294055) 7
(747.7312646400285,673.5460382864761) 5
(746.2033106354526,476.28105988545025) 7
(652.3839579770779,83.13840995558131) 8
(866.1045889741371,943.1092061378318) 2
(683.8519431908779,427.3917383957172) 8
(688.9110126364884,816.9303069805103) 4
(569.0930268272883,28.35286336752918) 1
(212.32535345402815,390.85002656390225) 5
(815.2469154068481,719.6116759265658) 3
(891.2784541563816,498.3207690714534) 4
(636.4770673892134,194.1942865812616) 10
(549.3784204253418,361.9066085177283) 4
(311.78301362891347,352.9695036470357) 4
(332.94254331289494,690.5281407594139) 10
(161.51303786204608,224.74071873605828) 5
(747.7714134411686,286.0518890203361) 3
(119.98184676114843,443.38281936013937) 1
(22.30565487916547,421.4820737499613) 5
(635.2449236411071,568.5769607399077) 5
(317.58312779496714,600.9778180374243) 10
(78.94035622263462,817.6473353104631) 8
(323.4124457603229,881.8056009558119) 8
(696.1249417088334,24.560153427876543) 5
(157.89821278985096,380.61673131990506) 2
(338.48749432290623,456.3810087166407) 3
(716.3768113661145,286.9383728769017) 9
(284.1956473133751,36.5183163243693) 4
(999.7771566546688,740.2686177860576) 6
(880.5212255146334,750.2088994496704) 2
(510.96573401851396,390.78941465780326) 2
(340.72072157502885,781.9681118630758) 9
(144.45115023330456,812.1536623275562) 1
(427.5748810366042,618.9748425216185) 8
(125.61372548700145,822.5810199274309) 3
(107.04429026275297,680.5968623572364) 6
(254.85237491946089,341.7232116648499) 1
(103.0558181535921,304.1602884810802) 1
(991.9232604470811,899.5400701298805) 8
(486.5096051849266,102.3591388623205) 5
(6.949066429343231,123.11866744453847) 1
(566.383958280165,359.9204808448384) 2
(635.9534846173636,783.5598586759658) 1
(185.4010589257359,549.8533845267918) 10
(550.2827826248837,596.6658783843767) 3
(422.9309860125919,827.3118254928501) 6
(872.8731529451971,584.8909440056447) 1
(549.2352649826255,979.1317797608077) 3
(634.2560213308864,235.3228677483975) 4
(403.97545838405,639.2532375267156) 5
(359.9841048391944,453.0651686814419) 10
(750.1313829327943,417.611200429838) 5
(285.66934549931455,894.8859011540746) 10
(283.6928315267219,293.77975162516225) 7
(849.9137682911061,323.57584050885737) 2
(483.37674128822226,881.1947906841888) 5
(890.1368492268358,15.015343011626324) 10
(476.40060759671167,556.4051213568216) 8
(484.9404475891509,861.8000136694795) 9
(474.9083817154595,49.406169327178006) 10
(35.11555993362669,438.57239900028986) 9
(302.0546007459839,866.5680612324547) 7
(355.0620993588325,798.7606306875277) 10
(569.0337027435304,891.5459221390416) 9
(66.16430477644053,607.5969635762632) 10
(142.07178206136194,914.8386833750615) 10
(625.1037463387017,446.5857614534963) 4
(697.5621591143457,732.498226648568) 1
(901.375015935237,618.7596070232387) 8
(51.80871990309988,943.3128715034541) 5
(783.1874099376803,641.1969639208929) 9
(818.802385454205,48.51918939874245) 10
(944.7832819928701,868.6718129719325) 1
(670.9815871648219,54.958760088760215) 4
(475.7369807621634,318.7291148274669) 8
(638.8108512095488,725.0600962552123) 3
(478.0203690965954,957.0693920058839) 2
(853.6962477663169,802.2261770310615) 9
(377.7816363032815,979.2055019644959) 4
(38.13010374285708,107.63091132759328) 1
(189.16567017087092,757.852310537388) 2
(134.74923597389687,321.68643909438975) 8
(8.455716062834462,506.8053305359751) 1
(867.5430347050102,46.7447832811998) 9
(707.0689026981169,677.3293299256685) 8
(483.62418296874966,112.316920104646) 6
(422.2961910147688,55.28992956611356) 8
(533.4597864037614,845.6951512076213) 3
(808.7754593872812,940.2933706007686) 7
(478.72213674277486,303.19739831613776) 8
(984.3363719278667,711.5804526891524) 9
(599.0799644846512,157.85795650838895) 5
(294.1871553999298,898.5588250725327) 8
(38.970923501069564,590.3815718745486) 2
(167.60226612903674,760.9561086552635) 1
(137.95401987273604,719.4014175500143) 1
(173.71050233861897,956.1380533082224) 1
(469.6643674200314,66.23847538046634) 9
(86.57150094062871,158.47048455487956) 10
(96.15071401793473,862.3529337600478) 9
(429.6322656557692,331.65093732674154) 1
(879.7735767872017,652.5864433199312) 1
(285.828200682677,948.3332244209272) 1
(34.81523410405807,522.1330360310445) 6
(377.4346716986158,676.4696941291658) 10
(608.5458626230297,880.1083994748317) 6
(857.4551645712356,444.4952993585399) 5
(904.4088854050892,926.5111679873546) 5
(277.0253137470207,629.0126400759632) 4
(465.34135480261017,38.32085667940888) 7
(917.3958190617177,296.71525382744034) 10
(977.1958211810816,224.48400838765124) 10
(401.51528010771045,149.40706337822007) 3
(296.11599069530894,504.553192609653) 1
(950.6375994462403,209.41482435474757) 4
(996.5622111365276,88.77767270901782) 2
(308.351806723148,726.1007216298188) 10
(910.0095755129818,496.1693709197406) 4
(577.9945211069514,298.03800334898546) 8
(697.4389726975297,686.7748131714891) 1
(181.82759498618174,905.6162819621919) 7
(258.33623366904044,290.47071519573575) 4
(276.8478556618521,587.9216558357788) 9
(977.3349031808256,759.4775325293975) 10
(579.2227137880873,563.5978168758193) 2
(822.6073460846151,500.21474723993174) 7
(810.9800849415873,906.9012410493684) 5
(399.8773840552916,745.9733208412283) 1
(897.0087782845114,345.3016690816242) 5
(475.328243145712,903.4516222418458) 1
(790.3143541518355,518.3741168527192) 8
(309.0099969885025,74.88276967927033) 8
(850.9902577230295,456.0624895964809) 3
(384.07538262751075,954.5218408723703) 3
(825.3873848637604,481.0204554910914) 7
(936.0141616542934,655.6753637765922) 1
(588.1902411336462,411.14569325050377) 9
(480.506541868273,450.2080735737921) 10
(230.2467152508294,23.42805071564602) 9
(498.6735038318852,546.4549592913995) 4
(629.1034146960461,864.4055250811059) 8
(938.0593657331744,539.2045035471137) 6
(966.2939154686068,479.78017229150606) 6
(390.6538416426285,106.62925749536511) 6
(292.90365026678234,902.0440127150142) 8
(485.00037235695936,951.5568649437465) 5
(846.4543237586179,57.89322621907233) 2
(221.79313412795588,470.60840459930256) 6
(827.6404732950621,973.6207613129486) 5
(65.95845544588418,526.8188496254539) 3
(828.4651618750348,632.6110669715554) 4
(30.28836272163804,360.10912348137634) 4
(431.3764305425982,527.0105727443582) 4
(434.5918817656411,581.9513571730396) 9
(64.8813801378194,257.6180762779304) 3
(264.73611393092267,653.5438889845797) 6
(262.27267082620943,389.7756885520043) 10
(656.0413198154918,117.1922723109583) 9
(27.16040430243638,854.9841963647171) 4
(823.6089209022346,307.8579755851655) 4
(3.1626116041832963,902.3880652716559) 8
(843.8762382795799,893.7047023578431) 10
(587.8309838400345,528.9741584775593) 4
(277.7875636271376,242.452822872253) 2
(530.4615825020019,51.05218543956869) 3
(972.9514961618522,661.1153474465343) 7
(273.29132564845946,577.8999637715074) 1
(807.7255823980606,265.25465486917466) 2
(568.2771837897384,622.79762488382) 5
(374.5575383594759,528.5778093109672) 9
(274.51643454631136,49.55876793465508) 8
(125.01771062274713,926.7518597656808) 9
(34.8162034296533,314.1033673685638) 7
(358.0421367532709,965.7050282545238) 8
(289.9205036779281,982.2361519991911) 8
(225.6665724217791,267.9772479261552) 5
(623.4358896106953,310.17697824724235) 3
(551.9728383985076,512.4472869914728) 10
(257.4059863063541,359.5017185443582) 9
(233.55771914322344,478.4924496282942) 10
(383.15030588290375,945.5581694427782) 3
