1000 1000
10
(0,0)
23 80
200
(332.84419034569703,844.7015809297453) 4
(732.9643041215306,350.9697403281555) 5
(746.837439699292,360.7121758718546) 1
(505.14168161580295,563.2830354967728) 4
(199.7946344342969,880.4653103064146) 9
(256.1469235909999,929.4339528419182) 8
(585.0604170011344,651.2982705314396) 2
(546.875690886834,731.9685295221194) 4
(886.309074032596,908.8143018282511) 4
(873.7992791307229,950.243007649249) 2
(495.82068133456323,95.21725502885347) 2
(367.3752792041941,275.50884892518803) 9
(390.3319424325774,204.7683416301216) 5
(472.5237681495069,189.7266576562373) 8
(405.8129428811088,942.1361134386954) 4
(478.8470119586726,491.64852394401237) 3
(501.45358204455084,545.8632941222944) 10
(414.6885211624648,690.2300699006239) 10
(334.29509072527065,627.9315027670809) 1
(532.6226776988592,274.44114441273007) 10
(945.2964214584151,596.155607862365) 4
(419.2985987717861,10.064116215087292) 10
(612.3539887283455,456.08811681294304) 7
(503.4552117910539,390.4801509243987) 6
(56.901017314809785,540.2504289610963) 3
(940.7298969398479,534.4131192468186) 7
(758.0252584660752,571.2888793063306) 6
(565.7432062855842,938.8466784465882) 4
(596.5415577031549,104.72148487272825) 10
(837.2911142783695,613.9014023253714) 5
(916.2214438182597,432.2644620489874) 8
(951.4336975781692,921.1925154382812) 7
(815.8925931899681,943.6336992748356) 3
(521.3588378439084,843.9293723109706) 5
(482.32426642171987,959.8093628435972) 1
(177.49821802470123,428.4781848556507) 8
(153.25164971473316,725.1467677262253) 7
(342.75765109209954,833.7457497242717) 7
(135.99513792933925,124.95194811034594) 4
(231.37898678050084,380.1933889571748) 1
(976.105242586957,286.20017984102566) 4
(293.8121348374607,956.7360142638054) 1
(391.43139262988194,517.2489873038415) 9
(458.4812134919416,944.7200029006943) 3
(597.3013180653309,92.66841690803962) 6
(32.51125753927386,745.8667231333507) 4
(797.2654979205834,794.2625244114491) 8
(461.3268891508331,237.24812652040538) 3
(397.64551443643404,582.0368095489645) 9
(423.23150827876253,310.05490524177725) 5
(506.42579072800055,738.3680442258878) 1
(993.2575706677376,151.70127601949213) 6
(910.3937459573268,989.3485558956335) 10
(498.3383259035319,371.07260418275746) 2
(844.343765190154,550.4888758091233) 4
(337.561060728607,137.99530788538007) 3
(683.6860249442569,335.488438554093) 3
(42.033939250762266,649.2739868787025) 5
(372.967337664863,535.6540063739077) 3
(41.72918736631903,688.021755873686) 4
(308.952698322837,419.33235867656873) 2
(508.69911289754646,591.9627552442735) 6
(333.8618956001572,71.83766742787256) 3
(932.6614510938681,622.3252453222135) 5
(902.8995313035118,677.8918292796869) 1
(309.963666498479,794.5776525092385) 7
(925.5748698945072,443.39168412737183) 3
(418.05405980786526,518.5601107761521) 1
(915.7493866995887,610.1461915773419) 1
(478.5709517298111,805.2989824221748) 10
(979.2287782015934,858.4783927006282) 4
(377.3527152185252,371.8380392902583) 2
(614.0822177452792,492.72834471705374) 6
(245.62345907813943,479.9768765828647) 6
(732.5607373577276,887.6726689063753) 9
(390.8025835714457,669.3250876713137) 7
(944.7636649802989,8.369623952972137) 2
(62.2957044030612,232.64358626527803) 4
(772.5695933400491,925.4156875349363) 5
(748.4978758326013,446.95833076183766) 9
(751.8758413823036,710.6247411190186) 4
(626.4803821374079,716.1240761163905) 8
(903.4420901104762,229.50944252576434) 9
(958.4950013673769,94.14630383981326) 2
(505.3657262743719,713.6222053647479) 7
(84.48056702015427,620.6581167306665) 6
(587.3766989928183,841.7122264942032) 5
(652.9160853565207,320.8451920275608) 10
(985.9971335273043,671.1521321688882) 9
(683.8511700273438,221.31851417923588) 2
(160.97165595931574,397.11961180685506) 6
(201.94684218852242,307.1179532709306) 4
(786.6304600450834,324.0074810259388) 7
(375.92572381734357,554.7180893943034) 3
(887.6761426241894,224.29691270510332) 8
(94.91948399667749,499.1221895787795) 3
(369.61512534595175,264.06484832155076) 1
(526.9392890536755,834.9256050804324) 3
(173.195039503655,655.7991282769578) 5
(651.3681677573103,348.18923035674766) 4
(663.1291195021487,885.7118852982072) 9
(5.5455059723177325,376.2642823780021) 5
(340.9900610193977,998.538752910789) 3
(572.4556647359548,299.29823164153646) 3
(46.49892209626228,921.2524075514665) 10
(322.4174858637148,745.2159034222676) 5
(347.0580131704627,215.63943702180254) 4
(252.633896124586,14.89036323236137) 2
(999.7221632393284,38.98181284954283) 5
(910.5014942505469,65.5979156721842) 2
(627.1750931852987,604.783457491687) 7
(166.01044008004928,48.35423607682476) 3
(897.8592880720518,667.8873393248671) 5
(382.2009314882662,558.6048115422108) 10
(234.68560255671377,277.27406797962664) 7
(165.02552814963755,310.74571518737247) 1
(275.19645494344604,140.3613680088097) 8
(802.8108563632394,805.9965728712361) 7
(330.62948034997197,639.8038781707982) 4
(96.48790503342974,818.8407743778732) 4
(852.8344747519125,131.3526314829986) 9
(890.6211879627135,907.4152885027864) 8
(309.574500650598,44.018189676309326) 5
(75.34507902115917,15.7263509326534) 10
(316.7744873649129,644.6549352298438) 5
(351.2370332561841,481.67368671115287) 5
(113.82117651655976,579.0955546322256) 3
(114.86623515730476,336.78359514483526) 4
(931.9162494985128,412.84146223689544) 2
(750.3054029615425,741.1962253711265) 3
(148.57025519402035,360.8076236298665) 7
(395.4053856245514,812.0871837203109) 4
(528.0627638990483,602.3434749294698) 2
(455.1147363327792,294.6008851259035) 10
(502.4373729920838,791.0700519341073) 6
(42.79213130480741,383.1972422193307) 5
(630.700510653419,975.5661997843786) 7
(593.2871406789229,680.9034556516549) 5
(352.3625602345357,658.4129488151289) 5
(289.1493286421747,860.8016134037647) 4
(820.8466884295655,34.387640415221135) 10
(594.8774230162766,813.2512425839211) 10
(694.0782808880855,739.8804584689026) 1
(1.2830908862805357,612.8766562290953) 2
(511.2684885966505,235.74239334631088) 10
(665.5277244197517,249.49655418947347) 3
(737.4535259958474,160.659315017738) 5
(690.1720559221529,696.5153000158964) 7
(216.15503692441683,587.433632341579) 5
(810.06934710299,618.7336980477736) 9
(435.53332239417153,740.9096976062604) 6
(249.72802572591357,785.8653709449233) 7
(103.76628515834518,942.412443388049) 4
(677.052780737745,587.9142739728403) 7
(502.52834880998245,575.375745980655) 10
(402.3452295570866,512.5956360837956) 8
(962.2810019679043,419.15622861768065) 2
(61.62309632815388,319.95378412670715) 3
(575.0262870868419,575.1873384510013) 1
(448.40555475522905,165.96047643453505) 6
(92.0863788071784,890.0822547953072) 3
(312.4645355333097,408.35016452060614) 5
(298.57300921319927,941.3035101438264) 8
(109.42787302749424,208.43172495731443) 3
(883.7838360259115,69.92237210450847) 8
(184.2855065984962,427.4426279800849) 2
(821.6197691940372,800.6545668228222) 2
(765.6621294744108,391.2531980325046) 6
(639.70662665424,48.058167360541695) 4
(848.3951795217118,567.3881750703093) 9
(583.4276026354296,514.8938009926904) 3
(638.1136579854137,840.2965665402205) 1
(939.9377416289243,325.6686107778324) 9
(752.0978175417831,667.0083775138376) 4
(726.0105494546257,333.7960662762038) 8
(435.97139976585584,907.26887115918) 4
(225.17007187573057,136.01615624978126) 4
(218.01089083874535,138.24895771853252) 1
(118.43917867397491,618.8769235697438) 3
(619.9193649756687,281.31104486408077) 3
(90.29198538992877,314.48883690255093) 7
(786.087823158335,161.69591199136323) 4
(819.3038839232245,194.52157661869262) 2
(931.0620265065315,445.73321614434735) 8
(331.77522567065256,111.3774971967636) 5
(170.67562395334468,485.6082270234849) 4
(767.6338527499036,916.9032114883821) 2
(928.8847614124135,307.04201058181) 1
(83.073849697343,964.0604695485016) 3
(988.4033145514603,38.4823565150878) 6
(908.4039774470932,637.0716442663763) 2
(116.18697266339507,43.03935471986786) 4
(202.90302148292528,414.3295013127255) 1
(366.2474090885899,0.41343478841104897) 2
(214.94579965033523,926.2455853960487) 8
(892.4288655840817,189.1472998144478) 2
(329.6200520676907,223.1086862424303) 4
(123.36251586936697,385.67179617333335) 3
(597.4288678475149,982.6417660515418) 4
(17.587254448125034,427.8294592594567) 4
