1000 1000
10
(0,0)
23 80
200
(875.4184273868572,79.83529802854972) 3
(266.87240172715764,208.72946232846047) 4
(153.52897494058902,346.26405941216024) 6
(136.44440579723417,854.4784159836357) 2
(516.0403267001237,669.25096731957) 4
(476.1678411715797,505.25703917770227) 6
(9.69107536779601,849.0850328056503) 4
(996.1516255173285,735.0860723892655) 8
(772.4986076274287,587.2875523239237) 9
(925.9275889025364,439.3386800559439) 9
(149.2810126445261,583.9876302467305) 7
(72.34941273800489,587.2263045160184) 8
(542.5540410393426,139.79979286597654) 4
(343.82989570286503,518.1050002165238) 4
(442.1193142464154,222.02116229554335) 5
(88.20324433318838,248.16025984675895) 6
(675.4782727884304,767.1321859935936) 8
(155.13718863731242,31.478435729770936) 8
(345.74823695547843,410.2375316550253) 9
(325.55359244597884,792.5043796371596) 5
(37.57630290702796,109.36859748628802) 7
(945.3469952481996,263.2385708252409) 4
(19.554607980494467,585.2081740421577) 6
(85.27874001470937,599.3977063067056) 5
(866.0263898646841,176.232245100303) 5
(120.26542855477584,138.17511779318647) 8
(508.0938818622079,171.32685703006624) 8
(308.52364425611967,861.6087954004549) 2
(154.15499732615646,364.18732007615495) 9
(209.07196026673824,449.7420363770062) 6
(442.4388437492628,120.88123343421009) 4
(750.6694262959222,589.9609500874377) 9
(832.8284380533225,649.9449418275174) 2
(433.1360220482078,541.26796067624) 1
(242.18246153076961,350.6544665315049) 9
(532.8059941671153,906.9856058533919) 2
(478.3834637553528,501.89830751380094) 9
(420.30384405572,257.2226734899723) 1
(879.1376160107143,466.9244136293542) 2
(138.64068452411428,474.1918695428162) 1
(222.9004535676735,274.0493528908795) 8
(506.1974943212281,62.15505161139079) 6
(644.4221418021608,706.9995121811335) 10
(447.2336070274827,878.1843390108269) 2
(825.0879243068133,72.11067552777062) 7
(910.5162722685543,42.46722111235102) 1
(305.4012812874222,652.0440925445256) 6
(18.40247047107757,659.6355097738334) 4
(138.85685935820925,109.74718312229881) 2
(97.2830736512209,802.0588406331126) 3
(296.9512286982243,214.45204736960756) 7
(455.0080775283517,891.3525745913211) 7
(35.10434785886074,773.8498678293898) 9
(847.6368459567266,783.0822120955105) 2
(997.6884123459322,882.0242351308897) 5
(79.53455972163903,737.6578701859835) 9
(198.49342622801248,916.5482571025223) 10
(744.5332518784197,450.0980385594208) 5
(655.0440917466436,238.88468142076414) 7
(661.3939893924011,574.2906697138865) 5
(527.4303365302401,245.4770219149208) 5
(453.58450968573516,508.2043158050196) 8
(654.2395540917978,349.2264706387105) 8
(540.5137547164536,137.5543361335323) 10
(883.0393795408717,137.76745276880376) 8
(524.4466446124533,502.7930658176364) 10
(452.8928857408735,627.1249696682945) 5
(352.3908688640134,299.32763965015454) 8
(151.4118624752503,541.833006989492) 10
(845.1650802785622,296.40516536719844) 3
(81.80809343505547,595.6431255083496) 4
(244.3001551297167,225.56123479998558) 4
(680.6984767612508,108.83408509665205) 10
(440.0900630935245,37.1257567609794) 6
(680.0977921575202,42.063622640984846) 1
(868.4213058504137,388.8964961499609) 6
(455.49263413953037,448.13103587473404) 1
(708.8057410863465,983.3608434802236) 5
(662.9320239847317,409.78798931655245) 6
(566.6954844685132,385.2918942468978) 8
(827.9015016776711,18.491738052328955) 3
(326.05131107294926,10.963203078468432) 1
(830.8689453933018,583.1251330142043) 2
(714.7021006001918,234.70122623693922) 1
(978.1484651614771,723.349739743853) 1
(992.1409601112596,124.03059861769894) 10
(476.1309545643296,103.22223258292895) 2
(71.70812133056792,736.0342402421843) 4
(25.74457992247281,376.94242445575065) 6
(228.97650914850755,760.3630786305487) 2
(351.9034140641828,275.01253185609187) 2
(618.496500688715,961.9744427981676) 2
(210.2384157410765,407.3850965474754) 2
(732.7581714951681,265.661286108138) 6
(941.9320342793839,176.61727300462016) 6
(499.40943017079763,188.6947775255262) 5
(1.1773915107602395,650.4064835019651) 1
(524.245860182706,754.6498504863267) 3
(391.5013055380324,653.8376742323527) 1
(754.5721792532429,361.2974586703683) 3
(480.3255094628813,623.1101050624164) 2
(271.29936127356757,290.8675377964519) 7
(821.6156574185169,420.69338185841485) 8
(24.987649948486236,854.6213559267471) 4
(800.9036839231734,959.6777390358887) 7
(901.0587665450079,404.4880552264326) 2
(663.3159495320327,111.33389579959075) 2
(619.7421034223312,448.46607187942345) 1
(97.31693197410074,712.0780967019059) 4
(374.70608820606833,594.6622000227404) 3
(172.21575376088882,809.4276836177344) 10
(805.1264507578329,518.7217198592383) 1
(784.3146739851557,447.9630958658121) 8
(370.0214736141382,67.99824422051593) 4
(303.495195980125,973.4810871294096) 9
(63.19793417508113,812.0287234108683) 1
(708.9170808595472,402.0742813330089) 9
(470.6345540056474,411.21994871659297) 3
(639.8814211247021,786.7202041992552) 1
(674.4789414564793,459.85572819848164) 7
(219.27654079199675,844.8913902557458) 6
(605.2232275973099,422.4276669839128) 1
(319.4572078411444,795.118175067713) 6
(933.1426517217051,403.3068677640407) 3
(737.3551395952453,985.7519429046149) 10
(827.0898312668706,39.276281686781104) 7
(960.0957966796511,589.1504300796113) 10
(942.2304585224992,590.7414718019253) 8
(218.31643013632507,843.3450699725255) 6
(631.4770451796693,665.9541740620162) 2
(132.1248978536318,886.7061830991915) 4
(450.5065644357666,728.1334530631495) 2
(462.64286128620057,920.88077773481) 6
(845.6993603227713,973.9323657787413) 8
(967.7038185722784,396.63574552658275) 4
(877.2331364931174,41.43035895071567) 8
(205.08625937073788,357.2043971127842) 10
(262.6970925138976,337.63251796816417) 3
(426.00990880325975,21.900767879083016) 7
(360.63160121267134,834.2918393845932) 9
(137.16786748156485,554.9040521625215) 5
(518.2337488552008,774.3230784678344) 7
(425.31466019228606,603.7489871658535) 2
(648.5056227509311,895.8371356717702) 8
(957.0969274566,435.63807359461214) 6
(249.9649125576694,400.2243901262954) 4
(355.3773218552626,660.6412149050074) 8
(729.8459518187491,540.181342603141) 4
(975.5906631911805,134.06335266197976) 7
(770.1288708881056,44.142023972932876) 6
(911.7602842684976,884.0387668076046) 9
(12.386407568138914,114.06994735679854) 5
(69.86215437086696,453.382344151529) 4
(155.28879182402133,957.7375175683976) 5
(465.2660570767465,820.450327620145) 7
(855.6205662618501,223.9524563611882) 6
(969.1817007356725,799.0330727357576) 8
(415.7176072618948,602.9977039850932) 1
(13.98284781951542,949.8574049293666) 3
(177.912911443742,383.7406719307469) 9
(50.690717605184396,705.9264634611719) 4
(692.974959149854,181.53493889805793) 10
(242.9561189268765,769.6821664785181) 8
(57.94238357557091,132.31781249979247) 7
(186.49377627606012,297.20704007456845) 1
(914.7202949705551,242.48906653441617) 4
(946.9565885112255,349.4854036565237) 1
(731.3356001138754,459.0717359942975) 4
(186.6302179884721,499.0981586698231) 10
(540.6716966274142,545.089842949746) 10
(987.2387599813684,119.44151516846313) 1
(397.5742790433,606.8909657764412) 1
(960.2246791896623,826.4210309596018) 3
(880.2141708549806,228.25782494102864) 6
(819.2473887649479,428.08981228758) 10
(216.80593489159227,403.91129717938344) 3
(482.62036314507174,475.00724434719376) 3
(519.6900328806062,269.18941135704586) 10
(237.96896721523743,82.41337685266714) 4
(590.756932318169,94.73775129668127) 9
(154.50381977499794,4.912380011267481) 9
(7.234586582375857,37.07625134516779) 4
(536.8735034536033,241.8021378744335) 1
(448.6175228567073,994.9969486021615) 2
(554.5704280877467,633.2758525465237) 7
(488.2792900902904,632.5542670593443) 3
(515.3790575014107,421.44541087084696) 4
(415.77140878990923,702.0176157802855) 2
(664.335552528446,59.42642836641588) 3
(123.83974074135351,29.292748426084426) 5
(261.8548582698789,234.14137677079893) 8
(147.00271937959675,447.7093005757741) 10
(901.6928018606791,993.2302304558533) 1
(996.8056734952316,973.7574982985794) 8
(315.75638765776324,889.7831254364305) 4
(428.50467944111637,986.8724164920119) 6
(84.34607162016627,817.316936355805) 4
(150.5471294498173,699.2814831965362) 2
(43.81412312170085,803.0745895423114) 1
(206.42905841671367,676.1369522947815) 10
