1000 1000
10
(0,0)
23 80
200
(710.8473422941845,455.26506955276227) 2
(203.4804899467001,810.2699222844584) 6
(259.1022327499183,7.270384890222026) 10
(260.34859332106276,211.13872174989234) 5
(929.003950206123,167.42530901971176) 4
(238.951703998331,114.6138808288485) 1
(991.1360684682871,765.9219970605147) 8
(619.6384151134918,92.81929158423851) 5
(788.1270736578789,229.06111222513059) 7
(140.62569614039433,1.4445841555936756) 9
(276.8075685809508,930.6580938006208) 4
(666.3496976653123,446.44780004320626) 3
(193.69946451900643,403.6339023975234) 4
(381.06495706604073,461.29679227641304) 2
(392.5966592350637,735.5538840255032) 4
(755.4260609463664,291.25223665713094) 4
(668.0941479031255,835.1505761462083) 10
(815.6606820570413,70.11184112011581) 8
(424.54888084808516,168.4301112800004) 6
(965.1943328256145,591.1626256610939) 3
(617.7213954114047,922.1849514430908) 3
(545.4817603536342,359.1025217638699) 6
(154.67078119633226,735.495305735969) 8
(343.88600313424087,992.549353616763) 8
(539.4573381959948,544.6323986364662) 6
(809.6716075560448,624.5135775528629) 7
(866.8762146818634,660.7137422562549) 10
(752.8648215099898,229.34127172221474) 5
(553.5715167325694,15.485064409672344) 5
(599.7582480224381,46.45887566852625) 7
(97.32655570737303,407.5185588178818) 6
(940.1260600477113,51.71615800803053) 3
(713.0257851847832,296.8451429597594) 10
(924.7579161838004,476.6962691112635) 7
(619.0670758025001,712.8639849200339) 6
(205.11614118651102,966.7020089868867) 3
(350.1747880869325,293.3585028706444) 8
(160.01360613858117,791.8735889413329) 10
(448.0416009479664,323.81787917069784) 2
(192.6215486574504,433.47309411533786) 6
(405.6152212155648,492.72835310919993) 3
(298.5711163192567,223.41527153938068) 5
(650.7284797497902,130.50253135527646) 9
(435.64214788368395,153.94089708460822) 8
(337.24695605781176,291.050761111934) 6
(967.2122079061285,692.1387947569483) 10
(969.5150617561039,369.00711706545496) 1
(1.0069053368594316,955.7619777900536) 10
(793.55671658052,613.8216497182511) 10
(258.7093941469063,665.7050560010641) 2
(609.7921424564605,626.8132236101521) 3
(941.096120396319,336.43918453777655) 7
(838.5023959865464,883.0946908122535) 6
(781.5299366837819,100.37052631393506) 9
(450.3054035640842,577.0784758575519) 7
(71.29808218870204,170.47335833857625) 7
(733.4833211471713,802.2167876021041) 3
(24.33149241839738,688.6301548956495) 5
(92.64090519357715,701.0672668450305) 9
(806.917621344231,437.7747551266605) 4
(484.2933534612186,398.96082600274207) 4
(853.0231709097842,447.8932683508431) 6
(722.4256796541265,26.93885476522184) 5
(343.7263036370796,511.30771749831183) 1
(119.97829858374554,504.7881193634477) 7
(620.2347331024442,111.95081722875877) 3
(464.94817790613195,218.82109543499993) 5
(921.1101487859835,130.16008328414318) 1
(426.02884078760053,761.478176289934) 2
(242.76336604519688,147.19909810735254) 7
(489.2766812819699,682.1783001501584) 7
(98.72922679617425,212.723161738804) 4
(583.955712687163,246.5082412345647) 1
(157.39778654464155,932.7685353391894) 10
(25.44627701096158,759.3811739007318) 1
(648.7218294340489,738.5700263780018) 6
(207.28779612454773,445.1396868496048) 1
(568.4185466153663,674.7919081714344) 3
(561.5879393311905,183.38604141900362) 7
(13.531077152734605,873.9938371427561) 2
(569.4908870169568,859.8264848578001) 3
(183.69778472747456,643.5172142270383) 4
(682.5478102540106,882.4774683003911) 2
(357.9318873583174,800.5734600570227) 2
(535.4472779643094,858.3732886372547) 6
(64.94139440388037,817.3672406544135) 10
(504.9802638573921,28.655959935864452) 8
(233.10239292015555,402.20144561649374) 2
(241.6444253634046,87.72390516772045) 10
(590.3983773811981,257.0278720417043) 10
(850.2410442220823,354.7211255907734) 1
(881.2547607917185,231.97508417624735) 9
(272.94168743017843,793.555131409151) 7
(508.1618349851431,867.3870688226034) 4
(812.9523313525864,158.29067301395582) 9
(928.617540578559,479.19944727747054) 1
(438.7282439948922,353.5837018569178) 2
(834.1901264882177,290.2055508037146) 9
(467.6276597424711,120.18881058382702) 9
(578.4334972948922,381.99511076200776) 4
(21.232811582203137,272.9737715493242) 6
(198.30691275229105,417.18599450274394) 3
(978.4957622283952,303.07965509296497) 3
(582.3003417027917,90.67843128367892) 6
(222.23674865541386,993.4322585361247) 10
(642.9928201260742,360.66128426430066) 6
(500.1793240586295,900.9239996524035) 1
(156.61061447943868,240.451681102703) 6
(919.4730080858682,454.85638764468507) 4
(356.1427559094366,575.2973847933669) 7
(236.66928975458424,272.93621377110065) 2
(660.613689162188,582.3446734081411) 3
(82.9465336198344,23.802143884016246) 7
(97.65193370903414,489.36080558925323) 2
(647.5560874985359,937.8125532648237) 5
(319.07669259466167,255.70958564719538) 10
(813.1869793193167,431.771998781885) 7
(731.6652059399615,354.64592314734557) 1
(360.5220955138889,32.482801462905385) 5
(239.90440650319889,766.3435132982745) 1
(604.1533781355515,717.0882068551495) 5
(75.468077122833,11.624379973601329) 10
(638.2817297056539,171.02680320077368) 4
(962.2188337173908,543.4133168597646) 8
(379.401652458406,778.3411684305249) 1
(536.0924866393776,718.892591272945) 4
(169.41306788511778,187.78813727973542) 8
(398.0529782066862,501.70733955427727) 4
(753.4403561762069,772.8133437219366) 1
(362.9767873537246,263.1860641340286) 5
(787.996950386151,14.04323449231426) 2
(51.78515005238182,399.1818033153988) 7
(388.8881296586546,216.88914134874204) 1
(553.907272299697,444.9016617531377) 3
(106.86187873742814,787.5548125528567) 4
(358.9482254401324,83.74730740389846) 6
(734.3267852914366,69.79061981000979) 4
(578.076479331098,951.6737673521178) 5
(721.0916153224331,536.7309006448183) 3
(198.3646344547073,845.3398919553795) 3
(182.91672472659005,210.986523744466) 4
(188.399947169688,996.3873126682406) 6
(83.13432055272408,24.242018669300535) 2
(27.883887062962522,624.6148006408496) 4
(315.51643878572946,434.715535307599) 6
(42.89304006706707,558.3677918032128) 2
(247.52814589054495,841.5559574986457) 1
(40.05446958427849,630.4901833077683) 1
(361.9296987003463,488.9929008725137) 6
(196.94235612413436,953.303503357286) 1
(657.141107878305,914.0120125984979) 2
(800.5639358335105,48.47543392687037) 1
(344.58814305326837,513.6648932725324) 5
(52.56099122902613,863.5622911060282) 2
(826.6303973996196,495.2130332461988) 7
(690.1687818514316,844.3203237891544) 2
(208.4164685745764,943.0003813386375) 3
(822.7932798160145,939.1936373563823) 1
(618.4971905697341,6.724288110296794) 6
(905.8090117937472,373.31604101447647) 8
(73.93690168240296,144.17970819546932) 7
(173.04057722119083,121.67078804480202) 2
(370.1614985372699,535.241985726941) 5
(461.73583104966906,235.4923081965108) 9
(518.1502664475588,629.3426272609919) 2
(186.82655002962557,739.4553532525294) 8
(534.7628268852387,986.4765626843696) 5
(372.83724350068127,408.54591080783877) 2
(316.3200574021817,583.553665074884) 5
(768.8744797259185,670.1433501734306) 7
(142.36261130892035,376.63153117537274) 9
(337.5123276915739,135.03454325049046) 9
(106.460660344874,879.2956434439151) 9
(882.5283825682785,796.4636485074178) 5
(494.8521299785681,21.35333279086449) 10
(50.810271075420246,900.1506790214117) 10
(918.4718562804923,40.24024743514876) 3
(953.2078693723888,368.95747933200806) 1
(623.7885575464609,556.9990413977777) 1
(865.6446130614579,430.91220798088415) 6
(539.7082704618266,141.6859644693833) 1
(882.8363776436091,845.6230016869715) 10
(815.7590817644799,869.7390985065335) 5
(836.740860560655,60.28253539944106) 9
(606.7987638191892,19.045987558674927) 9
(719.9635424709244,231.98287161946496) 2
(746.3711160497318,346.24716463502136) 2
(370.5133133371328,851.0860741588749) 2
(467.8580749280503,821.2951649522062) 6
(178.01126831938984,886.3230429588843) 9
(261.6870705064449,570.7357732724598) 5
(40.3270240101068,837.9026259769425) 1
(656.3667372920014,911.6921616809352) 7
(312.9422209958439,341.08994175305776) 2
(609.331330094716,331.3390846981517) 4
(949.6362276860477,177.27785902576164) 8
(54.36415079281043,542.1366099000695) 7
(803.9849634728758,900.0053676137798) 9
(719.6642209415722,185.27215985182488) 7
(426.72404666402997,835.1191506898567) 6
