1000 1000
10
(0,0)
23 80
200
(583.9255059609483,345.6566640947105) 6
(489.3103407688393,544.5223222418607) 1
(584.4517398251353,162.3403687042132) 8
(166.35995063095223,508.3864472397097) 5
(330.5956413952039,80.55451320516593) 10
(91.3032326962171,384.13510963946106) 10
(780.5069161807221,869.9604670108275) 10
(354.89707536119994,398.93144973884) 9
(444.0255750297507,772.7568184593134) 10
(538.3537048575396,537.2967913424088) 4
(762.0870604445014,174.5357134361194) 3
(0.7011942349914868,681.026622495441) 6
(834.7324440202838,370.7577718175782) 1
(112.81146335351822,178.44830786694354) 4
(193.00011970743637,532.7980870896854) 9
(478.2171415377019,419.34122278648823) 10
(261.35292837217395,737.7955154893958) 8
(436.81302086654364,35.243720087512976) 4
(432.69963719321333,331.9618886711205) 8
(716.8632173243756,837.7550828300073) 8
(268.2379972095262,897.0415808380825) 2
(179.9491383188243,611.429365788969) 7
(135.34609391299836,483.3515813865521) 7
(463.2390597748364,220.32956254348747) 3
(706.7472929708059,221.67457033023774) 4
(113.68162834360696,901.98829398852) 9
(686.8990868835784,232.2499477975818) 10
(38.82875476128156,307.04762650859516) 4
(586.4875785484583,531.0860879495224) 2
(295.527820335998,401.1833263756134) 9
(592.5659944418883,128.6469910598298) 2
(519.6383149717911,323.5486048315934) 7
(548.3860478979235,235.42844186622992) 8
(902.9662532109992,862.9572283684354) 9
(226.81591480701556,607.4851662194882) 8
(690.5966269863982,829.7037933387202) 6
(957.4697390741145,480.1572338757606) 4
(473.0995766907089,64.6504939402377) 8
(539.203427966958,707.2485192719528) 4
(654.3746570136061,901.9793790329786) 7
(654.1549964374901,123.46733516309361) 3
(160.0566842322505,852.3828727890519) 4
(135.8888031475093,598.5900029918441) 1
(905.4644969874572,474.997154622371) 5
(933.0734229525854,271.39035294508005) 2
(149.62472713702834,960.2401524618707) 3
(106.75636993484349,700.2355788452807) 5
(87.13527761244289,965.4123366416516) 1
(621.3013484931498,558.3573008488295) 1
(672.3705343588307,681.2466849242236) 3
(257.64276930642546,268.0064344970101) 6
(272.69509551139924,165.7000135016038) 9
(101.71227942747763,770.7048458512929) 9
(44.867500733255184,880.8968941535198) 2
(791.6271216003261,768.53303573972) 1
(281.8327198592114,725.9624544964896) 6
(350.76943513883174,784.9737163032668) 3
(745.0648881596663,296.98324418685695) 7
(488.47740422469457,934.3628973995069) 6
(849.4722960893934,326.2195414572611) 1
(549.9053892690729,988.9262765250984) 6
(492.79743925937936,756.8590673945156) 3
(776.39522712246,51.672255121859465) 8
(480.22969519506773,157.83718336239983) 6
(92.24443249578141,512.867278217487) 3
(377.67260707782333,920.2257566584642) 4
(867.272937366919,561.9922194524464) 3
(655.2478370613393,975.2774004801923) 8
(430.24127242781793,166.56219572701414) 5
(854.6936041086077,260.17416420623573) 1
(325.70745405311476,301.6693314822664) 1
(506.78652776077695,441.1728675223515) 3
(314.6036587606207,799.618402033509) 8
(778.7649227156462,322.4869086130895) 1
(226.85008060530555,422.61639453651935) 4
(604.6461673852142,688.7510202963891) 3
(993.6056600047191,928.7472723868755) 10
(82.10286235990016,183.77949973228291) 3
(236.9526614912737,542.05470015721) 3
(584.5389416679538,244.27123971960197) 2
(767.6738237118761,931.0855400925719) 1
(206.72663643883627,983.4305107175894) 6
(371.45808803315697,5.056452164880043) 1
(197.09121743953872,370.7551228781544) 10
(698.132220316955,591.454487879122) 9
(245.2229082818026,110.2285424056394) 7
(90.25030060242467,251.0071012080336) 4
(428.1022936446679,281.6685478239601) 3
(255.11446407295847,272.0322027657406) 4
(451.02405036542746,673.8718114751656) 3
(953.9578127081187,539.111634551618) 8
(295.44421133943047,293.8705563923) 3
(37.516694821626785,447.5009146312866) 10
(407.8237875345735,655.6305702249147) 1
(559.7656339362401,16.496635594517194) 4
(980.6313123563463,432.26564476166374) 4
(793.977439061435,791.9700275459575) 10
(175.20740447231154,489.6490138391898) 1
(280.07078767998684,429.91784578476353) 9
(301.4103529244203,901.7734074936335) 7
(90.15428682386172,271.18484287813203) 8
(771.3287131729979,235.5002120726316) 8
(626.7073241922318,611.1527678359762) 5
(74.46907950120496,991.2575343241183) 1
(889.1122741925489,43.28424813199483) 1
(19.006984662906625,269.0378547405779) 7
(559.2376816414202,928.9937803142573) 9
(228.14989537643714,20.05188781145184) 6
(525.5523069458782,662.6412184779592) 5
(435.49144925727614,21.466391271922845) 5
(707.2380777727814,704.5899093710887) 4
(92.0377034746992,523.5519966659247) 9
(845.6319841016342,245.6168873509852) 9
(813.4668989282565,337.09274553597925) 4
(465.6958628304977,707.3441262676023) 1
(753.4262485734997,22.158624342808796) 9
(445.28946198346995,817.2377075761648) 3
(872.9052071970953,474.88389555404643) 8
(127.50571645161557,300.5733425548913) 1
(606.6102676001643,728.9964037905809) 9
(988.8144554631701,549.1870097544748) 2
(786.4754796549463,847.4942681881067) 7
(220.43870556302892,627.8383802518671) 5
(759.286146883658,220.31542089458011) 8
(498.69332365268406,401.72774525032304) 5
(278.897024996799,40.43763188760585) 8
(525.9766237768729,178.82043962465778) 7
(440.20140985059254,793.3811761413872) 7
(231.60196196507454,791.0578556928343) 7
(742.3953085690798,631.0928024624859) 2
(5.654440050564147,638.1047995638128) 8
(58.795940395633295,45.91524753141996) 10
(953.4637867562799,373.34830248001407) 6
(372.6627979040991,708.8730985585187) 1
(957.2113193887072,677.2329978970049) 5
(482.19498632024573,603.849902746424) 2
(951.6223448423428,55.859463737163885) 2
(131.0149819569605,35.28835704831768) 7
(103.77580986386958,308.2942248665049) 1
(614.1772920824717,342.92402329389336) 4
(19.250598156377418,626.0235257570698) 4
(70.95357215594112,963.085768596474) 10
(165.87956371276903,551.6448052649438) 3
(539.9351243985748,732.7217669079909) 5
(549.4464120045758,277.53385027833235) 3
(75.89691273378685,99.06653569694768) 10
(209.90508304497013,596.8520225275407) 7
(320.139333245511,940.8935477619724) 7
(955.5175259683924,260.1620791223739) 4
(237.17827571701523,960.2268131845462) 7
(8.327096465295615,971.9396632496533) 10
(505.2088320947635,822.0903660499409) 1
(195.97802949237285,283.01894002328044) 6
(200.76255979899838,861.3707055185989) 4
(619.281908340892,493.7570377149141) 4
(326.97004778662244,140.1784007834196) 7
(431.27425135469923,952.3461468603632) 4
(820.1998976868142,949.2277203772131) 5
(546.5772115003783,621.1694181071475) 4
(754.094359317919,905.2721781163347) 8
(256.12978031462586,978.0668899447215) 3
(853.5414169392965,567.8677189866837) 9
(370.2687040624699,793.0051498236257) 9
(688.9341760828136,784.7223739648972) 2
(668.1076322721681,874.5851173751493) 2
(5.042404305313775,956.7235798414338) 8
(324.2707684317837,971.8273518705381) 3
(266.82134390895476,913.7979898504294) 1
(576.2974082867441,329.39531361914044) 9
(855.8579994322399,146.551988240333) 9
(446.76812170232915,116.47947243103607) 3
(879.7450000543727,941.5765028548601) 8
(496.20412097652564,609.7322908481954) 5
(985.8978360544162,530.731132112356) 7
(451.9250277773152,705.5864575406861) 10
(345.4594068251606,144.11375700501839) 7
(140.81557375169618,428.0812787892864) 10
(100.37131262907828,453.1672867901311) 8
(518.1130331145101,887.0482695210662) 1
(479.5211611644995,261.76565690227636) 9
(254.5093712713653,443.63987226748856) 3
(654.5889025850681,909.6720312180705) 6
(266.7199158189254,944.190980022416) 8
(847.112573883346,735.5761240017439) 1
(184.58678213280078,234.35514561725668) 3
(916.4575356717486,565.0630655525528) 3
(988.9273563307781,888.9962037565518) 10
(52.00026867249052,572.2100579045234) 5
(946.8091026246312,780.4215505949079) 1
(761.0648375608034,677.9321141875962) 7
(209.75046490546967,50.66758604373056) 2
(80.34623687223652,775.3719820012623) 10
(827.843080529604,131.2830504236565) 9
(537.3056329815602,379.9368364554665) 4
(490.0625263198381,404.3815948339121) 4
(39.44202113857609,170.76306169931155) 7
(604.5851268386895,977.0200284757848) 7
(308.91582954510324,386.8875334213282) 6
(887.2270606296023,884.2142304528413) 8
(994.0093019989381,922.777905958746) 6
