1000 1000
10
(0,0)
23 80
200
(66.06318494264896,257.74176108192006) 5
(626.3974360729524,550.9394070769686) 8
(901.3231499521547,3.2652277296628673) 10
(602.5023752946673,126.48886650486324) 3
(75.2765959473215,883.1458341458675) 7
(9.633223360675736,810.7709326248596) 2
(72.62095728859663,269.24143181131586) 9
(70.37195442993371,305.469733195045) 8
(311.85953317032886,945.6541414181764) 9
(925.7210866708211,309.85632301857424) 7
(540.3388792882381,791.1443832894495) 8
(502.577191106252,613.5296652258913) 2
(307.0908632722892,256.38591581030926) 3
(24.929018797531622,961.4919205349157) 7
(286.6387855539044,662.731684317736) 10
(662.4178498314532,35.5424885864486) 8
(564.4860508602521,503.2792036299476) 5
(444.6388119286584,473.5680313680911) 6
(799.2484199769121,383.2228047213453) 8
(711.4561760086294,925.2059024300735) 2
(553.831808252706,398.75928550574724) 5
(831.015797921558,586.370023284151) 9
(769.6981579933808,653.1453601767438) 10
(391.7446657761501,327.9431045744606) 5
(719.5709782067985,203.47595685816978) 6
(491.76233786818545,444.3041517083053) 3
(149.01367285406332,233.7085997368551) 3
(706.3978544715327,449.5439563446753) 10
(788.8639170887735,46.429359313764465) 8
(51.814028380530615,441.70082908158014) 10
(504.3731087158141,174.40790628173554) 6
(656.079011737063,799.8496647813985) 2
(759.7394663838462,640.107777993364) 4
(87.09811234227737,238.89565895739406) 4
(888.3771556811245,381.7571987821088) 9
(91.76062048665379,772.5969015206298) 8
(570.5585395849143,772.4509584695014) 6
(88.28183674047474,60.020941718892495) 4
(7.889030115866835,335.0319302125123) 2
(798.833995522241,210.7114594759405) 5
(595.6640835546073,589.2910251506011) 8
(705.0009130772742,389.67033629244594) 3
(564.7930287565106,206.4399861223488) 7
(762.6900734272853,231.69027568716817) 10
(914.856958503442,974.9629332354267) 5
(659.5991142179364,214.64621783060144) 8
(780.5793111831636,379.0425460737872) 8
(321.2709771916111,297.29778074332415) 6
(403.9370409794676,143.28781009003166) 9
(290.6205253302332,218.63849997322615) 3
(983.3293715626627,63.81587131048272) 10
(240.930359924582,881.7217293947276) 9
(55.25783126790462,288.3118677321124) 8
(819.3130529662251,314.0078154911803) 3
(713.6657313045741,867.5379866074347) 1
(590.327395216997,700.9098102949803) 8
(614.5242171713153,483.38866190027596) 7
(362.4638986775247,214.14422416888112) 1
(801.5694774092588,880.808774767576) 4
(569.8634727501154,521.4726404165632) 6
(456.40939899318477,725.4751738959638) 3
(937.195545534937,568.8834715592382) 2
(514.7373251804436,264.2165801003091) 10
(831.1652343257358,480.0328951768552) 5
(523.3109644986705,266.58232669245905) 10
(43.25458356496759,687.7112393818365) 2
(520.8380498202954,322.4315763486295) 2
(183.48015340669645,212.6562623125724) 2
(145.66026386694796,618.4937512431138) 7
(572.5428011919789,418.6636999403337) 5
(455.1303661417925,883.414953186856) 3
(698.9228265831529,374.70452254292286) 3
(29.621116544142566,822.0729689205756) 10
(898.4508988735298,416.0529668370385) 1
(107.54612610437542,765.7074438681665) 6
(133.91536410066195,390.11752213071605) 10
(807.9585739153305,899.0608104617062) 9
(789.4221493358998,867.9878924371652) 1
(512.6689445065614,551.8710618046873) 6
(408.25172779725494,346.75720850478695) 2
(80.66450630338684,605.9164345463633) 5
(638.6673052382374,806.2471466247457) 2
(163.9348939520603,323.6598524731965) 6
(708.3191968287618,478.3672226423129) 2
(654.8048128048301,190.2245054848265) 1
(657.3899202172063,184.31560748525544) 8
(781.2857470797567,221.58534430082787) 10
(850.3859107458599,871.9385014924908) 7
(784.851395613482,231.7499545542848) 5
(455.4820848062483,916.6520038321916) 9
(260.9806493932444,616.0883671196958) 7
(485.001994476186,168.52202903983726) 3
(424.2875220875154,391.52248941105574) 6
(868.3605552561226,125.59759265388936) 4
(747.2553480402157,934.3018880980565) 3
(514.8811431170859,729.6058372596624) 3
(66.37527692566903,104.86516216139997) 7
(524.3397001161125,541.351741479487) 5
(59.24760421617847,306.97151013166234) 9
(503.8616151907678,853.8935514044724) 1
(20.93872984757983,690.0850521987235) 7
(749.7576920713891,910.8766599039351) 6
(791.1954263200008,268.14928566108745) 1
(117.47215491172736,103.75164786220681) 4
(197.644691931968,100.47822471529955) 8
(554.1103391548465,596.5389448216176) 7
(64.89939789856535,607.5252170468061) 2
(354.03288530151747,497.6346824088164) 9
(513.450777119297,665.2056526293397) 5
(676.3096603607662,212.59875920521586) 5
(576.9873662262187,612.186536487478) 7
(72.14741758830345,990.9450997447931) 1
(627.5016669669736,502.68207008498354) 2
(317.14004531147447,520.9639635552852) 5
(577.3122564996576,382.2447940302419) 7
(451.66322390322864,143.0335068618417) 3
(886.3076704946865,333.55211147171514) 5
(69.16684965613096,319.68681955970123) 6
(688.0463795022936,806.051560397039) 1
(228.86036444820346,468.99932914253253) 3
(973.5190183999977,377.79850319388686) 3
(549.9915620741604,624.8785084686847) 4
(212.0152200915377,440.0229999929732) 7
(266.03743051980075,854.3592315685228) 2
(425.61009999334385,669.8709712855596) 2
(454.64315324894244,29.630348754672518) 7
(140.11399835779747,173.79674781218947) 6
(719.3379348074923,395.7102012583057) 1
(134.0445998812837,411.98999901333735) 5
(73.64343474648194,320.6390157783252) 2
(143.7077555423275,493.12452530615) 7
(716.203377115409,515.1334161863119) 6
(501.6987568038206,60.682482987699515) 2
(18.359142037594477,996.2803003212988) 2
(513.8815960903039,338.54048666181734) 7
(205.22041284195768,684.0954071330816) 4
(493.06211378795393,901.9000634575157) 8
(976.9536184371474,666.7415286715203) 7
(773.4361626800977,539.6789758231685) 8
(400.2718642973666,771.4725094251331) 2
(198.53338483161087,389.61211025091944) 7
(245.7692978140833,114.04164996188814) 1
(102.26851468965914,450.0597204787735) 10
(861.5167556987144,328.660971755995) 5
(144.72201624726955,949.4005009561383) 3
(110.56828678474007,210.5064569887467) 10
(619.1547219151046,728.9910932106334) 5
(939.4234312404154,21.514824855413785) 6
(647.1662436824477,556.6704682651309) 3
(656.9760542598053,296.96770860854116) 10
(773.4102411353621,170.2956244074053) 4
(724.7179196635362,771.6322816509246) 5
(846.6256602284892,502.2085561562316) 2
(41.67487970569439,746.361122347385) 7
(372.3500963540983,904.8634639988851) 10
(346.6500404258526,572.9625219890999) 5
(870.1363713688793,681.7074795941747) 7
(444.0236235002899,286.59774479471713) 8
(269.9539478197157,602.214182393031) 10
(543.1869987937954,784.3561378894852) 1
(475.9003078245779,496.6174312191627) 7
(638.7638107372151,663.3177337716736) 4
(635.3132074136369,791.8446696790567) 5
(959.0874048015336,637.4204324417227) 2
(771.5826465031882,911.984245320717) 7
(780.2211260034366,696.2566705646451) 3
(802.1770915618362,149.8293282512858) 9
(614.2277891646436,84.37448409953896) 8
(464.3888357095135,244.79150793182959) 3
(170.83854310443002,732.1964708795979) 10
(463.3707024935804,436.40085215352207) 1
(684.4956763891046,24.454815661653306) 1
(277.88866785535015,116.55294525944315) 4
(291.6849968115721,694.4816240287743) 6
(797.1613543405541,63.985236441326364) 4
(113.70187811524724,509.5757313796746) 5
(966.7090619711412,699.5977176953705) 9
(179.91226860441668,663.3289781376752) 3
(285.0089418137818,544.8227900081631) 8
(678.7277654924892,289.6503064720658) 5
(948.3349221748892,193.39444132292104) 5
(249.55097452031515,154.16191204983298) 1
(442.0993089118364,54.29689611564703) 9
(530.866197430287,756.5550664624233) 2
(779.6263215836202,515.4187198077882) 4
(214.09489631760502,40.322426532474864) 8
(698.8608714953655,631.9189232373589) 2
(107.55696277481574,418.48287869848986) 8
(468.82032686037564,193.89628742710806) 3
(984.0790139959017,908.5395025422529) 3
(680.180363120318,345.23442669475725) 7
(79.30803123499697,922.6777340833008) 10
(181.67086946276646,208.39964517571084) 2
(353.45864672256744,935.4943906892697) 3
(569.1954543202687,528.6927437304685) 6
(447.43230435210035,214.93911221993721) 4
(691.9231252814218,795.4631440152295) 1
(35.971899246141305,293.9105463041483) 4
(804.1866917350377,729.8034346948166) 3
(695.382368598902,647.8937590817019) 1
