1000 1000
10
(0,0)
23 80
200
(684.5613377730613,924.1179752124261) 5
(620.5713659097094,122.44967159822639) 8
(409.029622293261,567.0582886214038) 5
(340.4411344277093,666.9095981685213) 9
(30.144688546729693,233.71817411019734) 5
(575.2857982854891,177.29358925690607) 4
(711.281924581881,954.3494863541099) 8
(319.4864761026517,535.2798131805081) 6
(381.2489370570924,293.8313661784671) 9
(794.3550074560337,819.0083536072696) 3
(201.16835577291093,912.130084968307) 10
(898.6593624763834,815.090323674045) 2
(82.88133857309165,127.63333930126586) 5
(609.740069680245,253.7963699413801) 5
(462.9490250347571,288.3274227197735) 8
(211.89309586600558,470.0970318486625) 5
(326.3142159043546,177.72731540017983) 7
(6.156607295937921,442.4516074508463) 9
(945.2686702715175,746.9035934861889) 1
(260.2938187092124,813.3683675286163) 3
(673.9796640206191,342.9993545325518) 5
(780.5109152450043,849.1116243278682) 5
(639.0661423380568,781.1093292947126) 4
(527.8446840067375,139.91062903940167) 8
(764.7480701898128,725.9731484568595) 5
(270.5969063636744,585.4277572560449) 9
(239.28868390651024,471.9444320655952) 2
(566.9640116850301,245.4624862135567) 8
(815.582837262793,590.9869172456511) 3
(752.3894968923921,27.929673480300067) 1
(302.0053666649457,830.8159048472478) 8
(682.3674933523536,696.054727701996) 8
(113.67456779281682,773.1753813531461) 6
(714.9560708970328,487.5482805621487) 2
(321.01062844494663,50.71678562949033) 10
(136.24786162253687,840.365468445496) 8
(873.276203637364,126.81427214826601) 10
(349.6062994039651,529.5178551372182) 4
(262.0020314743001,258.16688282776744) 6
(392.43042437023,128.6875456974925) 3
(873.9761600539849,728.9239222153013) 5
(184.54535472083722,531.4389432186622) 4
(200.63456525984626,899.9017664455505) 4
(843.7483475721123,518.7640685080313) 1
(226.5424117666358,369.0743940680332) 8
(566.561172881982,14.713956153893925) 5
(309.3135045032617,464.75520524218985) 3
(421.40523025313394,962.2813561570487) 7
(652.5162258298136,195.78732815204592) 1
(962.0497028852121,537.3698806310188) 2
(400.8933568561979,632.7780938849608) 3
(938.3885370131306,504.76509598677865) 4
(154.00364743187012,763.3717505219769) 5
(869.5717097305652,325.2913785904025) 2
(487.4056895139689,85.21920179571151) 9
(742.1807936305637,180.34754189475055) 7
(655.7926354612598,305.79625040036007) 10
(318.16216110333437,857.6889287043247) 10
(849.2816303022286,727.8733352655861) 2
(306.7134952748931,673.0209302248608) 2
(51.23926294535042,567.1956762727093) 1
(647.4942872146206,527.4766626906601) 10
(411.42861865416324,612.6512549837809) 3
(374.07933848822296,746.1411167746691) 4
(445.08334278568685,25.202820644790958) 1
(352.11413510830937,119.00303175337213) 3
(701.0828073337719,846.7869175762324) 7
(891.9218012887055,546.4299633385154) 2
(139.51887140424734,541.683030284182) 10
(188.73554335644693,302.28476273889925) 5
(236.85103404967322,79.34611733752395) 4
(280.6424765232519,276.12080328601684) 7
(325.39777142774585,551.1723725093635) 8
(187.8279129047946,945.3974701118791) 5
(61.354744999712054,599.0696437724475) 7
(745.7380643584112,76.01039513133246) 10
(328.5563717889757,474.6025602794239) 5
(950.8646867695036,146.1179314963419) 3
(987.7393996148169,638.2265062806337) 4
(141.20583442091817,74.13464507637191) 6
(511.1414824693425,613.6161876701233) 2
(957.4531156619136,255.91295588282503) 1
(322.93153378060293,862.9340667371991) 6
(597.8270450267903,818.0622008279377) 3
(25.439914030691234,839.7012712783024) 6
(213.06345985037112,714.9939097665443) 1
(370.13439250995873,261.8958121852044) 3
(591.2000173956627,678.3283717333605) 4
(161.59823519728556,956.320368384408) 9
(648.9907197954532,937.5687467952363) 5
(132.95856856161248,67.82927058364297) 5
(710.4684130652951,582.9996901958596) 3
(916.2162798233485,601.1298612029881) 7
(123.68600979469701,524.0328267320211) 1
(6.66026923633678,741.1176550898005) 8
(153.62250979612656,122.16622262467747) 8
(460.05736063468885,488.34278378083343) 3
(754.2160246087146,604.0989261101553) 1
(968.7662284537669,438.7758680510872) 1
(853.0069295714135,81.48078663237924) 9
(664.255035105841,864.322510489704) 8
(863.2118702102839,427.16958850588037) 10
(966.9558789230745,707.2163238377165) 9
(913.0259906100486,473.67618346027916) 4
(145.49932820172273,367.6189158717817) 5
(80.866664118177,383.4316053829798) 8
(671.7700847758528,998.4388582716085) 10
(584.3060279988084,791.6033451222896) 10
(576.0712911615245,688.2708952716404) 6
(945.3421603715699,103.05855979271806) 4
(738.2261443241882,722.5641335403595) 7
(322.7791715431928,357.18858722940337) 7
(467.99261418099525,316.3731412836889) 3
(588.7078934140272,772.5638862194626) 2
(445.32977086885495,406.1504110870876) 2
(840.8121954035721,461.2619904166958) 10
(617.9395585850815,280.610100694221) 3
(256.62261298131364,667.6397916051288) 2
(194.90426986388553,755.4886310482971) 2
(411.337545161642,464.90927102735355) 3
(308.94704772295535,788.6269217088449) 5
(500.2669424828069,160.2947948447039) 9
(441.62091668804646,636.4405325375014) 6
(94.25716506497506,11.734316001670964) 2
(943.7294177442207,73.54007185363132) 3
(440.63233526853475,451.8668690289337) 9
(537.0076632469535,957.5005685313988) 10
(363.2291260377327,825.1922203018528) 3
(763.6471674469948,247.42078425351866) 10
(268.2007862093237,520.8040134401217) 9
(359.55791892711665,978.7444167213322) 7
(966.311320372694,244.43410031496592) 2
(975.5359195377923,374.9916223347137) 4
(573.872030650284,426.6304325432545) 5
(465.5656091177205,381.3578861698955) 7
(112.37592173743927,224.06485212470074) 4
(189.54784918930633,743.1494996355563) 8
(979.149165610402,597.0625112778048) 10
(151.9398977166564,146.24669223879906) 4
(716.5812993771517,979.0677561261875) 2
(72.30220195371307,678.5215233906156) 1
(952.3971205013056,983.9377705949194) 6
(451.833103520499,8.293580831020275) 5
(132.15437614625068,597.4914966671165) 10
(643.7298942453114,939.8664634620676) 4
(603.281491281111,698.6848723226674) 5
(380.4107523092677,343.8626091674276) 6
(556.322469576018,777.9276444493679) 3
(991.1751801480821,987.2892666640178) 4
(63.41453519692508,446.2383407114845) 1
(780.1284602070896,275.0044240192454) 8
(241.04433024673955,713.4587671217447) 3
(396.5272570380124,619.2411748647529) 4
(31.38471109901786,711.0999945273039) 8
(185.85809286363087,58.64672321892572) 1
(545.4328278256932,454.1749653571967) 6
(864.4044738989547,836.8559452940577) 3
(63.00875159219721,803.8489104770138) 7
(470.33226853036115,499.99082762925883) 9
(972.2872763976983,390.20515291704726) 10
(551.6871847863066,557.0678594675161) 7
(988.7027242679495,283.4068221459678) 2
(383.6416175564219,787.4621694427817) 2
(964.8811395749069,722.8154813492782) 9
(563.9032627852836,506.2650840094961) 4
(769.2692884989797,550.9804438197275) 2
(390.6390529732575,884.7408329091049) 8
(453.7126889223527,518.7991484665442) 9
(283.26090469838084,314.76860168276534) 5
(934.9987088242793,924.9009450175446) 1
(736.612450280959,374.52964235158845) 4
(383.59834851290043,169.0644086129648) 5
(259.6287591504336,893.1995824700346) 4
(692.9501044899646,933.0759659109741) 7
(914.8290836351026,588.2647145207329) 9
(559.3691140150031,332.67275604864165) 6
(955.2367287171144,67.00687644880432) 7
(253.56971136360417,857.6041403417134) 4
(728.8344876236887,448.54543265114364) 2
(730.9071155641828,19.47911114156331) 1
(7.578701900947782,185.37882093265935) 2
(284.2550077737006,525.96000829518) 7
(46.62955915776878,156.41752781725003) 8
(721.1105255188727,739.6099343855012) 3
(146.5954929161969,968.9381237929288) 7
(470.82074274549956,275.15710536785053) 7
(52.91245643097575,162.87260059997465) 9
(162.40512494250802,216.08038547121234) 10
(620.474729921051,483.647026370186) 2
(193.40664588604696,721.8402928847859) 6
(563.4582358885417,375.162226514393) 8
(378.5341835021033,493.3358790041147) 3
(776.3473069012553,346.84387134623296) 8
(790.5494792232835,462.8880762982338) 4
(747.4244956831761,412.98878601453504) 2
(858.7897479259606,983.101154985864) 3
(572.6410342800389,607.8912188204835) 2
(565.9744626102778,294.3452623798531) 5
(509.63755166779004,708.026381830923) 7
(12.325654329964685,635.9614948959937) 4
