1000 1000
10
(0,0)
23 80
200
(630.6635791565997,565.8035038624356) 2
(479.1880258930794,734.2936202207659) 8
(222.72676736359742,423.5069162404781) 4
(729.8395310383183,477.70281630119393) 10
(38.78610171630703,55.309047668127384) 9
(612.7732924318134,995.8705379720463) 3
(541.6734017889759,353.4349855167143) 10
(670.7050451433241,569.5651904849016) 6
(508.1728654645831,490.9092548663524) 6
(975.0554557439074,73.67055031005253) 9
(632.6479637500116,54.52743407798999) 8
(933.5395038831022,271.08718538315844) 8
(142.70305813493235,163.49795190081795) 7
(788.6720002368567,733.986011264295) 8
(145.30841174503806,532.8335745999516) 2
(199.80803179388516,803.1807990593514) 8
(558.6383074912121,483.3228516002276) 8
(99.00243923368701,748.2643297170404) 4
(119.33484547047624,758.311912822097) 8
(818.046036333225,140.22889539794537) 3
(256.0035471091608,604.2976974225431) 2
(629.3948038253473,551.5147956650393) 3
(790.1657705269424,51.61627099543487) 2
(286.32613220576917,187.01074078359315) 9
(25.79224955515913,532.5126640466672) 10
(460.43811513413823,47.52850294499389) 10
(692.0048045964007,864.79346492781) 2
(991.6242687716676,500.6087418952146) 3
(504.44356642390863,4.874942521809866) 7
(520.0810193337868,409.5434011804493) 6
(144.81649357037375,907.5442739717251) 8
(59.87886444720048,443.03720840417236) 8
(813.488082962721,138.30959701077583) 3
(716.9410941086645,814.4471417130553) 7
(431.338817186263,134.75819432221746) 2
(949.530539962646,138.5749036253816) 3
(164.01432960928886,882.6415706536515) 10
(200.43698475265703,103.81162130387477) 9
(223.829651660586,489.0945758993077) 8
(198.88298951098804,784.8304751164732) 3
(375.33695555103,236.36984654813008) 4
(897.8600575419217,535.5740467154274) 5
(331.39340568265374,748.7776059832189) 2
(131.14053317598297,309.8910786116266) 1
(669.6779675151454,861.0253605523525) 10
(691.5663904043012,916.0230276729659) 7
(326.71162143406775,564.1867410966072) 7
(900.5337236883532,143.06694527642628) 6
(389.87845190246253,525.1372702486544) 3
(563.3211903106569,889.7373423333371) 10
(886.7045813835252,712.7666447027337) 4
(407.62844734176963,790.7321273618305) 5
(653.9523509912962,244.38646709398438) 3
(594.3358312190862,950.7253597224638) 1
(290.98924848449934,905.4781374341013) 9
(50.573483682242795,23.34946371506841) 7
(959.9899074885044,573.6323061088874) 4
(835.4484123598405,953.6848510683863) 3
(594.9536381067333,85.30361764962524) 1
(647.7261073783216,554.943250758702) 4
(121.49820583724413,261.15383502306423) 5
(573.8344702273694,819.2163280493803) 5
(819.5341979208722,842.5829610865084) 6
(544.5391104428116,382.27425313728156) 3
(967.623160970982,974.0452598518859) 3
(48.517168642759565,782.8406158707423) 7
(961.85240630833,454.07110091648394) 8
(678.7717361946493,416.73851289270425) 10
(762.6696554089677,97.73786104759863) 10
(946.4663106662235,4.4480029220757) 2
(217.9717553670757,933.754141647158) 3
(567.1843420234461,791.1332550111863) 2
(633.5517611614379,642.6299169588696) 8
(205.37307256072356,822.8435477139493) 6
(154.92090878901686,184.34887069014684) 6
(184.99787556816383,83.54130458689413) 1
(754.956172660401,686.0127187073211) 8
(350.0809153409562,744.8497210494271) 1
(736.1144115270902,639.656951363066) 8
(211.47129427806988,971.5523115400267) 9
(265.36702592411353,376.3658753114215) 2
(808.2892115870815,780.3503226321873) 6
(643.3781753225891,413.6097624680153) 10
(214.8844162692366,408.3963557571121) 6
(819.8890102285445,998.6619510994035) 4
(307.06843608017266,620.2542911519942) 6
(51.87000296303657,859.9680179675161) 9
(325.94369790288766,76.78647170389574) 8
(91.14035472215032,111.37772310445904) 3
(533.6751827960395,184.5775115590459) 1
(122.39365670639812,170.8527354011663) 9
(654.7768240085037,134.6247058618739) 7
(22.863417192776847,929.8598511609976) 6
(77.47664809055533,177.06507784958214) 3
(930.7673913835745,492.6034163458446) 6
(730.9497299231201,515.4919040253361) 3
(226.10303924494713,526.9335920219172) 8
(144.03267694927104,398.6330975258776) 6
(547.2297350931834,811.8360773542587) 9
(117.01551468979487,91.446351718671) 1
(841.5579512220011,498.9112417258953) 1
(571.1778726242686,414.52133403911984) 6
(360.6466044990304,668.6831871314236) 1
(517.1620963116989,711.0274216137744) 7
(641.7000945417693,374.8680843351926) 10
(207.30648428795286,418.62250471091033) 8
(642.4824197563883,710.1993234586396) 5
(495.6668665002131,691.6035333587565) 9
(5.685600448607331,828.870941978696) 4
(418.22743410619154,199.50420805745318) 8
(735.9212304884812,5.704614053200552) 10
(334.4781735935314,826.0459175465113) 6
(147.23572649569394,568.7641150888678) 4
(423.6063127706381,703.1990442634174) 7
(923.9833263366144,726.9394822635056) 9
(942.4953532137833,15.175402827409812) 7
(948.2908222770152,332.10983188287213) 4
(686.095186776958,337.3579011047534) 10
(475.0918027829669,791.2904370781345) 10
(417.68180715428684,881.3758514702191) 10
(742.0052791504273,949.7980211524682) 5
(165.71397558736334,313.47459171857184) 3
(824.8212709671217,489.7053392445715) 2
(183.4263733988458,583.964576824742) 6
(841.9209638442733,930.6415697647996) 4
(983.0670238425121,649.3967645556712) 9
(638.954480949476,38.67805288195048) 2
(231.51222770154368,836.3802339820282) 4
(761.0481125347327,812.989151271766) 2
(408.27901243786255,52.93260612481432) 1
(503.70725233877954,21.390400164693624) 2
(190.28339290209084,78.29136620929089) 8
(126.22718997076632,269.4885425129214) 6
(121.5425386140423,215.5880486158721) 8
(73.3081505091423,436.993788876344) 3
(542.9764811296342,178.34551144750975) 6
(229.81894158111527,276.047326731111) 9
(577.2987372582156,63.083977636769205) 6
(312.7732073339769,517.1671297957288) 9
(170.93446415417978,941.2433799181368) 7
(197.64230019751705,658.8146236011529) 3
(240.5121219524834,51.843553774539416) 8
(109.93579807548792,725.8029556845167) 2
(67.78931779117758,615.5877937354592) 4
(818.6750668797097,612.4040778780635) 3
(645.4870488713086,381.83964870003206) 10
(526.7153053983526,885.6347202313771) 3
(747.7399343134342,744.3127025466009) 6
(804.7804895912137,843.9866376440369) 1
(495.8102524569219,719.0696595130082) 5
(531.0690205205317,424.19067292788316) 8
(215.21219526504964,734.1295583027553) 10
(5.323573942375703,733.6847966828083) 4
(634.8763108838515,296.21142658636165) 7
(837.5778896146248,144.00182876428792) 5
(512.0997489470616,5.945066320540593) 9
(137.42127770800627,605.2105787703395) 5
(934.0190291766505,431.25250075084944) 2
(643.117663743811,257.36139371800823) 4
(241.52877708035746,732.3850775100342) 4
(73.41144451916793,821.6718595559968) 3
(998.6621441617154,339.59235529095156) 7
(320.3010423330822,899.0390403348141) 5
(291.83387502385307,858.7484332637592) 4
(629.5537167522267,587.6661747045574) 4
(884.1521716908718,920.9600319306044) 10
(34.50097792497409,445.8234607457716) 9
(513.2764612353084,761.7863969274068) 2
(15.393001459394373,49.93882144481066) 10
(24.18663397126075,717.626597004102) 9
(505.96155619125074,645.479172684955) 6
(314.5382895206756,146.8603951401345) 2
(472.8876604195513,34.9572355306208) 6
(185.3784201270562,824.1642427224256) 1
(422.73747001282936,265.0008258693323) 3
(153.63599459975708,720.9176754285488) 3
(98.22271203714617,741.2733080598209) 3
(878.2659361852102,914.5212669426932) 10
(605.8422836966322,471.87272493128376) 3
(42.79107649534131,770.8634953759966) 6
(736.7830334218605,519.2788799415317) 2
(848.4579555944526,650.233528925794) 2
(116.85149850166499,108.66213772822175) 1
(763.6389471999876,409.8000611831987) 4
(312.52093810758544,817.5541281056126) 7
(428.079136427886,978.044538506004) 10
(52.11944676121804,8.299136784951532) 7
(836.1837816355842,756.8448296719291) 4
(239.0292406237631,329.3536111835842) 8
(265.46476610536797,558.8820962499175) 6
(937.11271924364,778.6501681647915) 4
(397.8756750855948,109.91214825199359) 1
(586.3592750025126,368.581946313556) 7
(8.34243010286151,56.39421399570998) 8
(150.35873465776172,379.3181997175431) 8
(340.7264277025707,218.85224064600496) 5
(102.85035901267115,4.622518954637167) 10
(823.324850548136,909.8011702453429) 5
(934.9803659710744,803.2029084053777) 2
(75.46540556924408,419.896773903563) 4
