1000 1000
10
(0,0)
23 80
200
(246.64652615022652,752.4899507092001) 6
(576.4487531186148,883.4782343376137) 7
(398.72755401680627,192.3529305768734) 6
(993.4917125980611,880.9834917449947) 8
(278.15959672718105,182.5530106354526) 10
(25.22190600952767,264.89490521397) 10
(620.3022681915143,819.9574733193665) 6
(686.2717947241779,430.675665032922) 6
(154.55034718818428,914.2434138342925) 3
(478.11801253037146,337.5752535496872) 3
(595.7255316709741,29.329761294312306) 10
(337.099557550127,938.6629051828464) 6
(951.0821188067705,208.882255583939) 5
(410.23974575495305,533.1690354644734) 9
(463.1372847041387,366.1866060587726) 9
(263.18268531837754,727.49847197344) 2
(864.8069275327667,698.8730302058757) 3
(873.7437670491616,701.3742300073665) 10
(184.66408272271784,998.4506660920501) 1
(676.0702887158013,346.52821747689455) 7
(176.35955654180157,52.78100696867016) 2
(229.68126463871286,990.7551655172803) 7
(771.0830406725993,894.496555174757) 9
(96.6353513443926,438.28923607137517) 4
(982.7605261529787,300.4191620578054) 1
(949.1357557650225,871.8132622995707) 10
(111.9606534562868,347.8420804229565) 4
(55.05841812465573,751.9957604470078) 3
(790.2857288779641,123.47360790790462) 9
(145.6811909815997,206.5948212721642) 6
(37.281480720385616,353.68345010340573) 4
(550.8155001023192,179.27897662386815) 9
(578.7020918083206,591.771645604603) 9
(394.08090823219624,614.7061710308503) 1
(785.1813602634943,446.72577389844383) 10
(705.7356869716612,542.2756913351074) 4
(42.23140199350173,935.1128753116498) 2
(320.55025069009156,63.639636670806965) 1
(349.5714616519135,14.874334020648195) 8
(372.9261593031975,840.6598237412325) 6
(807.4267381029957,998.9199950056376) 10
(458.27699510651007,864.5932138191258) 7
(330.11212098751463,195.80360271653984) 5
(710.3149715194123,4.994634668180509) 4
(390.1924093263621,380.6810282572088) 4
(408.5768282958151,951.4509517236412) 6
(626.1428991260436,697.0291432630437) 8
(912.3424145427921,277.69862476337124) 4
(459.19052827285645,275.43183946518843) 2
(444.68267310262274,372.2361345748203) 5
(787.7856344944373,360.2141493457377) 3
(824.1414875749142,739.049243713046) 8
(700.6047793462463,726.5582946771186) 8
(138.22200419854457,205.70546644208122) 5
(567.3641526240636,656.6754606237039) 3
(667.1455185417202,196.51482577981227) 5
(901.8893539480495,274.8908077237271) 4
(148.43463867104757,582.4070908554523) 2
(617.6333210917352,137.70613609938763) 3
(145.35309271825813,318.79037294830124) 10
(689.1833478996615,729.7533719309321) 3
(615.0654023763122,179.03411618623545) 3
(385.5547636449299,770.429292236311) 5
(252.54672708191194,467.99922478088064) 9
(633.0541892977717,951.7710753444026) 10
(746.4271703966671,759.5353084397199) 8
(125.23836631583308,709.2373522312771) 4
(188.7236884013075,452.4866934195647) 10
(478.4405706981939,231.660672176056) 10
(100.0454103535574,931.0656206068596) 2
(285.51058146999543,163.02690714518386) 4
(151.0699330743329,957.367080045971) 2
(147.9380408186659,392.3349441262752) 9
(869.8082126996628,591.0543495022707) 7
(370.319139414474,268.6723492003128) 3
(147.08464280582123,490.55033018585567) 4
(123.69237180272808,640.427932026765) 9
(271.77106342351175,229.16969367640127) 8
(814.8496770420676,75.18733706575598) 7
(273.5410674211827,965.7312905710825) 10
(96.75971357603873,881.3973328442294) 2
(576.6619745206511,845.8101780853339) 1
(686.3600236093371,113.63296830907154) 7
(363.01105910370234,681.2517720375203) 5
(508.9861589097996,450.3795090573356) 5
(139.31053057670084,721.5142987346395) 10
(724.6610842235834,631.5666016626511) 6
(417.48145079216124,328.980719785871) 3
(720.0885635307312,963.1028185133385) 4
(706.5373715439687,622.4253417464714) 1
(322.6569596650665,159.47741222982404) 3
(951.8389762000207,455.00508307495824) 5
(688.637627165237,970.8503051558072) 5
(197.79936981423342,359.00271810479734) 9
(128.13035622082424,656.8036965056176) 2
(747.7654718153241,423.08727706072636) 5
(570.2062424945966,0.5076484315874596) 8
(493.9531707786501,242.64173223647856) 9
(694.7577903227498,385.1148032294799) 4
(654.1660804718006,480.97283265500033) 10
(931.5567463312974,681.9467951902008) 6
(138.04621582906907,542.7537661487758) 6
(992.668346170882,54.3201025689164) 9
(485.4394761885138,7.776273364922148) 10
(266.21910610973123,74.47091491169333) 4
(217.29841547877317,190.12566880031844) 2
(194.74637087425873,735.9045120245094) 3
(921.2999967444382,196.21033480209582) 10
(800.6922464404346,238.81725055726523) 3
(867.1174286025662,635.5348028532659) 7
(366.18498693350244,287.9419808865199) 7
(787.6324619418031,121.67254442220121) 3
(624.7070824569842,969.8386889072932) 3
(36.19814300307211,356.79589114135644) 1
(512.4802178811201,864.1820811013894) 4
(940.1067893944258,413.96316908218) 1
(691.8800867907888,662.8833051323702) 8
(575.7089367585779,623.1626651158329) 10
(762.5853384634825,584.1978379225178) 5
(559.0636340582735,967.8977407796278) 8
(174.71023709316046,179.87224984484362) 5
(147.97470559615377,289.69941543589783) 2
(520.4134753169436,820.2312153955927) 7
(71.5543268064679,771.5544707749438) 10
(863.3870550205055,305.40907505138637) 7
(888.6171854737039,753.7395522587054) 4
(7.628610252535029,508.4283742662253) 6
(103.62148922400527,689.8089618927702) 7
(666.9229701772846,443.26219280363864) 8
(945.1000151690486,417.5779565367409) 8
(657.5356662394117,182.22813476903488) 8
(824.8727624541282,618.6024620560438) 9
(701.3259607521187,525.4965878225231) 5
(753.6130181226395,314.25936310568557) 6
(556.1920005929964,285.15524198839194) 7
(548.6865376546789,489.99021206779645) 4
(522.5249769577584,375.62976604652977) 4
(262.52160947048185,813.3850987925397) 4
(564.2369829797184,59.86063808744546) 5
(738.9504175162243,82.35473345878685) 6
(752.7962424691984,660.1129310727842) 9
(93.09171565632923,405.0354751260139) 2
(163.99737398685588,280.0893118451107) 10
(326.4974349182027,275.8949407208066) 5
(648.620605896049,729.0834898059671) 3
(964.3060845223906,629.075264164262) 6
(580.6456066778143,749.7545566264425) 2
(611.0325531578741,894.4283211008579) 1
(537.6243362703794,187.58504253511467) 8
(147.67571331418304,144.09771563078476) 10
(748.2626680270776,402.5002710658061) 3
(361.29657152203123,564.8668501184986) 1
(568.4293566980696,592.6245964353408) 1
(409.07400552056873,252.76668475169916) 10
(508.7116818264946,117.25272819864207) 8
(725.0292170709266,570.0808581829251) 2
(27.336134186907614,144.00387091382362) 5
(812.2286175812054,328.2824283706013) 7
(911.4874045338822,377.7286862118929) 8
(899.6577302080032,572.666534747618) 8
(86.35228960251584,886.099123711038) 5
(681.081131791972,978.7396452369329) 4
(930.8367467262925,273.03981469122084) 7
(156.6468446392153,81.05941173556275) 9
(278.97664579821793,774.1860203478244) 6
(460.76288253550337,618.200477082919) 8
(6.385040519764629,204.41020556450795) 8
(242.211590268249,484.7329243313657) 1
(993.3277366499236,349.3652464699775) 3
(164.60355225336176,844.8705989484281) 3
(781.0323648735726,846.9751427967328) 5
(970.126295972139,854.3467416910229) 7
(233.1012221139215,854.6839030382113) 9
(325.8747426940336,124.21920316120027) 3
(425.7757962598081,865.9822029033563) 3
(429.1466706114543,805.0996019704124) 6
(712.9459356680355,497.1532585372177) 7
(699.6936420852034,635.2432728973403) 10
(609.9157411592452,199.25102059520472) 9
(369.1593443960427,406.0465691953623) 1
(524.0899499183627,219.08283713914943) 6
(981.5657246527701,650.0746228482997) 1
(694.3295626413907,399.9041373809321) 5
(342.47550313156296,349.3622463080179) 9
(879.2099118664139,709.1016524205194) 7
(29.99073832243637,911.0581127498597) 5
(857.638977491162,322.41940073220087) 2
(107.4814009714975,976.3616055405354) 8
(848.0264175435689,992.8855298884773) 5
(948.5192384281632,30.47215956899507) 2
(507.7953286721375,177.10873286697205) 6
(382.4153558677399,334.90203373706805) 10
(121.11380148844997,256.48608689937237) 6
(513.855520913972,240.34647988057478) 9
(598.4588456245497,756.3794014514245) 1
(325.5767088525675,140.1734967108238) 1
(242.71638298694452,248.03456694609883) 8
(478.31731995827556,336.2741760952842) 1
(183.15557725279862,66.68550142719532) 7
(47.48576165325058,344.51216220380996) 7
