1000 1000
10
(0,0)
23 80
200
(353.27091903930295,702.156128355025) 4
(161.93261087544707,217.5579250371239) 4
(224.05330230573074,336.9447065933023) 2
(972.2445553565016,253.63484091571408) 2
(138.13826455384748,94.6932561802053) 9
(873.7651639514532,177.19654632747128) 6
(558.9544100690415,485.8625684356158) 5
(32.419117247606486,407.66886087055343) 1
(922.5373148548526,197.4913714071538) 3
(309.2771137550739,343.7612126598558) 6
(995.5911085979544,16.863254970426624) 8
(684.0628930101096,150.54092573128298) 5
(836.6668941692611,700.0711387486997) 6
(735.5464339404014,332.88782859893894) 9
(269.95984727177256,607.427759817773) 7
(37.55613316571748,652.7778015368949) 9
(804.0661935320812,880.3409312032956) 6
(847.2267183974857,773.857109713324) 6
(99.46559951020717,432.99038186575166) 6
(124.37579574372948,801.7293088958662) 2
(426.94838083478203,718.3649396562295) 5
(545.6319741672045,672.6987348625723) 9
(587.9422982358916,171.44186369654602) 3
(771.731765433778,390.2170088127133) 6
(28.617755530969013,335.16751196392045) 4
(860.3800110030162,697.1590097453275) 1
(151.2743949872648,946.2441751115127) 8
(227.2215346486376,601.3029374310638) 8
(20.604755163558753,789.0558780999609) 4
(591.929117373883,898.8288930115689) 1
(105.59822498751392,561.8654742499674) 8
(858.5643164696188,849.4317419414011) 2
(298.8188855207531,32.72777661727899) 3
(713.7645750870261,715.9794342304813) 5
(841.0472692304377,574.8373076291241) 1
(549.4243170714367,855.4043559196924) 4
(355.30631282678405,544.463795551198) 8
(149.6984825787876,69.26778154050362) 9
(332.2654025981945,906.4370344107842) 10
(985.6266303564418,331.76663269513006) 8
(959.6162757880968,350.1348839039113) 3
(68.54594450076512,914.368056737757) 5
(106.2202589143686,698.6702235497637) 5
(189.56605761420997,747.8249417097874) 7
(740.5867569756313,650.0344774641217) 8
(435.7109819421068,74.58932863227874) 1
(617.329639256212,809.3304914022513) 3
(214.33958099909867,990.0447235008224) 2
(632.8717035370876,736.3899745254811) 10
(488.18517390188475,899.9569471318277) 4
(60.1753761823749,132.91856727706696) 4
(443.32803707583133,111.05320124459028) 6
(64.03416230086034,541.2462846080672) 1
(529.8820078938891,592.6574536729054) 5
(775.9182158308018,447.93665318685294) 7
(580.4925920589611,180.67176491620606) 10
(375.7467667478738,463.73570949913477) 8
(855.1032144280181,869.3653503563256) 8
(937.0655698132218,438.0688338112935) 4
(505.72884157555177,161.6872253592322) 1
(556.19690427548,335.94098324218066) 7
(172.4403678899409,608.1691792791305) 5
(162.67106256571873,661.3017570004242) 8
(145.0299964773384,994.4142253158005) 1
(497.9278382626713,452.01744124808585) 10
(758.4447230315715,321.83381244772227) 5
(810.1151812220486,639.0866305991563) 3
(130.54757427650276,729.543303439826) 6
(841.3603676729973,171.13080378586508) 3
(777.0764373041743,816.569695947874) 1
(776.920728936764,156.11735935487258) 9
(645.1451738138321,759.2156203392685) 3
(819.2386213238135,945.1795943460148) 9
(218.5513405117221,723.9799060063311) 5
(372.60042479524793,396.60179691839636) 4
(170.3419331490319,360.10427496814935) 10
(267.7736078010711,52.238809206895496) 1
(386.68208252183246,428.72084623912485) 10
(0.4864602888751124,438.4035623178531) 2
(880.3571152360893,429.20215338118936) 9
(751.5203152585121,411.06171168402796) 6
(798.9174802965567,788.7731231808028) 4
(35.95832356043027,46.455702001818366) 8
(567.3244707546564,306.11957640351704) 6
(117.40075151765028,606.1291511059621) 4
(443.4680318525066,580.7388829854665) 4
(565.5605259928143,379.08185235043754) 10
(437.2405352412989,834.1522785540711) 3
(757.4879857364464,872.2575828672723) 5
(946.5892178284028,555.032229408604) 6
(82.17221548941855,322.41582635324806) 4
(846.2538396887084,271.5351802484911) 6
(456.5305477037924,166.6308276007532) 8
(848.3659592331078,383.5722165391714) 5
(697.2639783896561,194.0990536085475) 2
(183.36920420283366,361.43641254963785) 9
(603.2144800571153,521.3745125875909) 9
(728.7154771708101,889.0745840144317) 2
(214.8165549026513,253.9578757689982) 4
(944.7485850169952,321.4126704014073) 9
(244.68645152252955,756.3163977812106) 9
(697.943657293049,991.9734848944026) 7
(357.3368258930102,766.0837747361948) 10
(462.5641087220446,858.1626362197861) 7
(486.3992358289292,22.968175563871874) 2
(993.2706693235706,230.11228367539726) 7
(256.3632481252246,511.4463215999023) 6
(183.18405185014674,952.4120290773827) 6
(560.2620759248697,957.5054806266465) 7
(297.8029509005461,211.76633346698893) 4
(343.27166137027297,327.5793269563549) 7
(112.04356112891212,940.257286767076) 5
(110.31731644607557,141.21133511151186) 4
(866.3541192124112,821.5880763011767) 9
(784.424543705434,409.78966693896314) 9
(69.13622872399183,398.1743295005291) 5
(201.34143390800585,75.86066506152966) 6
(807.0768943181923,781.5184953620222) 7
(914.3942840400025,89.09449217472587) 5
(180.20396794896067,196.66794258193377) 5
(315.43890881813763,923.783157899114) 2
(215.31648123522717,9.729193881060748) 6
(295.1312727184019,394.88045408353355) 4
(849.3289021191864,755.3877705979088) 5
(702.7355640546727,5.132181842345207) 7
(609.418192702572,833.7396696685539) 2
(107.98654107242523,763.7329353112024) 9
(802.6391537889608,428.1009633867261) 8
(56.032222644302074,75.23630990943553) 5
(787.0662463463203,700.5243017972654) 8
(667.7820553922544,54.24832179618599) 2
(414.8988388852456,337.44794184310433) 9
(310.0301451909298,727.4391200249715) 1
(877.6761251700391,523.334395879615) 1
(420.6748581474776,269.3050819869981) 5
(226.52016988977564,808.4709909364647) 4
(944.56760461104,626.0702318061418) 6
(364.26631112949593,193.19663824254584) 4
(627.5545965935962,968.2223790160358) 9
(916.5690357822459,399.1447486056113) 1
(131.71441064942846,892.5601705117374) 5
(291.25451187111383,10.46124031836493) 4
(229.96605366606005,337.1420249024688) 6
(960.462237037898,148.25982611120358) 2
(614.2901772236467,520.2131978089153) 2
(756.7126327841011,46.186585054215136) 3
(810.2148257264469,776.1324646404757) 5
(106.5122016933827,941.7408317867412) 10
(567.4688958371373,671.0411004477924) 9
(862.5514808838958,251.00983530909303) 3
(531.6098494693359,202.65904081357965) 6
(564.4841656612477,927.3945414222998) 3
(797.5753199788779,434.02647284828754) 5
(404.51980730262693,369.86853649622) 3
(787.2201329325737,781.2867235498902) 10
(902.6382290681946,497.6418117660121) 2
(552.0481816391994,166.76933415440686) 6
(612.1326929875005,619.363867694769) 9
(234.42953042622094,261.63648158899633) 1
(562.2092193537959,202.8441421873166) 2
(543.948681176752,88.968725804354) 5
(433.90675192689656,872.1667593164782) 6
(106.25931979561464,731.5814830596402) 10
(229.20128584605516,119.44344776069293) 2
(30.6995959561257,482.42918301869554) 3
(649.8380017777254,914.1957534195966) 2
(25.065951057024026,43.063738464152124) 9
(777.2464217169908,54.94293759623081) 1
(883.5398162727017,149.89552634169655) 4
(328.80430995891464,876.8304641308565) 2
(283.2453231109491,115.53005148836415) 5
(595.6398913551186,911.9278758233952) 1
(491.8204210302478,902.5726887672981) 5
(258.89943049468013,862.5385694963903) 5
(790.9432044117887,245.91830175337526) 5
(113.63605119404885,509.4218803145385) 5
(532.1610674164672,586.8481812151932) 7
(665.0093137353462,510.4529483084883) 1
(169.90137639595972,991.5563581782657) 9
(286.9174904146952,940.4686475534586) 9
(787.0109089784637,15.815804704474413) 1
(819.0100397423231,367.4846123994031) 10
(307.03689026114836,781.9621711283148) 2
(843.3589438800428,484.9323791073179) 9
(181.33476378658463,814.4282766410435) 5
(184.78938455019033,902.7868418081845) 5
(623.0011583845429,99.03702096725242) 5
(452.8448273830965,390.5469888530616) 8
(662.9359717634688,437.6505646834984) 10
(107.38354056576715,470.58939527026524) 4
(132.7716768971594,291.7373884962882) 3
(616.7560108412455,917.1908153324915) 7
(707.2221004691631,264.649246172042) 8
(692.680618253598,819.410026285975) 1
(133.03197473044537,124.7095539044032) 8
(713.3163040858182,110.86935657092356) 9
(818.8573945957868,880.3922137121884) 1
(664.782066103147,711.4559248778074) 7
(640.0266607947859,45.64193020583007) 8
(492.8636263840734,554.5252483448604) 7
