1000 1000
15
(0,0)
23 80
200
(180.9330521744258,709.1813427389692) 12
(964.3040325014315,103.79499687440419) 11
(247.3742779190675,791.4058684892515) 2
(879.1181470957682,374.2826708107326) 2
(642.7381938738923,974.802324784865) 8
(354.56523815911424,828.9061619715216) 13
(691.2731948313439,196.95321439304257) 2
(382.61276440481697,793.8123822931365) 6
(259.8061539493496,847.6480310666449) 14
(899.8746562197393,162.28065344759213) 13
(706.910151777958,854.319397106833) 5
(315.12553516257157,810.4187526709444) 7
(356.33259141635455,922.142700696512) 11
(599.0419676000176,648.453583459745) 7
(600.466774408406,405.6942501628833) 2
(4.881550398523893,610.158537484672) 7
(176.83429199087075,452.00045891755383) 10
(867.7039699522998,569.6849422353977) 3
(661.0321528286198,374.1725011590846) 12
(482.0073360327871,746.2039290628481) 11
(892.2726418496239,501.18998908329195) 4
(973.8648155954577,153.34402659744705) 12
(463.6082846686859,539.486215975841) 9
(129.89284021376236,714.617098992039) 5
(636.8924442409685,281.7054748486345) 8
(775.0641729046245,742.5460892750498) 14
(814.3221813584537,542.8930234613019) 1
(24.452628948413047,484.0772909835934) 12
(908.044175397459,662.9209505684323) 10
(296.5639110466198,482.2245096822305) 12
(314.38626578450123,997.3384604441554) 13
(23.740608566611087,125.73635022141771) 8
(124.02952785919408,786.4062421613341) 10
(740.0894799612843,623.4518879505539) 12
(894.7140193963805,469.29141915295924) 8
(425.8289803167555,951.4099281992554) 13
(466.03421136500646,590.8010484655006) 8
(970.8391737366716,722.3445486562802) 6
(945.5196446665872,752.5479089727077) 13
(820.7360372916002,436.47725072923726) 12
(667.4505441226686,901.0879292718288) 8
(259.0060188652968,126.5865913740667) 3
(988.7815563172417,752.7464200079028) 8
(172.97528093310922,773.5819243135792) 9
(204.86133817786677,220.4576767205778) 3
(126.97066139191415,249.55918356809414) 7
(662.3482740068296,96.03485337010554) 3
(392.8813586172557,137.82111983957844) 9
(406.39071220277776,758.3749655837415) 13
(272.31864388945417,748.5461214553774) 8
(965.5302699663512,92.48395128600528) 6
(381.6432506132117,714.0717978788415) 8
(952.5253652441918,130.10409132446753) 9
(2.44098201634646,92.3949474189747) 7
(352.75667058227424,316.18285918627987) 7
(544.3129092944403,385.02557018741726) 8
(511.9670649488689,683.522730962523) 9
(835.8744432471783,172.72479163629495) 5
(876.7702506530277,432.60653873657253) 1
(515.8449223721854,622.0749782224021) 14
(427.3112752013637,121.95682730604828) 4
(565.0833299097135,406.77721551947155) 3
(149.5342028064105,122.54939391956654) 7
(797.9922439115824,432.42482331349953) 12
(174.37037075613736,918.0972820010813) 13
(250.50876105434185,586.4151521611202) 14
(360.20173404306564,972.9438597247131) 13
(824.5230428259487,106.59342995756538) 6
(894.2722961891328,286.9506577141681) 3
(309.27450874843566,796.7694320900406) 8
(83.69849035706645,888.0661813308769) 11
(66.13338868513775,789.9156040932555) 3
(612.3548081775191,97.358777781963) 13
(15.065721417528376,343.56650810383485) 11
(277.30067762623446,603.0175049275592) 8
(138.8141681676438,818.524561120408) 11
(459.686483493645,918.4459098472308) 5
(422.0632048261087,189.84704879031477) 7
(611.8790886273467,167.00524517421212) 13
(356.58222617017145,320.29580113194044) 5
(462.9483659128353,988.1612540199357) 14
(545.5149694857015,333.10663997263856) 8
(194.50143875874738,610.6409921848744) 9
(105.92458001277704,685.5483702480196) 3
(716.0427537880928,864.5799741655109) 8
(215.61267483062352,644.8935235463053) 11
(591.6074279785754,500.31830484494344) 2
(413.4296373610986,605.9421125478334) 4
(4.502734660355112,539.8690404517031) 15
(379.33801145313805,760.1494739984231) 11
(984.7284153867057,803.626903527391) 6
(758.6173069770699,220.9949638569062) 5
(606.6043756460125,884.3040986262594) 6
(196.69539847325112,473.3021021025703) 1
(39.98718095773513,684.8949572797412) 11
(770.4121960165518,827.0247523400096) 9
(322.8265053560869,696.0698737222671) 13
(250.30612023357978,590.8673901373622) 10
(16.192949464648997,789.4303985696641) 3
(526.0164916402663,229.8568056857886) 15
(400.0033858489449,100.5942535147063) 15
(976.4011632321685,688.7020729609344) 11
(177.58208151141653,562.5877813945036) 6
(393.3821585725693,128.36000208178166) 7
(708.8472689785219,873.102436720547) 14
(142.3332810339758,953.9414644292792) 2
(603.7602958824228,855.4250676449012) 11
(886.1291446352875,265.27215334290923) 4
(751.5119824329448,117.25794633998832) 13
(943.2935290294171,593.7519752130457) 14
(88.78048469054511,831.2727876252286) 9
(830.0467663469999,711.6641296229592) 7
(498.41524751992694,932.248149796116) 9
(174.52294566640515,397.3357066476745) 8
(802.97316279273,80.76802447404286) 11
(626.7257163106722,380.95167714524183) 4
(793.4564992420338,592.7270367210085) 11
(291.42895434865613,630.7340884997648) 9
(124.61635279082073,775.7498267033313) 12
(262.6018473919218,224.62414756881898) 14
(337.1679440931613,566.7681336476796) 3
(597.5724183620582,753.3374735590706) 12
(547.251984963622,797.3025308375087) 15
(338.4844423807827,5.436220018523952) 10
(468.9395522144224,402.91983352119854) 4
(586.9626181008722,167.16979195554217) 5
(366.75610637353594,885.3851600774673) 11
(101.88234071152202,370.1691709603813) 15
(968.8816886918418,913.9881888441138) 15
(127.33091663546969,445.8757806489384) 1
(117.9769864382868,9.257331827059234) 8
(538.2782553594528,256.1814199220183) 8
(663.8172716043675,439.57239233132395) 8
(504.4134217444702,715.8048469597495) 8
(306.65594484486115,31.877541803156273) 11
(4.9072049796619055,1.127403630284407) 14
(508.2150028054967,513.5108463297443) 4
(982.5586640221636,734.4172776418271) 4
(212.40169431028534,574.0123500680673) 12
(827.9202788375998,170.57616151672138) 4
(252.17147227186342,326.7222746691001) 4
(798.8341162204933,994.1620731133269) 15
(556.7664132092401,470.2546443327628) 9
(520.7350990596841,520.2750175606762) 3
(572.7148858187171,811.4841746392626) 10
(214.15566945519282,394.1409775847008) 13
(130.31231333025494,510.92535269159634) 3
(943.6424169017771,158.82989219580435) 14
(641.2627871965955,821.6510463824931) 11
(748.8380094087926,291.1148334403654) 13
(377.4850654136015,726.5501883006676) 15
(642.7287245745181,465.00469850402703) 4
(613.5263197883226,214.3380295552092) 9
(172.25743918672887,915.4072480988087) 10
(254.2861402001194,52.95089210344628) 6
(146.68456080684288,429.2209248866685) 5
(162.51187933246024,75.51113787563114) 13
(881.889164706674,516.0024154537688) 4
(840.9310324215858,93.85079041673283) 8
(330.2801741656729,711.6415254718773) 9
(845.3526799465797,312.5207665764281) 9
(833.3008727779693,298.4754128822534) 3
(797.8721073208585,38.1320693973487) 13
(347.77775777583145,777.4826802043825) 13
(478.8745107818756,386.5691834498388) 6
(815.8251791439162,558.6045056699005) 11
(927.1168577996435,867.4295928326407) 13
(742.7426026478964,289.21162327226347) 8
(268.13108085532133,916.7269562416947) 15
(856.5120083846588,739.3824381090027) 12
(272.65373424102125,848.2414688716765) 5
(690.295189002585,109.21849555941976) 7
(273.18551409956706,195.72781271294292) 2
(227.3722816952486,337.1065229529279) 11
(755.0062364896694,82.88834128493816) 4
(240.77327232813127,171.9154272142699) 12
(47.506236876991736,612.5856097634248) 11
(487.76223017357523,872.1339319381825) 9
(244.56880001897662,27.245871978035296) 6
(4.3728749818335855,36.17108282973047) 1
(243.73245447086623,952.6184642874033) 7
(366.45512638546427,546.7703036606656) 5
(149.13776281169723,871.5324709725336) 1
(833.652610860112,769.3460854869369) 1
(595.8309974359476,539.5810134814991) 7
(795.4719570918396,770.1599442750459) 8
(958.0030650010523,891.8759929496852) 8
(384.34313446237365,803.5180210437077) 15
(656.522439604182,783.1532534398098) 5
(506.21781627648943,89.56479485194203) 3
(28.038646257556145,741.1077616402675) 1
(512.1126652094665,671.7508454217822) 9
(285.2642847111332,117.6016478647296) 4
(188.7451118900023,44.419740926543994) 14
(588.3565328144522,551.6978943381226) 14
(408.57120689801883,547.7988864311084) 5
(640.6795329905542,128.3337927439112) 15
(135.0341375760028,291.44713052723046) 10
(555.4340398297192,350.7167186789696) 8
(268.1613609119048,789.6429889146236) 7
