1000 1000
15
(0,0)
23 80
200
(714.2551765352257,932.2686697769758) 4
(878.930110444294,637.48363624136) 15
(862.6579464260682,232.77749018003612) 1
(437.8231122885277,758.8605736807979) 5
(563.9498283515352,792.6687230568823) 6
(451.4383377882678,196.73897732233968) 13
(267.1049770061552,297.38229093975787) 15
(635.438843929251,465.4523207558535) 9
(479.020543765874,91.56217768954733) 8
(440.74708314879865,812.7502774840036) 5
(126.42257355304376,448.6660263442709) 9
(483.1431698357124,714.1667465849158) 6
(712.665235359471,407.20241212751654) 5
(614.5263730398163,485.6540228932168) 12
(690.3184879511473,597.2377195575211) 10
(754.0581794224132,520.9857310848399) 5
(112.04613991244683,601.6785181696777) 7
(138.39802631504517,177.61436569845756) 8
(681.3721820037765,561.0242338195264) 15
(194.98011889258905,813.5226943153556) 8
(709.9920457649595,417.3035167503264) 6
(264.8151439953916,156.149656104018) 3
(920.6208907798796,518.9288898520933) 8
(187.619019321829,101.92729638847986) 10
(809.3545128131747,862.5837079045474) 11
(982.3334838016557,254.00076313119845) 11
(637.9828764743703,911.9995962957015) 15
(362.4290971109029,441.96583765915597) 10
(833.550878022398,9.346567597466438) 3
(152.0576313389763,303.36413685368444) 1
(226.07036541363544,906.3867619758269) 13
(927.2934938993924,389.3486669850128) 13
(264.17231214902336,41.753663922096784) 3
(111.59977235868534,399.599755115417) 10
(258.10919692110025,726.0907984860908) 8
(74.34622114836475,143.30019744295086) 13
(52.57923574210221,210.8609647788998) 9
(120.23726401200707,994.5019213999369) 14
(195.48327402274913,527.8056915149173) 10
(520.353760158736,927.6859782392859) 6
(888.1754727767452,104.72981068200681) 7
(165.22948779041434,515.6827818642346) 2
(682.5479926632376,867.0602594183044) 5
(3.028158854518126,118.64521766741498) 1
(491.99529069469907,628.3941914351371) 7
(742.2369044808665,384.4249674594259) 13
(589.6935955476548,675.1945627709615) 3
(578.1886839784538,761.1858440608318) 1
(614.7326545776153,77.30572156158489) 10
(718.5699752761163,999.8022898421929) 7
(329.21088752701746,726.0203427692044) 13
(99.53792248082117,305.351445250333) 12
(885.3311761970803,734.9899706092264) 15
(733.80808140909,295.99157992863036) 4
(215.88414748667938,343.3527347889474) 7
(712.4741606268283,117.08730448490844) 14
(289.91998889099347,812.4836054360086) 7
(5.066941656933666,923.4878622288757) 12
(112.69512557752593,94.90425400027158) 15
(814.5647280175334,570.684109411767) 13
(137.32887106564405,727.4300267282132) 8
(339.83045204856467,536.0146355807248) 1
(106.17579520313036,451.9884550471992) 15
(449.6260911914852,602.9510385080471) 4
(521.2617000361178,801.219058097316) 9
(657.428546453755,184.6733321199987) 1
(747.443704343592,214.45059441868298) 2
(321.7575957574983,65.73885791519918) 5
(50.17305491987501,823.0410886239094) 14
(70.4316206817186,319.93662708827907) 4
(543.1243809752452,567.4660762044954) 3
(931.3115317699322,677.1725633998669) 7
(339.97000796014953,288.67489037772623) 9
(519.2871727897883,112.30169679848746) 8
(299.4698041285889,896.0050970192377) 15
(747.1340734161362,220.7080979396925) 5
(751.0934492306252,554.0347194172671) 11
(983.0131386733934,629.28263641369) 1
(550.6154225971243,583.3609159815777) 4
(293.00964301624157,295.2831358824695) 6
(754.5043083241983,635.1886363706968) 9
(381.9669925855209,561.2677480884703) 6
(391.21289426479547,713.6506114147488) 12
(431.73687125809647,819.6903285760791) 6
(820.2859026251192,991.4773278224317) 11
(419.49730213927603,14.318070982739517) 12
(502.3235504007575,730.0912409426488) 3
(946.971634365738,410.66226380283933) 9
(412.76109967428476,464.869134274281) 7
(484.9068209084686,40.357979130182244) 1
(997.6433483050291,462.39930224287207) 3
(738.208491063857,932.4890681855127) 9
(870.5295025239762,460.220999807487) 1
(379.62088920175887,205.44485276236378) 6
(155.56316349138143,204.99624710634146) 9
(768.8998949804119,545.9642591873966) 9
(231.7544298640375,770.1693844383998) 1
(585.2261610304224,767.5356046634411) 14
(876.6236211952987,654.7135827912734) 1
(150.06933690534274,760.7364073320525) 6
(226.919791209515,741.8440663798428) 4
(633.2119634303697,107.65769926182412) 7
(237.0353921503201,148.9308412048378) 1
(246.20278035169883,332.82534858269906) 15
(688.8264814546585,681.9243586033708) 1
(871.9587261036953,96.59328517002163) 7
(649.5526719113925,59.21296736264492) 7
(413.42841766203986,528.6291824163245) 3
(358.57678577134845,283.02592724904264) 4
(248.51880595546882,982.6732544225158) 7
(60.63749694043308,830.5754298235294) 1
(678.4159337536236,320.9498060754796) 5
(141.96791704154543,22.25141584489554) 4
(8.859800994920342,515.4076004055254) 11
(575.3601323302881,99.91842854690569) 7
(182.8813419426647,259.9715504488831) 3
(285.63895713600607,69.20688424910625) 10
(605.4446994264084,424.06578414376384) 4
(492.95395883007944,561.7996970119436) 12
(43.88320451246841,157.07912526344649) 7
(381.920746273064,812.4878939516145) 12
(44.59957108472024,350.7051840357197) 6
(486.3073309340927,541.4222093696039) 9
(699.9892727623862,791.6495938955192) 11
(887.4388178589496,865.3052424838995) 1
(923.9700190657977,187.7779012826952) 7
(308.3121164884911,150.0493819891756) 11
(899.158940874139,496.63296546264945) 1
(540.169197579292,42.74950165238456) 15
(352.5235747855594,305.06699020778774) 5
(412.03667105644956,59.16057889848902) 3
(315.2808368509138,432.10589392609734) 11
(6.064892148571532,632.8816158695015) 9
(650.8746501785957,997.3557091429819) 5
(524.1074783880027,892.1239695723505) 5
(280.50212851060917,619.4316646430012) 2
(894.2868758050182,134.89765769784745) 10
(782.1748991845449,759.9627827707295) 14
(975.5364586523303,684.3298595577359) 8
(997.6461201618547,484.29924431700556) 5
(140.58814054760472,726.3339170822273) 13
(972.9884406309018,87.34158837271299) 7
(845.1911514136774,766.0931450692951) 10
(963.6157154811784,919.5622407742594) 3
(11.948392413916542,180.4090527186354) 1
(56.64165874177496,337.38083626829496) 8
(857.1099015010957,125.49418260017397) 1
(74.47563776499966,664.3707584424493) 3
(194.3961627916635,690.2124323706681) 1
(783.3644669186684,856.4149780727514) 1
(643.6131327864882,355.9087892378455) 15
(754.6983756064781,645.1151529446977) 5
(705.8081333136115,182.0364352845908) 7
(451.3525477721465,469.29845314688754) 8
(994.4800689702048,754.71665103513) 7
(581.7161618386936,372.1926240886483) 2
(304.4204794759355,711.0836917678045) 10
(324.5687883224443,851.018265385291) 6
(995.9578250266271,846.8908307929925) 7
(841.1247228990122,188.841145986124) 8
(334.6994734360058,469.7548531858388) 2
(404.6616542932465,961.4802138127305) 1
(542.7708193346094,106.8161093228297) 6
(301.6132272077937,893.6328135588037) 4
(539.4886476608216,583.4969973222675) 5
(261.9027558106951,573.0554150658853) 9
(809.6092552600023,164.95933128179885) 11
(632.1343058129296,77.23754639421587) 8
(802.1788623606337,181.4269914521103) 11
(913.7619962609713,967.0217255094333) 14
(651.710130848142,770.1613869669284) 7
(598.3563197802669,205.56380942063367) 6
(656.3520066581033,710.1988970596119) 9
(951.3407230594843,368.466796786717) 3
(665.365123539762,92.12159200630265) 2
(793.51262388161,526.2399867320026) 1
(365.94631061350856,73.89447694309004) 5
(413.46302636568697,73.32362646563806) 7
(487.7198569975053,851.6494012339294) 6
(793.4179457182901,506.6140993488265) 11
(147.32965018114697,687.4413711253045) 4
(980.7380844773903,490.9160417745374) 4
(128.28090027468463,54.68558879758045) 9
(636.032364683186,204.8212092307179) 9
(790.6429798927919,329.5445963413879) 3
(474.8401670972271,292.74694790869006) 14
(900.884877169977,778.7924944888632) 12
(637.4961127341764,779.5584762657226) 13
(119.2071079249678,583.1445429976665) 6
(129.00362468239746,796.5322585311694) 6
(97.25926410841434,56.676636687623684) 14
(222.3366205575803,963.6863360679072) 2
(558.0259606338452,923.6690499309872) 11
(912.9919122185096,439.87122493982633) 14
(411.2722065173906,856.1090441309982) 14
(43.47756505680667,421.7598277200114) 15
(198.44322008861513,518.9000651113611) 3
(719.2535182653152,929.2636005523561) 9
(599.9720661727762,751.1871637092015) 1
(960.670689883261,914.1276869344167) 9
