1000 1000
15
(0,0)
23 80
200
(440.9765917033678,892.5571444948241) 7
(976.1246009777502,488.3591661199038) 9
(37.96193141927895,192.44854031865222) 9
(912.1874116390252,90.36406588960611) 2
(455.25001140060095,864.1328783972415) 12
(344.086896573371,67.88436025543021) 13
(357.73620418569976,721.4441598547833) 10
(183.46464123840033,904.5431572951443) 11
(641.9315537060567,22.744568071306425) 9
(713.5597921105941,59.9641400338089) 1
(58.82208794086174,252.3775073501342) 5
(714.2790084393021,786.2533203309781) 10
(906.6984540779545,689.332936620826) 14
(588.1879082534518,949.4457405611258) 9
(4.15972266009601,781.5577713842715) 13
(607.4665182914504,617.4051919868464) 4
(626.4622201710075,460.80014619587973) 3
(504.6078486275267,365.7440331517097) 10
(352.73806729819233,813.2519328573234) 7
(549.126299499132,96.50892453873506) 1
(238.0991614352047,567.1670395086803) 6
(746.8951889557967,45.01330169904683) 13
(901.8246450168749,164.54260699336243) 10
(931.9203793349898,334.41268345145215) 10
(889.1974091820281,67.61454465693694) 12
(175.66260209986118,960.4433400823801) 12
(776.0604315713147,517.5552430546422) 13
(555.1402781769382,62.775588827834405) 1
(476.82663994750294,261.7640161942359) 7
(637.0212350742279,67.41138937772317) 15
(328.4611860386221,902.1676652192995) 7
(62.20690944165641,316.0562337309695) 4
(573.020931815174,302.2414849592473) 6
(407.35661030242363,134.94168428925525) 11
(182.5058956810457,842.0208773261613) 8
(739.6523786974176,262.9581964580211) 6
(423.86570003722215,216.76447109253562) 14
(594.4517875761828,928.3851548550945) 6
(999.7841417571673,347.41504161608395) 11
(715.3737522792732,46.67544490049536) 2
(217.64434018491485,24.940356750612903) 15
(102.15468216534018,846.9355726438082) 5
(777.7174996393311,618.8466116285794) 2
(607.3062108847835,109.35688914579455) 12
(640.2529313967551,484.8556167505531) 1
(917.228028047507,973.5512922403576) 4
(744.619768078509,254.75074809840504) 9
(908.9153218928053,492.24446528119114) 13
(508.1710175188108,15.816614970967425) 3
(301.87740294658147,202.03881283214798) 12
(518.0178574299218,144.8759348929046) 13
(598.8692122062669,334.84824745424737) 1
(256.0967956924005,100.60993233964044) 4
(173.40402695516354,831.3587040523789) 14
(641.3831667856361,578.4027765356799) 2
(870.2043426228611,640.4652358888992) 2
(239.1512732499347,337.64686389849896) 5
(801.6425835797379,595.5325322822158) 12
(351.9106968336021,862.6462942186229) 15
(941.7415473729116,199.35733805369915) 2
(736.6088886504481,59.3368365180984) 2
(380.2122275040094,141.00681284061457) 5
(397.9201339082072,480.30825756358996) 5
(724.9083300623005,779.824647049081) 2
(565.0604436055877,922.5778884794678) 5
(950.50010864898,588.5624216269659) 15
(138.7515671186217,74.53055821282761) 9
(840.2299239149795,78.56304903089972) 15
(385.57987650216006,967.5257565220271) 13
(940.9777614103256,292.1398358290218) 10
(198.16324120353445,732.4865500538883) 15
(324.60558076401327,530.4816375621182) 13
(408.24680454896924,901.5437989788064) 8
(928.073832948406,851.2692496030966) 8
(498.94781227727117,139.98456468267506) 12
(270.7829312246369,694.2976254876768) 6
(620.2869098729562,962.932671333069) 1
(104.18773133184933,558.1813631105258) 15
(611.8497501631454,680.2899248619601) 2
(141.26958939181634,10.337940672286884) 14
(340.0391777857812,709.241515673207) 4
(370.04982383439125,697.3427376947403) 7
(490.9051191816435,65.62950846898552) 7
(440.6433636553323,611.3497480080562) 2
(494.0497793599063,136.1512383408314) 9
(395.53524437837126,535.2272591970357) 6
(248.05273209494672,442.67264641340097) 8
(523.6027889762443,151.56557339384003) 5
(693.989877919012,982.3166050420078) 8
(756.088947595438,807.8970267571709) 6
(999.7410673070075,185.7252447693447) 14
(966.5504379519605,486.32594470633995) 14
(347.7960466590168,226.60371809997582) 5
(157.234205984482,295.95135579110496) 7
(793.7736404007123,449.87609134084016) 11
(50.36226237417918,957.7772527392253) 6
(284.51113059605484,714.0247078058409) 13
(83.83362891701485,395.6727230882309) 9
(61.091864384597685,57.673878045445434) 13
(711.224511841927,334.28967990224635) 14
(345.4649802107659,58.46680333467713) 4
(512.6442357318924,876.1741652229522) 8
(618.2171375668555,779.3506798802422) 15
(446.2493452375019,112.80816892786916) 3
(384.1637359675365,216.29719321324637) 5
(286.13602555411876,912.5158712345112) 13
(426.53365088162343,857.5909034736562) 1
(77.27477074907019,300.8471217078297) 14
(447.48708330423483,9.155066642845044) 13
(378.7168640832342,204.307387590703) 5
(245.4826903428866,815.2055351032978) 7
(994.2148400320574,753.5249072419016) 15
(575.8951466963176,316.0658914750759) 8
(904.7803498486344,71.29861817702343) 2
(71.20521630577781,199.5000420775116) 3
(660.9074126219525,149.20667692360158) 12
(448.41455222844763,752.8532247899234) 12
(570.6397410123897,27.61229698556267) 9
(167.97072143926405,215.39289715241372) 10
(341.4813940326629,928.3267741405841) 7
(792.4853718049523,175.37676612999508) 5
(255.5457709385056,719.1399096404242) 2
(270.462203287006,453.97604442267493) 9
(103.39941880757253,259.74478178314575) 13
(916.3962516603892,958.3465201677288) 7
(461.8670525051727,293.6644201345587) 15
(222.47005012341225,267.4529493981805) 7
(739.2283751400238,803.1017999720196) 9
(714.2221043282724,411.59591326712143) 8
(403.9646352105835,475.08885232329067) 7
(698.4772303171744,354.7515112780809) 12
(435.8490135023193,139.72276161134633) 2
(992.1756321190411,993.2280286583507) 12
(398.3638086350268,70.82087897302314) 4
(797.8114916055935,13.669251022002339) 12
(802.797715934741,710.1144104931086) 14
(916.8413441494263,537.5587547158918) 7
(305.23358582112024,354.1472440390756) 11
(393.9467835127436,289.3935729461052) 3
(227.40118254881747,493.61490464795975) 7
(831.1821658638147,915.5305611364195) 3
(206.35872200940807,200.0638858092483) 11
(81.79238197009353,139.01458099400654) 7
(563.0034800226025,526.2933062302465) 10
(382.6668864300344,722.2900679557762) 13
(141.41678943318092,878.8765083592353) 1
(142.47162830569005,919.11085311139) 5
(706.0959394494591,523.0944667111273) 4
(94.2069372048111,857.8587069173664) 11
(302.0562613225045,515.489519577321) 11
(325.6913750396789,761.513429101031) 2
(916.9565961112556,629.340860885523) 4
(736.2857650239984,362.2666028111703) 1
(712.9591891224985,832.4622313510888) 7
(321.98171140454855,704.4170328985027) 6
(936.6169638010773,792.0999658657092) 1
(113.20104570937617,194.18332881586718) 7
(890.2790247872227,608.9114458859304) 15
(639.60980731052,530.9595263549376) 15
(146.4713969299496,608.900841460103) 2
(778.1035509387841,780.0600383078068) 14
(589.7547687924571,19.390771484727342) 10
(719.1147102379579,596.5410293208001) 2
(106.16020181850993,675.82695390663) 7
(528.154556820067,122.90396612459598) 1
(271.26868118342617,375.6782998912642) 1
(229.81608838777845,536.6213306548906) 7
(553.9897961087684,107.48645379259314) 4
(107.57399139940671,364.206334886522) 10
(889.770380654321,740.7208492893416) 11
(456.3990438763399,251.5999280897303) 4
(497.8804801253557,519.2710232894882) 12
(758.3445773205783,564.3073409555186) 15
(2.4244304825088436,709.7439332643339) 10
(770.5566838225874,611.3647806882495) 4
(173.18185021816623,737.2519831579582) 13
(563.6393014495511,75.05389940356133) 6
(390.46839379514,880.4361084660312) 10
(960.1209463170177,986.1750525549452) 1
(692.3334036289617,681.9207146840223) 5
(97.73405185734174,585.704335322808) 12
(442.0551111050096,751.7551079491984) 9
(254.4131562222498,935.4529662425939) 12
(962.7581610635049,605.1210765108559) 2
(434.8764567701936,251.9279254263951) 2
(457.5216975579042,971.7614977775241) 1
(252.08509138448255,154.64940787951642) 3
(529.5199801050761,618.977642583243) 3
(590.8294611071215,401.35861489636915) 3
(273.1938956543836,122.54768853211118) 2
(814.3481332143201,345.226801876196) 1
(424.9668246190361,50.2648219631604) 15
(394.3763332396768,409.8623976542692) 3
(389.90348115312565,194.72952046981996) 3
(529.695871782554,793.8772031159511) 1
(569.3408930889304,440.8518552925834) 12
(105.1864995313867,416.95664803652875) 11
(645.0555572496322,727.7946773310031) 15
(607.9737930935196,231.3849409398222) 14
(853.3446393236153,212.95596810972194) 12
