1000 1000
15
(0,0)
23 80
200
(574.6939217555041,511.33814047432435) 13
(709.0048099391241,106.79710231895423) 2
(859.8004848144067,984.8388252489551) 4
(451.15322047893767,810.1414480027835) 3
(697.8083218114837,582.8446444854488) 8
(651.0905123147722,29.68048223546893) 11
(1.445328292100756,50.143324301153314) 5
(21.327207526158688,372.59434470894) 5
(44.699333888487345,33.837719226206374) 5
(814.003113438919,223.9933976322075) 6
(786.1896252190753,478.16912626121024) 11
(24.847603593029955,455.18460726240664) 15
(191.49245447725028,229.3158482521478) 1
(485.1049576591667,817.559223197837) 6
(315.83108878053747,876.8064469637721) 8
(4.415282410058841,219.97769924528055) 9
(705.5480410142707,25.926436897007797) 7
(117.55307162955918,833.8531612159223) 4
(118.39389683603407,92.02145336926482) 13
(420.78690474015247,782.3043906531467) 1
(715.7265279434026,524.4607781729695) 9
(560.1590693102341,523.2042521281777) 10
(351.4004331892443,395.82491674913246) 12
(75.20642484688489,94.97613034470598) 14
(488.78472911816596,785.881916908445) 15
(98.65585175568935,9.226485182795674) 6
(660.2284682053768,475.5440037625316) 13
(198.02315029940786,665.2512278812833) 2
(457.29884412695054,206.6488762650024) 9
(298.9963444006225,567.3268043341028) 14
(528.7887495479115,80.15355614285768) 8
(408.0194045931066,632.2783118243635) 15
(180.84878087040403,887.7812886907541) 15
(276.457795442734,107.86526697877574) 4
(626.1458953107774,221.87388330616653) 3
(381.5466049395344,551.1959108259151) 3
(894.5665296764028,551.9271720743583) 12
(880.5225681991204,448.3278140915976) 4
(947.6975552548746,312.9733872120276) 5
(764.0244846351553,667.2285923867317) 15
(544.7226812482365,61.63254636856386) 8
(117.42647607870083,234.53635004443728) 5
(414.8243735180813,998.4989249009354) 7
(94.65495376178102,101.53405430400386) 12
(773.1067096288245,486.9364717484086) 9
(732.0261386098263,515.7109458438343) 11
(187.7747371052768,358.5866881511609) 15
(815.6721773231246,668.9315737675115) 12
(556.7678227705444,966.0182095282329) 15
(24.61919404666457,732.8530448130568) 8
(37.125638343299514,35.2373004039509) 11
(60.20649171308423,538.145932232359) 11
(960.6796425660841,10.753627912083896) 4
(804.0753669991307,978.7412416597214) 13
(630.3117246006639,458.9210040078342) 4
(716.9074330910888,968.766586965173) 9
(957.8693021200803,506.11278839922835) 10
(350.99179783868516,403.28084382639975) 11
(843.66253286709,263.5485017316096) 1
(862.8618316576103,189.41916577272644) 7
(356.6964267640762,470.3293479589159) 9
(364.7906309550277,807.4893915205299) 13
(871.9191565677257,542.7238013416872) 14
(861.8094210117292,140.52968108433873) 5
(696.6019098120893,302.0661426943515) 15
(897.5803352699857,864.5983378399106) 3
(503.20017493327987,662.0597958930381) 7
(552.3018262723122,687.4047936148586) 12
(642.1395681506692,90.45877210678654) 9
(781.6696523816078,795.4724942823419) 3
(173.41106959535148,195.63815267835406) 10
(930.2760042145479,573.0468939305113) 8
(100.63673143207285,247.37509890834008) 12
(258.2406041650598,813.2556470275953) 1
(442.267390485476,760.6461907056587) 12
(318.8940193354677,170.37467510884818) 5
(630.8430325286279,902.453165810313) 13
(381.9846379411802,241.0492948397488) 1
(946.2196299781297,664.8000088583628) 12
(194.68030763528853,952.4652699312521) 3
(330.4469512026158,816.9949501782584) 10
(433.45750419106054,689.5392846028708) 6
(80.38440888582599,994.3909769003903) 5
(978.9139927477745,110.20004899750279) 5
(929.3729165791713,329.89183033596237) 1
(652.3715679857879,516.8661696618518) 15
(770.5415147943597,379.17097364034345) 1
(815.0596111026382,184.12361961683888) 11
(741.1399629698918,334.3778448027936) 14
(461.8229019677047,681.6367617331784) 6
(465.5206032806786,518.8831090442588) 11
(454.98471443884324,389.80524289155926) 11
(582.2065541488472,45.60165025941798) 8
(447.0922983091813,521.2485587954061) 12
(991.8224337355228,708.7966884791532) 11
(304.9096472856985,969.952187364533) 6
(709.1897311662805,256.6552293872588) 15
(968.6813149678674,375.0657511039115) 11
(363.82374331779266,786.1844675012856) 11
(15.011070246112258,514.4704044542318) 2
(378.0369235207297,781.6752166618038) 6
(633.6624191294231,674.9263563094474) 11
(869.7790958598072,200.1478574036527) 2
(160.7448837992539,974.6609947231163) 7
(1.4217874536061048,932.288949493586) 11
(398.5435108959078,701.1433042017745) 11
(968.4463835622522,49.30647872809813) 3
(492.56335923271746,527.8742081008436) 4
(924.1212963168092,23.7059278549101) 9
(625.782629572756,552.4523206173461) 5
(914.6590274820035,979.6120382487397) 5
(461.7163445624769,264.42051897886597) 6
(502.646743476974,947.1849560191894) 5
(78.7376021759213,88.89663165137517) 12
(553.1876615473228,855.2934269595255) 4
(722.0649357961006,0.17679672382509004) 14
(859.5161368598602,161.20725716865724) 11
(762.9312549670427,361.07447265686574) 5
(959.1118159478973,260.78182805150453) 15
(950.2062240325852,21.230103215776232) 10
(842.2995031862563,404.6717645322888) 2
(961.8598405543638,489.3983076074535) 9
(938.2737810326552,257.3836015812666) 9
(787.7343866138116,990.974656979031) 9
(352.4630410031163,542.5469938042439) 13
(754.1750493595462,902.2932514872003) 6
(956.8864943513205,980.1167182699915) 8
(929.3684359049433,304.64996449630246) 4
(464.89066191810144,616.7052694072337) 8
(944.8057535089722,290.7751284198099) 10
(153.53069820611165,847.0338487421051) 11
(44.98114363399486,32.30732071787179) 5
(418.5725301033405,638.8660360833127) 15
(592.934650191421,19.968676524320216) 11
(169.95956887770447,918.0076398731095) 6
(934.4822211560321,235.6009086054953) 13
(226.52413206384426,696.9463076176455) 1
(655.8583384653605,862.2814329086766) 1
(144.20871040298445,479.2011274697807) 14
(957.2336268765129,125.61365234381738) 9
(115.97123243153007,733.8983413605396) 7
(252.53499694552838,250.01622948337155) 5
(608.2004511251829,402.43492396055456) 3
(830.9951120452723,119.4233855678799) 3
(432.80612055298883,361.7033777780826) 6
(250.00013624680562,178.0890897332892) 5
(602.1145351431709,914.8816069238206) 13
(37.81443190625888,891.7280749034471) 4
(805.8254186741237,729.1637568357849) 14
(426.6094532049651,939.227584293952) 4
(470.210200571012,958.1961573627187) 11
(530.3116454837065,835.2906165173954) 11
(564.3836013432195,657.2912490852743) 10
(809.7365185028029,167.30761519406622) 9
(925.6231685901179,687.7312933597076) 15
(887.941097089938,766.6954926667498) 12
(532.6672269700609,608.0425840531468) 6
(530.4233974929301,12.968717470462021) 11
(423.31437160148164,404.46958228167085) 10
(707.9041911852189,583.2614305552986) 2
(670.5602682433622,692.7501242347173) 2
(454.74839316453176,878.6517599268739) 8
(379.1321619579821,687.4624499734185) 10
(950.9427686400155,357.94298994923923) 9
(954.8629442785891,525.9148042120548) 11
(132.23890785545933,230.0570645019393) 10
(844.6553036801441,860.0388977462026) 5
(416.89501482197977,841.4667143965961) 14
(334.2808362335397,284.8775934104186) 4
(493.92842481349686,293.80407973359524) 6
(725.0682544014039,699.8356717815785) 5
(43.29330205734705,229.01352755497805) 1
(168.42214490758988,916.3726722654105) 2
(358.3357817072008,878.2894921938745) 1
(581.1610325052688,270.940894651862) 5
(491.8749197386953,457.41773485964745) 6
(323.14720875083003,836.0135385419738) 4
(777.3644812395167,387.5878231091101) 9
(693.0447454364181,137.12224032747557) 5
(14.722534858785941,716.1925241129087) 5
(148.29969254667597,154.8568076983856) 8
(245.9112262559021,232.2242235126878) 12
(754.2305684587592,114.22969272021322) 15
(531.6258348533072,330.0628916705386) 11
(967.4883698411905,376.9189043891742) 8
(118.57818398557262,70.70346548159334) 11
(852.2544971314466,796.3888073905539) 11
(814.4345658351924,695.6785928444112) 6
(277.12362466745753,493.9774252785825) 5
(632.593847210619,883.6478069007252) 5
(871.4803215783503,538.2367751369975) 9
(499.90129177484357,769.5079209014478) 14
(638.2967467419292,689.324769428923) 14
(335.3538986764042,814.4024908023684) 3
(199.49613731923012,798.6684603305474) 8
(437.9821588777997,210.49085571453818) 14
(299.743155514392,768.5910593331123) 8
(265.0554991659796,685.1096971276964) 11
(748.2444458533583,10.153530668226995) 11
(155.0471157171447,480.7254031188239) 12
