1000 1000
15
(0,0)
23 80
200
(262.2783371654024,870.3041025199832) 4
(205.19227114253414,944.495334959591) 1
(597.3786362093751,385.74772352962805) 5
(654.9758831415362,213.85479525206753) 3
(742.6490668679477,631.3128289994274) 4
(799.1857168650569,321.76374318549426) 5
(105.82173023042085,848.7546510385697) 14
(568.5168237813027,519.1907780273227) 9
(206.53083313928133,554.4144187459332) 5
(269.7162979151715,753.786999154562) 11
(228.4717451966187,907.2850591574453) 10
(27.883927061586043,916.4291554632938) 9
(38.09592207815171,330.50779852845346) 8
(978.5202967932231,385.7055122327797) 12
(996.720632455758,38.848602511331706) 6
(982.5935982450735,106.33216199213535) 11
(799.6073821941345,611.267074222853) 8
(715.9513558787332,65.15036350856562) 12
(892.866988373164,114.82014687666987) 7
(882.4097810322886,992.9498318923031) 8
(795.1577945581814,526.5450709057908) 12
(917.6971029554488,785.8291944652283) 13
(576.0234028781904,697.848941146995) 5
(869.8958675680132,569.4800472167043) 10
(549.7191054961271,164.74576347256308) 4
(242.15618604893152,274.07626513512605) 5
(938.4631206406959,78.47510227462095) 4
(850.2190485518998,182.65788493416136) 1
(50.04671078932632,161.0385798287475) 11
(841.5782311463071,538.7869031643868) 7
(715.3745130212264,536.9816982096925) 3
(756.3114218173225,304.6205996331198) 14
(536.3995395503609,990.982368280109) 9
(554.521266326832,775.5988871486885) 8
(624.0703316865729,250.65246230694794) 15
(787.1607447762216,379.09636141094484) 6
(947.4801595609772,177.32239959088503) 11
(818.5359631643224,61.13624821796193) 2
(497.9390964298558,78.1209769888479) 8
(240.52413315930744,519.4085869815805) 9
(29.263898403165236,510.5593652279574) 11
(208.40154868122806,714.6606167450344) 9
(235.41195217641285,713.5829199777987) 5
(929.3915792005348,508.3332457886859) 12
(293.2551330149147,476.2409891718139) 10
(710.0323617561941,932.3569231982779) 2
(825.1748032646659,975.2075279440448) 12
(861.0892963958008,935.4171604654864) 7
(531.1331072782599,735.7049755064785) 9
(982.029277516521,271.1698673639833) 6
(34.20850188512892,381.0797912812449) 14
(680.2592780295954,456.4646556207531) 6
(878.4861678286918,175.83940196521576) 12
(7.294990272269541,172.67399844539045) 13
(212.827043968283,823.418819545522) 7
(822.9779125084958,608.2695732105939) 2
(50.74619954162773,126.01858406306843) 14
(12.721540446694156,122.53451669651805) 13
(64.36817272079254,373.61571327787726) 2
(955.2933931766102,328.5651592717016) 13
(159.04850159084583,908.8603323232147) 5
(391.78682487072837,862.3953507778712) 12
(217.58959354262464,954.9820753018419) 13
(818.5377806277816,286.37687729507354) 8
(502.70499881829335,141.96836969048675) 4
(328.35457016811387,861.7761357086334) 10
(999.4193180709087,928.0023323657865) 7
(912.431890834866,94.50296424223892) 7
(667.3436718956465,933.6046165511405) 6
(207.09555260161738,74.47866522207558) 11
(466.3416956447762,684.5113380133079) 15
(706.1203000688178,998.4919141848555) 2
(411.0453757037226,990.9710682696269) 3
(37.12909475990689,554.8787469489934) 12
(39.2861646537751,837.6500038120671) 4
(910.3323790655058,758.4511314981769) 15
(176.38327481748428,814.9303875840516) 7
(640.8753968533655,613.0140660070074) 11
(990.0853294935871,585.91724269614) 14
(151.34987125855136,313.8451805525445) 12
(291.22889489564017,241.6201302314409) 9
(714.6872820258526,117.56773876743387) 9
(179.0167454450764,411.55485599022603) 12
(540.3505629071138,264.755901766087) 12
(491.14762112652977,481.2185959612071) 4
(74.04315167552922,667.4294286453379) 10
(105.44558008456384,642.3540755786472) 12
(986.9392129427499,117.10839922671768) 9
(667.8808820616899,913.6756133361597) 15
(487.735679346708,812.9550881297733) 1
(429.8330560236421,504.670856939311) 5
(511.4966858946066,406.8516765236203) 13
(107.50558708584323,698.5452281600831) 11
(398.69813162433866,269.40479734284895) 14
(578.0941603152291,286.38041226103815) 14
(580.9787412697025,519.224315970573) 4
(14.85273069073212,10.815510555980513) 2
(702.4053668526813,881.8352839033168) 5
(764.3733020285815,844.3732750575272) 3
(314.1535049260684,171.46944713451995) 14
(869.0519363132256,227.39385963577553) 8
(959.2339541965436,644.683688359863) 14
(474.94611876229476,767.3176521925718) 12
(550.820041802954,125.38028116688548) 12
(844.698015011694,220.6005555412147) 2
(115.37559909462125,52.70620522229264) 3
(890.4546803859382,788.8475224747592) 1
(78.16032408946805,160.3406599942816) 8
(14.674461266329653,737.5423831344427) 1
(776.2476475959854,201.76620404333167) 3
(410.34659115685565,216.49725081562744) 14
(315.6511560202625,127.9291630470203) 12
(947.319897537923,919.4028685597008) 3
(888.8134854468539,259.05236999433225) 13
(424.0996935856115,807.3929210764859) 2
(392.87345392952125,966.4099830890002) 8
(471.6130821726827,181.53428348502865) 2
(919.5864737754857,124.44113183594484) 13
(197.89999158292449,398.06729951213003) 4
(778.8897474345417,755.4444033127876) 6
(877.4845580645255,90.05741648849097) 8
(84.4660406314427,699.7121476424952) 11
(558.058465635305,26.542352080565877) 14
(665.9106154054717,204.25089244934645) 7
(282.341958112025,278.34482313703523) 13
(670.2664273615834,298.0853362002646) 1
(487.1651716473078,543.7157315468463) 2
(896.8785503496439,317.18210372733637) 1
(894.4803126651033,119.28215516225238) 1
(210.69692407026287,574.8758396045415) 2
(800.4511820659098,371.7490148277552) 6
(367.87743168153355,808.0936677659555) 10
(910.0586417779359,30.661484269712048) 11
(294.64531151892317,937.2253326797683) 13
(87.76785601090975,870.5454939970439) 9
(785.4562336673088,806.9409503422143) 5
(859.9540849936718,818.3128452833955) 4
(158.61857445316852,865.9203209507614) 12
(440.6478612019641,382.79347619169357) 14
(15.725406526461372,532.068934893202) 3
(927.5614639087387,755.045723223702) 4
(38.09172716048958,627.2326765663253) 3
(808.7524504264672,807.3647031102806) 9
(700.0308254851611,358.74582396508833) 3
(593.4819971512724,842.504704111336) 7
(308.02193819855603,872.0790697281867) 15
(996.0738793819137,454.67297522454265) 13
(995.5238242892198,821.2346103424959) 2
(491.9176835042487,854.9220432639092) 11
(395.68069116569495,27.758771281878538) 11
(697.2147388678286,673.9011149817487) 6
(858.4884548268276,854.2527094516212) 14
(64.1761974160886,458.85594635708895) 7
(144.83165226870165,115.55326107892682) 7
(608.5038018572861,743.7022270400756) 15
(284.7224146660946,500.64605596346865) 2
(121.76332719611015,144.01825973363614) 2
(315.2914322502762,624.5761623901687) 7
(19.79097800048868,288.19546092030026) 2
(126.02691839925073,622.1994170560625) 3
(882.680390453116,289.73172876390385) 4
(75.12183921998161,996.0356114796632) 11
(941.2058810234989,923.2715624687422) 8
(954.1517087639164,231.87422206416252) 6
(609.159988816327,24.606962292962663) 7
(686.4721134113507,969.1250873170268) 10
(88.30908223868406,296.5540133749608) 6
(82.21673674896446,635.3247467119794) 11
(457.2580080939271,471.0898682527222) 10
(764.2891546976002,531.4726791376793) 10
(863.0587483672851,614.3966450245939) 9
(524.4790123558066,844.2736729026823) 5
(394.88939429607086,238.92467350350654) 7
(686.4538274947528,63.60535411260982) 6
(334.3358445074943,734.8360271328004) 15
(687.8127884585037,187.84091188294406) 13
(403.34000680156055,600.7813437778574) 9
(51.54467142881458,778.2844336630673) 14
(539.8570694180199,881.0816527260625) 14
(964.6939039453492,727.6932421730794) 15
(495.68238271958586,8.602081773678826) 8
(90.24121674144759,409.6207668052223) 1
(990.6163703655104,27.338298793458726) 10
(403.52877162305856,730.4147738841201) 1
(669.8256636593081,190.38731534698994) 2
(291.14164143815793,752.8785364724818) 13
(842.3470758145517,105.4236933353464) 13
(369.1536694190057,597.3272439353691) 7
(642.3785478201208,672.8863732801285) 2
(24.5357365596266,77.22256154679208) 8
(254.97863669906386,441.68825181531713) 8
(639.6515280195357,42.67636337283187) 8
(232.50392901908467,765.9398678787022) 5
(290.3003515063004,521.8917139584863) 1
(655.6104476098709,15.921538258571456) 13
(586.447136269684,40.82243950994658) 6
(429.91114747296945,621.6626233313518) 4
(541.1578703460045,583.9992266367639) 14
(541.2801265735723,200.9611289401103) 9
(940.0790069396008,279.80997008245987) 4
