1000 1000
15
(0,0)
23 80
200
(620.939963057128,512.2275354403661) 1
(61.89042925217703,789.0970185557586) 2
(441.16029538116766,261.8192442688925) 14
(1.111781563003067,973.1836610671413) 11
(856.2287333718551,440.94605673967146) 1
(709.3450307421273,787.9262714188175) 14
(344.2234071185591,594.4934058772843) 12
(986.2118104312808,400.86741687529513) 11
(392.7175489975108,48.86600630435278) 7
(557.0410176950306,677.1637059687563) 1
(339.22999696663345,693.9360522845419) 10
(879.9886785640416,84.68770034090211) 11
(473.33252051057895,68.03055396730484) 12
(410.0017026642829,879.297090346588) 12
(690.4238526505239,618.5294099471881) 8
(548.8330932223278,125.19662935439425) 1
(213.10687958695496,459.40190135108026) 5
(936.1682120243073,298.1684741449027) 10
(887.0818843241927,446.5054831446141) 7
(737.6220356721662,813.7058684694348) 2
(133.34135064390418,800.2039943012221) 9
(835.4093942559805,914.0323412262908) 9
(836.6704091750153,63.64555728355459) 8
(82.99353585198965,583.376652525313) 13
(501.3734042383554,355.3508236952776) 14
(440.94348447573805,222.30230654398153) 14
(533.5943211714471,44.66679647570548) 13
(682.4717942547924,620.1692787175111) 8
(352.6569713685621,578.2131478313762) 10
(239.99055749839505,232.33691607833228) 9
(568.7317372952577,805.7610508678458) 10
(104.47948502388304,809.9851892096943) 10
(121.50434405636878,845.8013296347901) 7
(697.0909853093286,467.985852474781) 2
(926.8194515434786,281.8791849538285) 15
(936.1653785691977,536.3024646555244) 11
(834.4217153839911,820.8430670280183) 10
(67.83428701933781,426.083146889096) 4
(450.8602331728126,434.904328871444) 11
(994.4008206598536,645.3266387739924) 5
(410.31207375744935,911.5464569793502) 8
(612.1042986821069,740.4977841046485) 9
(838.904235820259,178.79180202026623) 15
(640.0422375627883,494.1192827843559) 13
(226.12854937293835,155.49760274741564) 9
(776.6969897286605,730.7457102337614) 14
(825.1365505448656,919.4724647848728) 10
(894.5901588629266,226.66091527365873) 14
(646.474788774467,504.2836536622439) 13
(261.91235414009196,808.6642082301956) 9
(615.4863678536705,908.7334264503174) 7
(29.510783401324513,117.1444570189576) 8
(824.1364463059426,264.02209381751516) 13
(176.25045661092076,550.7215422042932) 8
(889.9492083818968,384.89715425096114) 15
(873.2010163084104,178.81950452771656) 3
(616.766492742643,351.4470336937252) 14
(122.22111899840272,223.21424406403702) 1
(463.3788861039889,403.96163732897475) 7
(958.6502997803535,455.37131316510715) 13
(245.5538413180366,933.5465642997543) 7
(545.3750516952124,391.85798406645443) 14
(316.93669831564665,978.5480002039955) 14
(733.1501737616845,152.50159736208934) 6
(919.7677456391605,471.3537980599268) 13
(572.3777620979803,836.2483993596386) 3
(628.3960673497353,791.3701808366795) 13
(538.1457897901013,274.6795684579846) 8
(292.6326046927921,821.1775657779448) 4
(973.4578397972787,990.7823261788818) 11
(385.9145026084208,373.7562841777069) 11
(530.8306966761951,396.7883643429342) 9
(261.8597694881806,708.0040503717775) 14
(580.0416924443535,127.9153597280548) 2
(606.5001402550323,34.8677072953093) 9
(241.82612559162953,671.2859037594138) 13
(709.4096495168809,363.3927906261689) 4
(789.3967867683859,751.0983048206288) 4
(343.6559850303088,518.3989478899332) 11
(6.080603667693474,919.7777124304582) 15
(792.9154273337894,502.371127145062) 9
(61.65642413115635,871.6151101650901) 7
(810.7019286906665,0.1583558263900109) 2
(527.1904435474871,502.68046043967473) 3
(15.082365080058224,150.94894837207474) 3
(967.6208362330281,373.3613872695035) 14
(832.609336331856,945.6050137517843) 11
(237.66376619613393,348.2214194589478) 5
(357.9621107715503,5.483915243890802) 15
(568.7091434929673,574.9589102788868) 1
(719.6878157082365,886.7453398191159) 4
(992.2948488662137,826.2628262450396) 2
(918.5403536172266,193.11774508425384) 12
(636.0184220191787,731.9190179672277) 5
(7.444570756500402,111.70045194037004) 2
(523.343853094155,507.554578208363) 1
(270.2211598999222,635.3672333276329) 7
(27.793957045085136,4.017364338259166) 1
(232.41437768151764,977.4591349843361) 3
(18.34936526602382,742.7366236353954) 4
(360.4235372493733,366.34266299498876) 7
(882.6330171618567,836.9331651513576) 8
(43.178926367534956,52.93004734157925) 6
(642.0523597053108,274.10163355476215) 7
(70.58902336923822,890.6251057958377) 2
(321.89747678487544,143.13359369656686) 1
(239.83860667803435,764.239009033963) 14
(314.61474516898636,924.6359100472636) 3
(279.87320993740394,472.7226740473085) 15
(833.3065711961112,960.4128488581855) 5
(5.843197556758994,120.38561158358718) 9
(527.0765732179415,117.63624154140994) 5
(856.7301253198435,143.3991617310212) 8
(37.011278206340315,865.0898050052101) 3
(939.8330901224253,503.525538678989) 13
(7.499929924994708,928.5196325156912) 8
(132.98280815006248,244.00549503775903) 1
(498.0877638511839,700.6447525409787) 8
(163.91944978014848,844.8819939449409) 12
(591.4859017381727,515.5216490490275) 13
(888.1280599521729,679.8133005061975) 2
(355.4506599820043,779.1751462237627) 15
(753.6028538914608,501.5336458210017) 9
(59.88394159412491,129.02687905912646) 2
(471.2579827713532,550.3550440339073) 6
(688.09292772359,726.2977475952351) 12
(349.1835663957762,293.8397487383488) 2
(664.9288829865044,396.0991219753248) 8
(243.63077002446397,577.9533369207019) 14
(654.9104736728302,27.345573858560957) 4
(583.973767584784,602.3070598869458) 12
(935.0317361754514,713.2681479518695) 10
(757.5943999334509,656.5134124439151) 13
(674.5410676738371,647.0288504463997) 4
(806.0627239239165,302.1707837080008) 10
(773.6974908201962,137.52671237294044) 8
(486.119538682654,929.6998108339435) 15
(498.7665951090987,282.6679242460868) 8
(877.7701220280505,376.7638475733556) 7
(842.563672667591,214.6489661743012) 3
(439.66125520059927,277.60485520036906) 3
(847.3953914160262,530.4127073951627) 14
(617.458185490925,806.9105434486214) 9
(821.781456875003,865.7688658770601) 4
(809.4519572660192,36.740083598710285) 10
(113.05992755229077,143.07247020859347) 8
(411.20677635939387,878.7618234118615) 12
(995.2483513579477,849.6418203276841) 5
(624.3024365674204,230.79392084931283) 10
(847.2999469413447,947.0929085172112) 13
(251.33248683861243,720.9302097283994) 5
(909.0183709319103,842.9142724135113) 10
(827.3186982502899,715.3671619070982) 4
(384.57570786510786,607.9967675382579) 10
(402.44367986980023,747.1926852598085) 9
(175.63811546152962,790.2687119406538) 1
(348.45775161561966,729.4765649208159) 10
(552.7286560963101,29.6652604765133) 3
(976.4950661631449,372.47832565475767) 7
(966.5669670554631,518.0457048634639) 3
(502.80384239535357,922.1189526006649) 14
(511.69947818988635,166.86851501076472) 5
(539.5082729753794,560.3005089701096) 13
(301.1862500000584,455.3071311048671) 2
(546.1098748008866,137.75408911383914) 8
(323.2545731219555,26.864324334848533) 3
(659.8929028752948,386.26115947892293) 7
(902.2483917762451,71.60216081206327) 13
(987.082662137576,586.0463478320586) 14
(642.8397190051803,938.2788603996304) 13
(259.98452617791156,454.66604752582265) 6
(743.5302236302111,974.0088648484198) 4
(886.9261782103284,518.9887255567075) 11
(63.90377609398901,506.4977051837031) 4
(322.6788015347628,680.4124274550215) 13
(451.88519510601463,703.9326601334278) 4
(985.2878917255242,100.5440849723126) 5
(207.93939907796434,489.9057954787066) 14
(337.7204411451859,490.57677701772917) 12
(383.34251032213206,122.6194526245774) 4
(74.75422087594774,349.71664373513767) 2
(535.3873495723751,655.0654241228517) 8
(348.34048087704116,270.8741909559069) 4
(122.6778027562967,138.35026106459435) 2
(957.0383227324311,738.5774966805085) 13
(856.7247171532209,911.2043562267332) 6
(951.224405109909,791.0733472598249) 8
(652.1298447078179,28.368624405756492) 7
(166.1115363086668,651.4583570191024) 14
(305.2238846392718,652.3727259149165) 13
(114.26883589771508,631.1226604060649) 5
(341.84963753742284,305.02127421428503) 7
(754.3967371601848,237.07456418723072) 4
(0.03404739602130835,187.1224827111446) 14
(411.4339540336477,701.303711563926) 5
(477.0627090529329,672.1412720476509) 14
(738.9543714275554,352.5961488481236) 11
(61.71374747888769,847.4479469766746) 11
(55.006200928029656,985.341195209614) 11
(737.9528072586875,317.5724121471025) 15
