1000 1000
15
(0,0)
23 80
200
(555.4014952067165,725.5812908474558) 2
(266.3838172041928,834.688274714469) 6
(902.1472221409351,817.7608982429397) 11
(178.08197490943235,107.63649928453944) 10
(504.6752760588373,662.0567743052676) 4
(499.9346873713759,298.4487253279161) 15
(899.4799924340522,655.5517280267604) 10
(885.3703894008835,922.6392816182707) 5
(4.930651266657926,183.58057551968898) 15
(397.6276594777759,36.96869539280778) 13
(572.0613155925822,431.1792241314054) 5
(709.25133486622,200.23623917940404) 2
(242.5417698787058,848.2560327488259) 7
(146.6235084764761,464.54602400902166) 1
(339.1945032734943,425.9734710297989) 1
(642.1500446541223,682.1562314347842) 13
(482.5059557657809,960.4672205126852) 13
(952.9277654237782,738.1022446088741) 6
(583.5952527973315,919.3863568658273) 1
(80.8645475938139,191.6089290411661) 10
(519.7982289034543,991.656233274001) 6
(609.2644853219658,66.91451507897727) 2
(46.6462340269499,27.6886575771349) 14
(424.10148292103025,104.97145000228846) 13
(753.1172170719265,502.25018455582915) 12
(780.5102542906254,181.25561978394788) 13
(869.2531127266963,588.9833102702798) 3
(857.8608969008015,382.8460509725474) 7
(299.9519716106573,945.3220019266046) 12
(173.0524922097294,835.6000128326551) 14
(840.8934797934794,920.6505604926824) 11
(60.86974855237215,907.8072252776077) 2
(350.5777474766846,756.8880106258937) 6
(224.0073422678731,598.3873957706605) 4
(739.2201302903911,982.1481428371329) 5
(284.6367072753032,2.5176214449484924) 8
(196.19746534484682,978.6147874451539) 4
(19.7067860879776,647.1220082303738) 9
(444.9947556122477,106.98345008248388) 4
(11.302195021134498,800.6413310391767) 11
(663.8053099386689,98.29899832683053) 8
(717.0434697176529,784.9465754785627) 6
(146.98442361405174,716.1826151272787) 10
(571.23159485543,318.2686884258581) 6
(462.3018421900547,792.401444916341) 10
(553.3135025684408,862.4473028728434) 13
(173.54648191451372,357.1440352545634) 4
(661.4420657224313,111.75328167475651) 15
(246.19709888904674,444.5626394206275) 15
(574.29265419345,896.7744727120935) 8
(48.940375929269585,79.82453454155869) 4
(181.96745763722322,90.36504140636038) 1
(701.8640559381683,861.921614807182) 5
(17.174255227283,149.10912360640572) 9
(47.887522602354295,404.6970054687743) 3
(192.24370982790805,492.2626606797647) 15
(106.16488868484653,870.3725183623803) 10
(749.5135475077437,186.0645960319943) 1
(20.834768735224163,366.21194558143634) 3
(575.1673659042817,91.3436698922836) 10
(760.4407542075971,452.0950956380977) 4
(135.44271846955303,892.4407320793904) 6
(285.9365433453209,351.82033759109055) 13
(531.2855768365856,666.8509973138089) 9
(716.0432646812236,559.5103059027772) 2
(732.6756050937004,362.22987553639587) 1
(66.9796711304571,914.0930488293626) 1
(355.64149247461853,264.6605414195552) 5
(660.6899992253966,482.8859331266082) 12
(225.16582862633183,40.342690622518276) 5
(173.37850140307842,202.56843174827378) 14
(254.32835960524048,391.7430767721558) 1
(572.5257109642451,650.3778281938572) 5
(972.7930578026842,679.4236507546449) 6
(591.3597591277589,215.54568763328018) 9
(370.56450452232457,851.9302326319374) 10
(265.2334447142316,103.85872562323917) 2
(729.7558263629364,513.6998116246685) 15
(195.6214942038015,950.9234233545257) 13
(630.8678661619545,784.4580001867633) 10
(862.4936037609132,158.386460465596) 14
(168.79112805635177,744.2197107221328) 10
(562.2445710734722,704.65353774415) 15
(635.9999763981353,335.0660389648258) 12
(309.8539797808797,682.6917470473694) 11
(45.95797511521571,213.8361951165122) 6
(914.5814924427032,87.87115602327866) 11
(246.2940568074996,839.876342216042) 8
(893.6145442366483,172.03125582950696) 5
(739.4011289556754,890.8724570438852) 2
(67.890131782676,984.3425070921471) 3
(193.2123380870522,590.1045273374527) 10
(849.7752235567289,393.28620303666116) 4
(202.81034327810542,915.507057736574) 7
(852.1200087057499,8.592026602283752) 9
(903.269144079697,631.5623961453401) 7
(467.4007469007959,299.56456280766906) 14
(196.1197974601726,361.765501273986) 15
(515.7329731322841,352.5591798948564) 7
(47.12364984676442,53.586389732788284) 8
(311.41782819201205,647.0657023951181) 8
(875.0200298145846,632.2621980036597) 9
(58.459758501894,133.86118159965133) 7
(278.8902635191367,996.247040409249) 11
(919.9875827378173,416.576736609378) 2
(973.6213452456885,915.6801668075537) 8
(416.2013965957208,941.5346787381897) 4
(626.7231593451958,127.74902834828706) 8
(749.0991738418659,877.4157027238534) 11
(107.51853066948414,143.07083655546094) 11
(144.0288815002103,601.8197741574064) 6
(723.5147766322166,241.4840508847569) 3
(577.0987646015362,248.00294874142125) 14
(271.082269601856,729.1934820075701) 2
(939.3115165241862,90.02828710822241) 12
(207.35699579337629,860.6116522910099) 15
(715.9973972863919,334.5689707046732) 4
(996.0889356834783,151.45054221798227) 4
(280.183764374749,90.93680994410802) 9
(517.4714111314239,418.7310975437817) 12
(826.9474483104726,474.0067998271984) 7
(705.7078252785761,87.80087315336228) 8
(494.89282283430805,8.8825723595376) 13
(12.767081383928014,861.5513439850934) 2
(386.46030468703066,39.38265105861849) 7
(295.61893551019216,842.7027033799155) 12
(695.7233680101479,533.9195538668349) 1
(843.2794230491235,971.8807512802697) 1
(82.90947122077996,985.3202897205035) 2
(856.7495799256302,100.75250632866717) 5
(941.8211110171119,622.2842829248136) 2
(250.65855907993117,545.2710460956791) 12
(199.11358272474533,872.1001368387155) 14
(37.573354606097894,442.25336245301605) 4
(891.1683032197143,221.06607537605026) 6
(300.0735782292423,673.2501150416049) 2
(61.10345903762593,613.5596107255244) 9
(6.17617314558272,635.7941034431269) 14
(822.2230144248585,792.4181395171494) 7
(407.56777227286244,316.7170807269184) 9
(556.399953987035,747.2456614754318) 3
(574.9720086252705,181.94521308094792) 8
(283.08126590854124,822.5996054174088) 8
(591.7938165238946,919.4557878552288) 9
(85.36735080158687,802.8972831108389) 15
(24.903663452109704,118.8008572252246) 12
(170.4793916442432,351.75254055488745) 12
(53.102275188909644,665.1149614238166) 1
(43.212933407013374,303.59950734182786) 9
(752.0721817967694,9.884914594032512) 12
(84.51018138981148,691.6633030949831) 13
(581.1785905315252,782.5548742121235) 12
(289.2423945202275,276.3669366942476) 9
(214.4804508456002,902.2930324230362) 4
(365.30329999840603,790.8282858009925) 11
(850.6855813485721,926.5042302775495) 11
(643.7100200592788,583.7508225522048) 2
(770.8078850901323,276.3770325960447) 3
(224.42317808192936,372.75402543134453) 1
(385.10978843276746,369.3205984577216) 14
(830.4987267236943,288.25662805058727) 12
(627.2424749953495,806.6441549718436) 5
(700.2555800082318,264.13491737266384) 13
(848.2084909667201,540.5968886085944) 12
(947.3362789446903,313.7522193283715) 15
(991.2892573092478,326.1463611625286) 15
(251.14659393647898,259.908066114802) 2
(271.875113897815,368.910646747635) 5
(676.8544366753658,234.3195389903844) 5
(128.90510171739888,65.02819597996113) 14
(73.88680069295827,336.9858654977902) 3
(709.8219608240557,86.811032193573) 13
(212.51314586537774,794.0828043275679) 13
(538.6508686763082,112.82151869677026) 2
(62.932812790373774,767.2391800293611) 6
(574.9907019521552,123.00062080595598) 7
(903.8155782230979,382.2524265324251) 7
(901.2424500108801,63.4878874777256) 11
(572.0103438077386,199.33296021362156) 11
(973.1138089836913,918.103107490939) 3
(308.84667901246985,87.30196569593407) 1
(951.0554781173598,245.74262226817788) 14
(648.1154266385861,952.3311690544625) 2
(792.9464520485644,141.19198678881196) 13
(420.87267942575227,291.9907930779626) 1
(392.9355347730563,402.5012387798409) 13
(96.28778306405272,13.155476314411496) 2
(570.1884289536197,861.4891139084499) 1
(262.78556565377085,235.7542700641274) 4
(663.9113992660232,207.61502383125762) 7
(638.0811426530478,434.4028532215141) 13
(398.68420962163276,397.87445436590576) 9
(887.2143671628132,496.2151607039975) 14
(847.580998796298,528.8167964381369) 10
(220.47838403023135,726.8047961801154) 10
(317.533245983323,506.09920543200195) 3
(425.2185570216079,800.9203173234139) 9
(981.2986473040745,997.9013061542024) 11
(999.1562882327786,545.6077685733609) 2
(304.09735035287065,78.33256329050542) 6
