1000 1000
15
(0,0)
23 80
200
(448.1053696924542,461.7227133342492) 6
(505.78923787749466,316.62046030508594) 8
(951.7233520952922,287.00832501536786) 3
(180.6892232421431,779.4080064942697) 4
(107.99614049422945,869.9100270995757) 3
(653.1918317656794,818.4746126397127) 8
(698.4149202247493,365.19500685133255) 2
(893.914000095933,204.24356903907582) 14
(96.3778098138155,633.3820839266033) 9
(374.16612931007575,156.58662471183183) 12
(140.052227356137,150.61666393453865) 5
(541.3936111740874,955.286299228128) 14
(53.44186109436699,735.8222864486338) 1
(436.5815825106464,194.45825526293646) 5
(712.0875571133034,985.3864278404754) 14
(515.9926626278623,495.97606547015226) 9
(812.4840831270154,386.569625785529) 9
(478.3712841946609,910.9408989875252) 11
(442.23026975953474,840.8306121989355) 15
(429.934324360727,345.3837414421903) 1
(716.5640035104445,672.7443624838332) 15
(798.7259434625032,974.693819590487) 3
(198.1091941220392,540.6886157791948) 8
(25.585032824651076,227.7054676614051) 1
(180.6513227957379,731.133081849036) 4
(906.734701282775,203.00682926892222) 3
(19.115744230660646,578.3153626634153) 6
(704.2193769153002,920.2935018807061) 9
(855.3709057954868,307.1319413011674) 1
(968.4780628392903,632.7822974368434) 10
(232.14114770463078,783.8734466955223) 15
(711.8559064137531,245.99128951315996) 2
(670.5644448386449,126.71145995827371) 12
(779.0054529079758,286.978266480311) 3
(309.4323016385764,253.3681180499081) 3
(213.52616883523723,838.6197289495864) 3
(192.73358846897548,325.7552037146227) 14
(257.117834491822,118.43682573880987) 4
(91.84624571801348,110.4675885346642) 5
(241.49905032213616,60.33898808576177) 5
(85.14954066398562,207.26236407237687) 15
(836.5548384170723,752.2837433648632) 4
(803.7215615012758,747.4109147653456) 5
(621.7911311249173,212.129431389818) 6
(917.4510314284372,809.5751249499183) 14
(689.5080825876448,87.97025321505735) 6
(41.44633732822722,148.50493645208073) 1
(965.6532226163044,792.2701588955279) 13
(969.3993116382667,11.12188659642943) 13
(140.3496393134317,985.4122101816307) 15
(613.451447322225,58.27957126032257) 5
(384.6049182019988,951.1443061891297) 14
(347.99625687236113,525.0153467409481) 13
(289.49016067664024,867.9660496744998) 3
(586.0028426250952,340.5715342713295) 10
(898.9643819608525,572.1531943748189) 7
(202.87501763134807,48.10721043728405) 14
(308.3303994101253,95.98591522693889) 7
(63.874766952037085,196.98996764344056) 13
(802.4735184954118,854.3304295805086) 7
(284.4868036774988,216.6328539865603) 11
(745.632196980178,698.9032829985364) 2
(137.63017792766297,183.72089005511594) 1
(670.2496949232849,513.8475661683005) 11
(96.34329589972567,891.3363856864753) 10
(474.91307536161474,444.4064894329287) 10
(9.150192328419294,774.431609242638) 1
(149.44267724578918,273.7499792936198) 8
(205.99794716338693,415.1141933189193) 14
(86.4291075026441,768.4323592598324) 11
(814.9526668789103,596.6616563741326) 15
(586.6980188671064,629.2695622361347) 4
(117.49936615401879,503.124232193442) 5
(481.5186260964688,92.60668572435694) 14
(701.6238013074595,276.76251430657993) 11
(756.8709534425903,938.6755608699928) 7
(163.76411724676888,830.3849401076905) 12
(254.26020481022792,872.7391078638135) 11
(93.56090731797961,468.8618641877691) 2
(746.4381564931995,399.65538327402885) 6
(351.4549124319469,933.9716130223883) 1
(891.0661003168938,440.0795826084054) 3
(589.4780046684673,380.5486904742885) 10
(313.76554191941017,62.807991693002776) 3
(83.28944016845851,300.25996690362535) 12
(125.95571632836389,924.8171676392353) 6
(839.3208635570726,327.43954419518127) 6
(100.19252488662988,251.7582773016922) 9
(249.0406013850347,56.698267561679394) 12
(480.6581924345618,978.069446589952) 5
(336.28197121806767,353.4157665112605) 4
(742.7354688199301,771.6086874554288) 5
(825.8864470742393,80.96848816790347) 4
(119.25982573544269,361.3029891883804) 14
(298.9103279983296,308.5433824974841) 4
(791.1513704139492,894.5486098477775) 5
(776.0441295679027,230.2641286034075) 11
(166.43048669945205,172.9731682347825) 7
(835.633705933223,527.5503898956692) 6
(308.1255266829741,407.1053276797203) 11
(727.9072012660033,547.136992876298) 10
(266.2065863132275,214.52172319392815) 11
(325.6018409323932,705.5100252438904) 13
(173.7061810621422,690.2997825569506) 5
(908.705455871008,55.24788727667473) 6
(595.078786736912,28.661773114638798) 11
(33.10565799787468,399.6367834416401) 15
(364.31534114712537,320.02179523187493) 8
(479.7534842276469,354.3283710320898) 6
(353.8673519848291,999.2031966072806) 7
(584.0803692911769,799.3701139153541) 3
(363.3071624237163,667.1502005651951) 13
(483.41803503266976,227.8243615665435) 1
(271.43395049567255,228.45247780042044) 9
(95.67646586991674,592.1285309587795) 4
(711.6253833190133,881.2848509278064) 4
(219.511340833358,695.8478949539904) 11
(166.44948072894707,222.63282221958102) 12
(904.256331941488,626.1719247558734) 1
(297.69243027596605,337.83332466987315) 8
(243.66130270306252,297.46207735362907) 15
(863.252768242895,52.76709252606982) 13
(859.7967820805696,850.1298006061786) 13
(504.94465610122154,983.5203752474091) 8
(538.5799132861682,859.4470442766285) 2
(947.1872008774993,802.7025422564509) 3
(198.07796871714933,954.5694432937045) 13
(889.4481188537225,507.1129851444922) 4
(52.191259207283515,192.95344096033463) 9
(571.8409872452975,457.43199163362056) 11
(157.46670585432975,680.4154565339591) 15
(599.6538342592376,165.34393881286212) 9
(303.48091729089,929.5714485260631) 5
(881.8479431882159,827.2604924708397) 15
(862.427084397907,922.4989435974697) 3
(960.7221717666412,722.9866002159989) 13
(284.82659457166335,392.8900664403562) 1
(670.1544092238656,845.5633758983005) 13
(743.7979017712591,420.24791573620143) 8
(869.5640615462195,171.0471156469302) 8
(165.55922644330744,356.5307800750307) 15
(413.3971916245649,751.5875673489022) 8
(759.0501767807503,226.99403489289682) 15
(748.6098956234604,567.826914474349) 4
(426.3775931024184,375.48788125489983) 15
(467.1279175355622,802.0927651874516) 8
(797.7491299556175,484.74629831789684) 6
(352.3353859868644,407.06753645624735) 4
(876.2786309252729,241.56922410546565) 7
(134.22134075525938,314.04915265083565) 14
(858.282103751124,472.70090275689427) 12
(301.1364303488552,974.991566032503) 5
(48.91527760822312,476.56433982118506) 3
(951.510633662981,808.3054032085136) 1
(169.06322672834818,508.0364570258531) 12
(77.9571655266531,873.7531586939454) 15
(785.2682598204784,186.13398735522034) 4
(114.13256962755392,39.66084544810966) 4
(201.45165904905693,354.29081931214756) 5
(674.0379536347028,532.7859530016444) 2
(139.53130462370277,726.5726885943365) 2
(143.56897928098113,438.9350853068521) 4
(359.63959620404705,405.5717696142932) 10
(139.84385266401645,932.2924628015247) 6
(674.4874699963144,81.76894920717648) 10
(940.1143325842277,664.0912188086085) 10
(635.0184249028047,707.4200189370553) 12
(361.2739311425828,488.09208221708445) 7
(862.4544445714,648.1415852620456) 3
(387.8657800154802,432.5778952074354) 9
(407.15705828739004,898.829983683619) 6
(695.8978145598065,2.456328270225683) 4
(340.1018876054701,305.0129715665653) 9
(200.7614847802437,356.74910994444974) 14
(622.1999909454876,638.7774035708018) 8
(713.6506573960796,167.17098561266474) 8
(918.6094261345197,373.93458178586314) 6
(207.93860485438665,829.8843907468108) 14
(50.71376862915877,223.34230996558003) 14
(151.09159146777705,159.42122319348283) 8
(920.9746533301098,228.75092099664096) 11
(467.77405246487325,66.73833328546897) 2
(135.29423668225937,809.9724971196493) 9
(429.9128028007383,227.62077158622463) 3
(990.4384873226096,462.5969281908593) 6
(798.1968772455875,471.6576302174488) 14
(433.3535356097823,125.86697229378518) 1
(61.7221005761952,324.2136877255365) 6
(31.817507671194512,381.55959194907416) 10
(49.74039077559389,940.0657039922086) 15
(313.4945883976593,474.9854864027451) 15
(969.4210933799286,472.00904820724986) 11
(316.8882596358707,334.6975446211229) 15
(527.4236085672452,454.7106017117606) 12
(462.73050800191993,796.6277166887941) 11
(828.705676613033,346.89469463470334) 6
(132.16616792792624,507.1496106700216) 4
(288.0169052837485,839.6152813807388) 3
(271.75138037984317,670.1853185441502) 9
(396.0762048383888,739.2152120633864) 9
