1000 1000
15
(0,0)
23 80
200
(784.0065218834562,219.48015533147048) 1
(238.83878425719118,376.905956337075) 5
(509.4760388042013,90.93512370511536) 9
(717.9034231382578,927.8010962088745) 11
(593.8476700269218,950.7705446433448) 4
(664.5638497661555,933.0913801455233) 10
(28.672147477359466,795.2396487430717) 10
(415.5522643898594,922.1964650940876) 13
(217.03734352900761,460.63852729768485) 14
(553.4892915812562,334.66980609967555) 7
(372.2321160586087,725.3057657995821) 11
(562.7952591173668,673.1015656621171) 11
(139.0412274715098,767.8532505619088) 5
(235.46632137785383,399.1321053418374) 9
(376.5836161912519,535.9442146983888) 12
(928.9981998828822,773.1327042774985) 5
(759.2949100722121,352.82065607151645) 14
(691.206508998938,968.2635426854299) 14
(641.521153412658,690.8185826867767) 13
(81.0000126635303,384.0419840549901) 13
(706.5538916762549,671.4458018223204) 1
(115.93976435209541,652.1401793187844) 2
(69.7867956803514,349.39576439940834) 8
(643.3643745703321,99.68383249872093) 13
(928.988007740743,523.2614039767066) 4
(458.56251721014485,337.62116893110164) 7
(620.6149277697743,292.97518738966045) 7
(342.18592974302896,999.4002686447172) 15
(936.5777057042721,189.51193789835673) 9
(993.6962047378274,276.41764292229055) 13
(743.8736276512226,323.4227675980743) 11
(295.41239778181136,628.8345629417947) 6
(430.51626632741824,841.7440751995128) 6
(766.7501807422418,312.0755509822032) 2
(573.6342240289607,124.26528923561663) 11
(875.8176152466635,754.0764093278201) 10
(356.17399850909527,681.3261692670889) 5
(36.09322441215757,230.18320341677935) 3
(271.79401463137685,730.3893893505888) 6
(667.7629359223929,394.7950231517181) 6
(742.0531773646376,773.8561996046689) 13
(440.18655176996737,330.2146791427154) 1
(390.80062863516605,412.137815883043) 5
(320.817260523821,357.2929262155513) 3
(891.5112856321753,375.7093306996143) 7
(446.33978295462265,813.1214268069253) 1
(306.41911618012574,725.0884677790322) 15
(530.4208745039626,689.0925025875896) 15
(913.5464815657699,197.77144689695226) 14
(182.94207867047052,114.8601865703076) 3
(734.5361796652074,371.32270974544315) 7
(13.19599936882343,427.5703238100895) 2
(266.46672778709825,142.53542792987028) 9
(702.1654015644175,179.65002109556482) 5
(480.04823241918837,651.5928162824714) 8
(926.451275045676,485.3330744833939) 7
(719.6588919154387,686.2213653571082) 9
(692.5453285441358,655.6798259704414) 8
(511.9278235702432,828.3352394735016) 12
(908.7594698225798,119.60938723302938) 3
(154.67671927746864,753.1143035998675) 11
(323.6649683663786,803.9166266207822) 15
(363.9283842373836,448.2714971174504) 9
(260.5561846287012,277.2982239180266) 6
(951.9464549548885,568.6994729417825) 10
(185.72256229489648,209.92049453804472) 8
(485.2997591032967,656.5970363337498) 9
(277.66428512355066,52.116948392981534) 3
(133.6191606956738,444.50983246248035) 10
(840.7501862372693,362.80999460916365) 4
(428.93744417152834,49.28756781021515) 14
(702.4342838349571,498.3465411862525) 14
(903.426287954514,956.4173919855008) 12
(76.36251066270295,853.4447293775474) 14
(167.33487006091386,865.2074355474634) 3
(427.9176771965593,988.5298484245127) 6
(899.9809240085166,715.5044365027902) 14
(514.2143892911739,503.3010076735749) 12
(365.5539070361391,668.8052249080164) 10
(403.2398021043232,99.26197626502109) 11
(496.10892611407274,661.6958822996132) 9
(707.5956935272982,902.2722623064253) 4
(59.4009716355165,556.6053070156979) 2
(536.2776638799518,573.9106431195606) 10
(214.7330354045691,182.18124709121207) 3
(622.8218002219162,872.6876863684645) 15
(11.099788613128435,148.28255470586836) 14
(730.140617866435,565.1975472334656) 12
(402.31562390017393,205.84910690279412) 11
(15.065234940414229,385.1020704440138) 13
(885.0163964701135,142.52205017946585) 9
(122.9482897817562,848.7420443269702) 1
(983.4012102775241,442.41832937835034) 12
(234.63640538387486,451.32944887356285) 1
(351.86033928709804,554.885553392208) 3
(342.49810369255016,528.6502842784873) 13
(860.2561488230072,649.8232370225725) 15
(882.7117979691201,262.2029242190064) 2
(30.156983326816047,897.1504200611615) 2
(103.87806240596443,570.2843544361791) 14
(118.74828243271784,240.7425761376949) 1
(710.4632048789646,889.1578780632586) 12
(904.2729903963658,704.7167526749264) 14
(183.14230607533665,657.3937067203719) 13
(32.00221753951516,747.8092041892147) 1
(582.3605927118681,610.9128309776889) 13
(363.0353501449899,500.9381300434342) 3
(2.119886301115037,460.2372108646516) 3
(4.1199882711264735,840.297399314257) 7
(852.1286287783287,934.6237560004366) 9
(47.70470010579464,934.9174866573801) 4
(911.167419870385,860.4109052526871) 3
(855.2480488967933,616.2757934784889) 1
(541.4161373321575,480.0080019633707) 10
(145.95037234069375,777.6144159577073) 8
(985.5952467149331,626.4597738596048) 15
(927.8260506902226,25.67565678236572) 1
(648.4881321977999,584.9668773138941) 13
(700.64958446668,237.78948386629517) 8
(197.34335981924,819.48973331248) 4
(623.4194213266829,719.5453568137972) 15
(485.06717956197485,765.4824380945691) 8
(902.8158152001629,673.8973752193854) 7
(366.1755395562766,710.8111013541536) 15
(804.5290665056846,614.4539283710948) 13
(734.8595620929733,515.99125380172) 3
(699.1076479140191,15.589350936701996) 5
(416.15986173641096,494.8230733764721) 8
(658.2282063590071,67.01854756438563) 1
(518.2862142639297,909.8288781806502) 10
(642.2164561235988,325.43108897801875) 12
(569.3694654463301,889.3537578849151) 10
(854.7141217418978,370.17805957523785) 11
(441.00972462865496,515.9598107254303) 13
(974.4289889894952,78.60156818944452) 3
(710.4385853922265,598.793285111503) 4
(783.1320821025708,400.69335389713444) 5
(957.3214608008484,331.83150327884715) 6
(604.5007847826529,793.4416045095832) 14
(193.05392760556828,761.482255964322) 3
(856.609354794414,870.1443139141983) 13
(68.08322113197906,234.38736545211592) 11
(110.8131544010088,898.0133003812465) 10
(634.5830363782162,17.514924903328733) 15
(664.9401501784062,232.69562458407222) 15
(431.9463596580558,253.59137283922573) 15
(393.3850119720105,254.49413327172633) 6
(175.92271575345265,832.455763266894) 13
(61.421558199812324,858.7863704464179) 12
(49.05448420112868,503.9053660768035) 2
(772.5214134022112,690.8654331862805) 3
(743.4950245963357,595.206676045985) 14
(637.8851574591766,738.6142145805899) 7
(675.0112088105118,340.5582633705193) 1
(944.8186148482827,682.5672728660817) 7
(67.61252933641926,874.2704904154447) 3
(833.7069181867123,613.427134811117) 7
(596.5732361545428,943.5258697128679) 3
(403.3782893357613,621.9148842789641) 14
(124.15361680841075,188.97903443046005) 14
(866.6001184929927,475.41770883814047) 9
(635.5730953393843,689.9989798981134) 1
(532.6966079660721,132.76354864728034) 13
(700.9729255561181,494.4985882699031) 6
(712.4619787759582,902.9530610296905) 6
(505.8706177675255,422.7497097207459) 2
(864.7724377422221,196.58247806664707) 2
(951.714920379982,997.8359305630993) 7
(444.90213997503145,406.9317179004996) 13
(984.1758409206047,340.4601675685901) 6
(557.1379833196795,25.789409135166252) 11
(357.5535351114871,659.6275385281023) 9
(238.49512919303095,224.6409312418154) 15
(188.04589505395518,118.97234274821433) 4
(835.8964054504195,27.01855211289228) 4
(585.5149168118146,87.48573777376012) 7
(531.3789264386802,353.1458098032344) 8
(63.27301708292921,478.0455802370763) 11
(182.89924256776092,692.4626046747983) 4
(477.75920729220366,524.6269432188656) 8
(654.8342940565716,505.70804563996796) 9
(171.68694418401586,723.3976718210025) 10
(410.1790962506335,201.11639921662638) 1
(866.6077969063074,954.1293900034497) 9
(161.6135546850891,346.73776533074874) 15
(628.7188797104913,118.28804839724828) 3
(887.8962425420516,967.4900218436663) 1
(505.26852423266666,757.0536697816592) 6
(600.3666347269977,201.9802861121397) 12
(881.3408798288665,301.008791985662) 14
(6.511801977491238,503.765172560356) 7
(570.0016700134572,425.45493474490536) 6
(39.33692123306975,113.78392116074754) 12
(305.32793686221095,139.2290037608336) 14
(129.01428329137553,168.5446379033576) 10
(96.57625792287028,206.08288159846222) 9
(276.6302446452308,78.23508038221705) 7
(397.1051790902147,241.9724992563822) 15
(582.2253502833923,226.54098885369712) 14
(362.0130023699684,166.08423871286448) 9
