1000 1000
15
(0,0)
23 80
200
(275.19570121935556,961.4060417489429) 12
(9.299694919436718,224.76869245085874) 3
(679.2951123996817,986.5773237375888) 9
(516.3274933100083,195.33584058358744) 9
(455.23837043146756,195.9626522946164) 6
(863.9835398585391,616.5727267206288) 15
(879.0297260268799,39.86248518825941) 8
(646.9612403168907,307.4769167882523) 14
(954.4406134240332,445.4407751721844) 3
(799.4213994070452,253.56583153536937) 7
(394.39525923898,900.5687631016754) 7
(601.1008626785026,82.20813638186809) 11
(316.9279855822581,465.96312728420185) 7
(150.3408679646153,796.2005871683199) 6
(625.8668957629242,157.66202437058462) 8
(245.0521317578911,220.0998765162827) 6
(952.2401341732154,854.4724691682894) 11
(365.2558852523028,692.043295104468) 14
(968.6207695687134,407.96866293349734) 7
(784.4724771352069,800.8915730333695) 9
(573.5473010668538,776.450696140189) 14
(886.4755240006734,481.221484210437) 15
(982.2857351727154,963.879196031874) 6
(291.41505267544187,270.20704451173594) 9
(869.6426663008542,119.96591823106972) 5
(10.372338396821611,303.67979267046053) 10
(663.2051004589424,477.88687180771274) 3
(689.1009838791947,722.2052191081286) 7
(178.61104198524512,137.0865630967876) 9
(121.77027882680747,85.8966737598601) 6
(627.8470750127574,695.4658371064406) 9
(332.9008288429201,12.440376666407849) 10
(890.6039384182147,31.780577590064475) 2
(422.08897389258436,384.82265649095103) 8
(297.11315530468164,792.2699834571245) 10
(399.82007252655194,958.2603838973877) 1
(73.49471209345393,536.5124860627686) 15
(982.986758131843,308.519876151112) 5
(320.9730445290413,185.50446192000302) 13
(586.7626948799555,467.6470533921118) 11
(964.3438836466323,202.52961251395084) 6
(344.80732207276765,540.7303817058981) 4
(595.2527310903237,692.170810875369) 11
(662.9337578537423,715.8288489930607) 11
(281.6060392199484,259.34088931839364) 4
(544.4844151595781,956.449108759525) 7
(277.0520841825225,50.59072156405841) 12
(356.2833732999141,749.119057687059) 11
(819.4308669130411,966.8363792172846) 9
(144.89701049755632,100.28597776765547) 11
(958.5791702962896,551.7370560558298) 11
(560.7373716560479,923.9772134419808) 2
(508.8098398526866,812.8479241101112) 6
(810.8136895264321,545.4561501076255) 11
(430.90963314550277,676.1737099287388) 11
(532.789115274923,96.09243782172116) 14
(495.5979635082464,723.152898651974) 1
(46.35894293930498,101.97760143723733) 14
(58.25564536208694,977.7461334536268) 15
(691.1670514221119,297.26490652012717) 4
(134.89483581419427,802.0578288479759) 8
(894.0408452315172,932.5886805121831) 14
(418.16578901099354,232.22381845013496) 7
(649.8590968359898,257.74265945055265) 4
(344.58966498398325,670.1337006651491) 4
(640.0809522503564,863.4450306531656) 13
(446.18319545018215,326.23707777675884) 14
(633.7977952546747,239.76907030403095) 4
(528.1365827401623,77.47928720466935) 1
(423.07407474775596,98.92786880762638) 1
(320.1119484590362,875.8920713853049) 15
(209.5815069220457,963.0515485642184) 2
(250.05810334103583,943.1353744286389) 7
(232.53618658158382,843.3296840815138) 1
(985.5027494520277,803.2762832120069) 2
(73.23972110120114,248.4498512625547) 3
(473.8521385937464,321.59526614439795) 5
(888.9085126434085,418.2575154433946) 14
(178.8865265003875,938.7062091920452) 4
(908.980930574637,436.75132607555133) 3
(802.6251768473243,719.245675266343) 2
(629.4194091337173,41.600066605830264) 15
(774.6746087336729,739.1733502576244) 13
(222.67420623075208,579.6841576483108) 11
(24.830940718115425,470.9257860323983) 15
(80.72943508955233,479.7506973624901) 14
(584.8000254701743,630.4308641676356) 2
(292.43982972572223,407.96801212932434) 8
(119.7593462151123,114.01471937998586) 1
(409.35542661000744,298.70991810637037) 9
(637.9351234176202,112.92786089277284) 6
(214.70119487658357,754.7056911754711) 6
(369.2236233923777,192.5212847216038) 9
(436.8815877167733,821.6642125562773) 7
(702.0398577250841,87.9810145458837) 8
(69.73378409334386,515.5403103753922) 1
(276.4381418001822,527.6669435415597) 2
(201.5419645674753,457.1093759371291) 11
(923.1412476926849,63.93948993527132) 5
(769.0791741214867,372.2231099607348) 15
(14.302569390197139,368.73026287853514) 15
(566.3286033638361,409.6803949011468) 2
(86.90254784740415,374.0332592162544) 1
(782.8390203431567,194.23816507989343) 3
(382.42334851515915,147.13296420201416) 13
(826.4580022801501,385.9370809331891) 10
(127.71952033335387,855.9969922573538) 4
(698.2666434183823,986.1483297880296) 15
(77.07545584298359,953.8413406359862) 5
(586.4330610032458,241.8078438758009) 7
(924.5150983921075,657.1250193149044) 1
(686.7822784738468,445.54836090574014) 1
(374.09640166224165,836.3034737284423) 3
(105.02805201922605,377.61713982218924) 10
(712.9969642485934,658.3473940027193) 9
(169.8713464609657,44.473188423828304) 1
(990.5215133465751,530.3235897274052) 9
(606.3220563459505,305.5115052825331) 15
(664.9012821311835,882.1827613854294) 4
(905.5751802137098,787.7954937995945) 7
(539.2318106887516,391.6717939282288) 8
(912.0506718309003,316.75109360592745) 3
(582.2784817325891,33.35425186647112) 3
(1.4699951785954735,34.498816675665786) 10
(471.1088066399906,820.8930076174686) 8
(84.04531119544056,295.8212589030541) 5
(28.393697020238974,274.72946966592514) 15
(813.3756658661772,779.5825334525497) 7
(250.70359444685064,972.3009737842976) 11
(864.225115627261,900.3406245212755) 3
(939.3537028103556,288.5253806714741) 10
(503.9675199244984,138.93006501138706) 1
(347.560615888346,328.9109567329915) 1
(773.2904454234637,703.1633384171273) 15
(998.8935167508331,876.0934904713913) 3
(493.16268144057983,260.4319238448477) 4
(496.2544808302963,294.4949663407106) 1
(191.75754014927048,982.2799974008489) 13
(229.09714955589743,344.0539553275357) 1
(118.81155333968563,787.3829126140399) 14
(388.54176414956476,708.0673283152568) 4
(761.0128043616681,839.2045406276579) 3
(732.7894594694291,187.26850958814933) 7
(279.7733931028975,108.97862220295673) 10
(297.44451977020304,538.5511713349977) 8
(183.12686440984095,881.0968495874079) 12
(966.1717094330104,527.702622269765) 15
(870.8721290479408,239.38431928443515) 2
(775.2794385861941,472.9099454190052) 12
(439.84817343070284,204.24310822223225) 7
(303.51070913411303,180.03369507299672) 1
(852.6092459042823,624.8975204608273) 1
(571.900740377417,453.86663713306376) 9
(90.58612145098543,711.0301860817534) 4
(527.621415766486,490.2428050240535) 6
(614.128505245022,588.0244711833204) 2
(991.1094657492156,505.50049551678046) 4
(276.1835050554503,891.4496971961725) 6
(358.3796579485604,308.46035105309863) 13
(791.214744734025,835.2161189634315) 15
(56.316646232237424,486.43391869656693) 7
(525.7760086699988,820.3655381702539) 15
(463.2827798225733,522.5203785724811) 1
(188.70194112543902,263.3597015428707) 7
(598.0738733419308,435.9883411910487) 15
(856.4759314188108,561.3418343236083) 15
(666.3134259087632,42.57974120203689) 14
(569.9882452529754,192.83636336506004) 13
(543.0476091874392,612.3416351018317) 6
(252.82002050923168,509.19465846888477) 10
(460.23487393760166,438.9942978876107) 11
(47.801610838522635,171.6857898490487) 14
(588.8947988335456,236.11544823356277) 9
(44.83916301537516,743.3467767954221) 2
(454.42949361090155,317.81188118638204) 7
(527.8340320051869,433.5156928805072) 12
(81.66383955524448,170.616845710434) 3
(558.8237005888384,36.05032288099264) 5
(857.7376865633905,411.4341455103341) 6
(186.32206255152306,659.5038423926622) 11
(384.3146000126246,606.569626192545) 6
(446.3558060102466,403.8629279252387) 1
(790.7014082977473,605.3251428987095) 14
(949.0335474213941,832.2689902823497) 4
(813.4483942229293,157.25163879054793) 7
(248.75438794263914,914.7966911827855) 14
(939.709665704693,865.0708511487412) 15
(955.1686281642639,21.514142675827408) 5
(26.517698383400234,394.81715826760257) 4
(870.9062085577623,920.2025268509236) 13
(82.63296654235252,524.7905134135385) 4
(652.8846230100094,552.8331445959362) 12
(167.06167673857962,321.83970928288966) 8
(189.50845369861068,358.2191178481385) 4
(413.0042156965135,523.2119391692493) 4
(786.4685979430978,609.3795723746645) 10
(362.41232135196543,874.6172382434393) 11
(684.1183650034607,512.7895397916762) 15
(329.71573191871926,523.350735833579) 3
(985.5528683049735,276.6842741333466) 4
