1000 1000
20
(0,0)
23 80
200
(354.4717865123923,721.5843524752353) 17
(195.6969852424918,557.6400507000641) 15
(905.1051621727925,264.6849438603902) 14
(97.40049745547152,196.62136237835227) 4
(20.294997624864642,760.5390723884348) 14
(415.37958404348376,850.8917302495873) 15
(919.6694596061504,265.9541575790193) 8
(162.73910171731154,320.2568418079631) 18
(503.81538512069557,381.8992674514005) 3
(498.6759239954921,57.01608892321352) 9
(22.624887178985254,224.32999398959274) 4
(606.8913436882638,743.6470342177881) 1
(775.2099646852777,454.8343156971123) 10
(311.37395651758834,622.7799521919791) 10
(142.52334709103897,909.6697233111261) 16
(229.256647902912,777.9379470982185) 7
(282.64292030470085,709.7977119859883) 18
(936.5748543401511,297.8680009976764) 3
(55.617045096383876,857.8271911704951) 11
(164.0720653108556,867.0226207368845) 3
(229.15901162988683,612.0253612748489) 9
(175.25889100338244,821.6511068409294) 8
(570.1779330755487,228.17822171403046) 3
(892.3949384565453,212.50586406810967) 14
(334.04963089921,417.77207967355866) 15
(416.36257638825145,922.9431516473627) 19
(6.571073617340772,321.5553736306773) 8
(935.2870678318681,170.26891358177065) 14
(205.94217586770702,949.7759121648688) 18
(88.68304369573698,95.80269430888278) 2
(412.54623140209725,865.4547685232181) 4
(637.5843864637409,407.6115015737121) 3
(417.69305774085063,548.3873144943216) 18
(134.5003756147848,396.57119845856556) 20
(110.04269182294024,29.82544115570407) 13
(515.9634761818735,727.105526859979) 15
(868.781871871099,78.84118970138864) 2
(794.0067844671626,513.7927874325187) 8
(828.2408760889438,153.992389140173) 6
(791.7278086599009,670.8559819531137) 19
(333.83729180147947,936.2484325864363) 14
(671.7801501452741,392.8296558253195) 1
(99.9517734905876,136.04676272080096) 9
(322.6699055224459,405.6168977847726) 12
(568.9178286356962,728.018217186729) 5
(948.8132152822833,725.3452243708861) 14
(331.0731777471506,245.9802520513955) 3
(488.955745492008,928.8635986018292) 17
(429.23528820838084,714.458418367102) 19
(937.3026971125498,587.5330579001186) 3
(741.4948372490992,748.2175270845851) 4
(508.5745516175667,259.91420701901535) 5
(390.1025268844194,378.30715415685626) 17
(551.0784673970414,602.5993257080079) 3
(817.629823717102,866.5950586012096) 3
(392.19990918675865,883.5749558250155) 6
(806.4518375626208,258.1988309840687) 3
(407.6530358315913,964.4661709056434) 5
(196.43172989258028,328.5058453226385) 5
(167.63372181974833,581.4429851222599) 4
(631.5184738230796,387.61560871788635) 3
(818.5854249262152,686.1379545958142) 20
(765.3677892018677,980.7995804655394) 6
(926.3405067976831,112.87610489287192) 16
(192.09916981576038,660.883629744069) 1
(741.7338211900077,184.01103192720382) 8
(182.54639495402702,449.8530896742997) 12
(917.5762479377669,192.90889693412305) 12
(184.7970094431356,558.1862396163167) 7
(167.94050821879858,83.49735333101948) 10
(602.0095900548507,369.7500386532222) 13
(360.718051387242,913.6786684034566) 3
(179.43204323092687,467.0407720295714) 19
(822.8796454717474,482.433747166178) 19
(589.4068028740896,409.93790066780076) 11
(48.918174711215066,303.99845152392345) 18
(8.689343900268431,520.6185020921221) 11
(403.44095436984605,230.4454317457366) 17
(482.86835936438075,873.9942260861169) 20
(788.6024826458994,863.5499332132295) 10
(621.9699133489432,262.1580420690353) 18
(77.27577894340831,612.3173180327025) 2
(281.07890648349263,962.5128492388421) 20
(924.0208414211611,367.4708156047848) 16
(745.127069132736,72.27557492247516) 11
(754.632772491791,244.10905068045884) 14
(436.2620450865654,40.84853321676063) 17
(553.6139651623741,525.509740148679) 20
(485.3493161201791,403.76224269533844) 17
(784.8066572269197,20.57189235976198) 13
(940.1700963411965,135.50097334514487) 8
(551.2229260032376,628.6867157624458) 18
(384.54886304725267,477.9056351802845) 5
(770.6930348225884,816.6513511675809) 6
(100.84648488500004,624.8152265957962) 13
(240.54857717539525,748.890480950641) 18
(465.3904186423452,505.57072725782604) 18
(582.4173728722017,689.2243808616789) 4
(630.4631197880282,763.1530838468158) 15
(298.88807076280955,204.05096315068138) 19
(848.4279273407387,112.31984230777847) 6
(826.1435939774877,634.540642362964) 6
(129.89783177172953,207.15534295727477) 11
(166.1242396835414,582.7213200715157) 1
(72.64303810685612,258.66399070106837) 17
(904.1711764469366,864.5253323396987) 11
(145.54263740314843,478.1836438717905) 8
(859.2772963852117,812.4779923582993) 13
(864.3010789290648,22.350992131939474) 20
(675.8519483164537,464.1679959974232) 6
(234.87204931618467,592.0407702747419) 4
(879.0300730525039,543.8584585265713) 3
(202.3136362159087,441.84021464988797) 3
(429.24786585453967,597.3243654222849) 15
(218.8008561533573,164.83817686342672) 10
(863.6368309263349,216.29399636757995) 20
(174.3120600656799,202.2467508703446) 19
(7.066688248002384,964.3212124388119) 5
(680.7952175678748,615.3625071717094) 20
(593.7139115245617,637.8789683409367) 6
(636.2618141187435,48.51464337828493) 14
(147.3873783038985,190.9967296345143) 7
(820.5973889504739,586.0028089494281) 15
(89.00900611675766,391.6863653092334) 16
(807.9386133309634,680.6826704623337) 1
(420.52281293145853,472.1400852802943) 3
(987.6869706060753,658.9845466396237) 4
(593.2023348598658,782.897080775096) 19
(690.7851761374571,738.6844882529912) 17
(139.85099129851397,204.5682231906263) 3
(852.5534333394986,95.72371584958329) 1
(569.2657023733857,666.8810474319731) 19
(718.4602557474504,0.743412635607843) 16
(740.3106740102307,719.3734457585125) 20
(55.95118807691701,855.355642177071) 13
(705.7209930269777,940.4490194568177) 20
(720.4925602215333,897.7664256525144) 6
(160.47872853796008,167.03007073193353) 13
(291.9526075327392,247.8994994424898) 6
(739.8748697029806,461.3563950434695) 17
(135.9952833421828,373.9131027928797) 10
(744.2914549649129,329.2445731753486) 10
(516.8475377070049,346.69694630821715) 6
(876.2621313437708,615.3002386161513) 5
(725.3108156139673,194.12856962978807) 13
(942.4946839561738,166.80959451408262) 6
(109.43589991242197,999.3121966500835) 11
(373.60655702439396,579.9465876223778) 12
(818.7098678751041,125.67165973054284) 3
(534.5406184470347,179.83269678767266) 2
(388.0381983894204,475.4968910064289) 12
(568.9136621411778,829.2345805666753) 8
(118.76369223507344,684.9456409391141) 20
(188.0904162067135,198.88569285462322) 7
(525.9006913189925,405.29643513523905) 16
(61.20767950673822,993.6765435599879) 20
(448.76578711882775,640.7781818091689) 2
(393.5232169967962,672.8336166074967) 17
(301.9101481689338,50.43673824488404) 8
(635.6215208574417,895.3933899070136) 16
(45.13599774460408,421.98537975514984) 9
(172.77003037679063,78.51268107960652) 8
(586.3984296722601,978.128163459662) 15
(751.400745648522,340.4054178874055) 9
(502.95438072320974,131.98274859522584) 19
(841.2857589479886,795.518103568655) 17
(411.1773083107519,905.6117356491801) 16
(90.88653663677282,12.685643475244923) 11
(111.28802821343986,532.2920691319908) 15
(842.2345753958865,886.9257007449439) 20
(77.3103337790445,315.9334305461419) 6
(811.8767253492827,839.3031495695275) 9
(470.1823356002058,356.8246680069298) 14
(303.5498083222514,237.51034243098235) 10
(380.347679838266,963.733273109054) 2
(302.58349736018806,955.5637383254353) 3
(685.9813946169761,739.6540260366833) 12
(337.64114151592105,373.23637869263035) 1
(488.2021759929891,322.7405889682824) 20
(53.17877714950847,457.6526387815831) 1
(237.31242591781765,613.7026513158262) 11
(458.1933974772657,245.4848875954545) 11
(356.9713908796124,219.77894630007899) 9
(388.21740182827403,674.9933224848637) 10
(302.4892000548923,165.32289597342788) 14
(484.1454456323191,768.7217253684914) 17
(622.5042468257118,670.0422097847544) 5
(25.441925731910843,512.733557579006) 12
(4.356599573108522,4.130774006862015) 8
(858.9729966447636,871.4947288948887) 11
(527.4426746869616,460.7414229802235) 16
(625.6566153598084,994.984092595158) 9
(138.19637363789806,197.5849608841934) 18
(789.7746805828101,40.46179860252863) 17
(111.29881555612897,661.4350606382653) 12
(392.07711632475105,424.38001603419593) 10
(686.5096086000783,443.2202097030481) 12
(328.1329139005026,824.3506135427108) 3
(159.92331804181813,661.8994116904734) 1
(270.51927103275153,390.61523020716317) 3
