1000 1000
20
(0,0)
23 80
200
(705.782730307464,323.79882796013004) 14
(754.8596066100097,520.9908822222781) 1
(650.6185833208007,453.99999635861366) 4
(101.68726055175847,972.2205587545709) 2
(432.59853633807023,777.6726395160806) 17
(16.553502342162464,923.2665237614763) 1
(707.3863099831023,805.3649250656952) 19
(408.1767723119578,717.836762742616) 13
(479.74462940424013,303.58545209498124) 11
(33.70423162959002,538.0399949705401) 17
(80.41246619361698,224.95389680072608) 8
(551.2215817962315,805.1835048950729) 13
(757.8280690531645,492.08382084469025) 8
(641.2800434607741,572.2211113544274) 14
(223.49669880458967,810.6094475993077) 3
(676.1810446338244,222.23363898729488) 14
(973.5991322257737,114.16570434603568) 5
(653.7188099606992,497.6844708949192) 8
(643.5960168408953,53.1614562125553) 19
(75.07058972801106,370.9877629427402) 12
(504.5973554065528,740.6519037270848) 7
(847.927461911834,402.5961069596592) 15
(408.1401775022417,155.91814784830328) 2
(742.4255322678431,199.87044420305023) 13
(380.22166715779616,874.5554573917576) 5
(85.68648262826395,33.59446143589329) 15
(935.1523621408669,72.89955966763661) 16
(535.2664755859353,504.14162440930863) 11
(740.9018090426418,713.8971585154311) 7
(794.7552779300602,244.22810712873243) 8
(343.2901296643325,200.8862872724503) 18
(361.4749196401555,849.9268159692515) 15
(912.3224630962229,257.52266259822164) 5
(803.1951033706657,965.4339716028604) 4
(984.6459299930077,180.08342889472473) 5
(707.7579526690959,481.14500087982435) 8
(802.988149613342,810.4470680631798) 4
(557.9037620055935,553.210166989004) 2
(149.85654651853798,826.7307465075177) 17
(851.9001789616633,570.0287338696971) 13
(600.0953898662624,700.6331417197899) 13
(976.7718942436596,657.4956554643717) 19
(469.6612524430397,253.7914513098648) 15
(841.4989380693712,693.928869940255) 13
(70.44939702976704,882.052347314958) 8
(953.2718681406101,460.3665388897327) 18
(161.09550486581213,766.3147872499677) 10
(358.4381015315088,158.61994066181327) 16
(32.193178222920224,329.22496994799457) 19
(356.7797051714674,501.29281222089685) 1
(30.289614584093517,538.3277810799375) 8
(865.0322970387666,262.5864300631733) 11
(896.052693250727,155.84469760492868) 7
(822.7471738671876,842.2251841879687) 6
(980.9895601789835,588.1119947344124) 10
(225.93383363405883,424.6321525435256) 16
(325.36025160591555,20.939035231740675) 1
(209.5218336406025,852.0421797051747) 3
(722.6990163691662,737.5945627796839) 3
(476.653586353495,455.42315344969995) 8
(931.5298001424572,377.1562873025519) 20
(931.4195056446279,832.3045016519235) 16
(726.9069742100191,303.5274377610991) 17
(715.511998958701,687.2840353009035) 11
(650.4127741749115,844.7808135279647) 11
(708.824635280901,46.70817406576655) 16
(989.5269917679432,18.870755500163817) 14
(565.0824554057747,779.9622294980769) 19
(915.0849771417433,894.6536698567953) 14
(350.67076949398137,154.63564201357872) 12
(441.8436163441304,588.432138808662) 5
(530.7707100177637,140.85618425923673) 7
(545.8514726263827,742.201367001064) 9
(617.4789411275018,517.1277346132634) 14
(253.9662538980869,108.52722045336927) 4
(549.192240544331,469.86188764453317) 11
(619.5213302406418,798.9806517566473) 7
(44.05483243336239,199.3536846952243) 9
(718.4858618899733,659.8160515810556) 11
(560.7116544208284,613.0837636419268) 19
(516.6560891035879,71.39800320345257) 4
(639.2318622102164,150.5740733182065) 20
(855.4935234433531,872.6658982609162) 13
(434.40117647666676,520.723634823296) 3
(797.9543455052457,964.825584420902) 10
(362.6619503631763,584.8877478265405) 1
(690.4318398802604,511.59270597730824) 18
(923.0837261089649,576.6527025913477) 20
(899.2767765195576,645.4529713460794) 8
(201.67682071705707,435.7493927513484) 13
(60.74284691458964,482.573745338864) 14
(520.6198766908536,427.43682839068975) 11
(454.6303001640074,281.80873773695345) 2
(429.8368051162552,105.30516298522696) 16
(544.9249426826774,848.0501582437844) 2
(263.63042313052887,505.09067023491394) 18
(72.3160944865211,21.843863889674296) 14
(812.2339738758135,496.52488412025195) 6
(35.95434175411138,554.4248489577442) 13
(475.3996667304813,137.56486950891224) 17
(233.8364964800894,14.935485074120237) 1
(243.8519915697134,959.8363921335533) 15
(50.41972586769228,912.7685315402163) 9
(742.3290111389383,488.4037080281884) 14
(491.3579848918609,292.50639658522294) 17
(804.1636576632608,846.1268190228866) 6
(19.760052103712454,834.5040759955947) 7
(536.1963077517734,74.68486869232439) 19
(379.33041682874614,719.6625396187289) 3
(112.56851194088402,192.34058444509205) 4
(10.556095774351792,664.4767287822665) 19
(392.74054571205505,176.029692030233) 11
(965.0890172674602,37.522216524816244) 17
(783.4966815516028,130.5609739728636) 17
(547.9596802112891,962.4262715570319) 3
(280.97563862869555,835.5895889133895) 15
(195.1475235848693,101.36052373708625) 9
(847.6414166116413,260.95807528043093) 13
(33.04909829435909,395.6399311219021) 1
(251.84102891685058,655.8909613726415) 18
(296.12626069980774,728.2023673156224) 5
(818.0564545591175,461.12405178259377) 14
(878.8527429516952,332.60010507631256) 9
(328.8596076527479,540.4474146054365) 13
(81.26389102441445,463.51507868536413) 1
(753.5356088995538,475.92862127642957) 4
(416.50108189904654,699.8144429299691) 4
(402.2402780087397,308.9813646892006) 4
(73.9033469632402,694.7665435217428) 15
(672.3803361158934,970.964187827812) 17
(504.2562220917547,802.9749375912284) 15
(38.704281742456324,651.4785838980866) 19
(831.2778749906565,622.7475388068754) 2
(337.6520750527614,349.7272518960354) 1
(119.08574192559462,43.88567846848779) 13
(330.993646371104,550.7867360661502) 19
(312.58672045505597,39.37828137906052) 9
(464.0325101709751,234.6353507114336) 11
(311.53325518883037,660.061567963365) 9
(243.4486760297192,224.05080866949368) 18
(173.21197334662986,543.3200382251396) 9
(460.64736067071135,838.8050086532395) 3
(394.0390210669966,387.45285706665453) 15
(8.656962109765743,344.5659963184448) 20
(523.1798292271866,451.0821675798099) 8
(960.7030304056324,286.42450590872437) 4
(581.7183615994398,301.89724329149414) 12
(616.2983699397507,497.9996037078296) 6
(577.2612658642038,117.07681737441777) 10
(79.98231415125889,217.65705139382973) 18
(671.5291594973977,774.271414116949) 9
(53.96632599775153,281.43826267400476) 9
(810.6557572439966,590.8848254797268) 9
(576.7816845860812,754.22351952242) 7
(724.7527167081103,556.2079833063184) 6
(170.905726226499,507.0052190469726) 14
(934.2792261767695,12.859086837386347) 8
(860.3704688486623,902.6214080590512) 20
(806.0395159255728,401.72696289928865) 9
(247.3667941610198,915.7540225301359) 10
(46.518224021947496,772.8579491484915) 8
(55.47065620102576,646.5315820599578) 14
(300.85809369428017,237.6205254631214) 8
(345.6046178373151,360.59272944009336) 17
(707.1794371978655,343.04335778813044) 7
(911.783074792783,47.4188363935385) 14
(353.6435448777074,510.36564275904095) 2
(40.55289199861167,587.6541249865277) 1
(962.9247974968805,614.3151590896862) 7
(559.7024733745128,364.8745105778769) 6
(757.6405105122093,370.91389190995096) 15
(32.54826612679618,945.2464911780671) 9
(873.1415124100678,637.4162636871249) 4
(209.4399110529821,827.5455428870703) 6
(675.8945552834184,7.925230142445394) 6
(245.73325980532877,734.132688945124) 10
(17.116931028855586,718.2498700712122) 10
(754.3661971443629,823.5137935499336) 12
(875.179948926795,318.8881424451471) 11
(67.83617224655869,123.29785221167423) 15
(857.0828928085692,430.59099314847384) 14
(766.1809937316763,695.194000558837) 1
(704.6439375181817,250.21833965901652) 17
(789.8270397204703,9.648601353899888) 6
(545.3960823010914,788.1167729220523) 7
(955.7278463391,983.2697311468787) 7
(707.9941269820104,404.1411963639272) 19
(736.7911603450663,314.9840907432353) 9
(515.7151275249898,922.7124663064241) 7
(463.59120557399046,461.7850279202499) 4
(181.17992552664154,64.32024899106459) 13
(709.7877391247061,326.59148494590886) 18
(938.4432203288287,321.10834631909455) 19
(380.64575879985006,775.8252150021797) 13
(543.4038342072284,512.5008795563635) 9
(336.529582412592,937.2667215303617) 15
(317.9860573165496,505.4777741344263) 17
(954.7189520953,164.13961948502208) 3
(779.6588893169636,574.6395299744862) 3
(65.32142139693332,402.3433746279178) 5
