1000 1000
20
(0,0)
23 80
200
(185.5863423626658,499.8993234626811) 10
(768.2055521596469,584.0785918953032) 12
(555.5451734013594,770.4832204570639) 1
(896.3186233977851,655.2261665496014) 10
(855.2534376863434,553.5122731183267) 20
(703.6748529596247,20.688978406616656) 8
(498.29587458389,543.2583318691115) 8
(437.3244704962075,56.35792920546046) 3
(352.16250394435957,360.03235828964483) 1
(527.3753516170045,342.9914083535911) 13
(241.81089209796193,841.5645117870224) 3
(864.7897662833491,274.9396355880749) 11
(793.8426563356157,722.4443973063844) 15
(630.4168551624601,17.274905220442392) 9
(868.5596596566776,583.3379801480228) 17
(777.6838902746139,373.57202845723356) 15
(129.16712323451807,505.43046911872057) 16
(986.1181226908441,696.144865747238) 6
(941.8103423734259,104.7476677355914) 19
(762.232510517853,104.19430795712381) 18
(901.8213265738926,328.69162988935284) 20
(539.6385566447227,579.4890644453778) 1
(260.0856920024587,310.3301790565446) 1
(543.5225806849452,833.0891878208525) 4
(88.16267428356616,483.7790651249995) 1
(229.26263028885995,769.6302323103699) 6
(671.1353403004603,122.75793130619716) 14
(385.68986817331495,957.8363584513619) 6
(430.4282193627822,4.586502818942462) 16
(806.6118274585222,144.76332467796215) 3
(632.9720017476004,813.4139463751412) 4
(648.3080589754916,428.55291548619635) 19
(368.78567665757,597.7095541301926) 14
(833.8137509157416,108.95062350758478) 18
(102.29850691868204,294.57898544359995) 16
(26.29710540154273,553.3126760245676) 18
(473.7769172537063,278.9542425709738) 19
(658.8106833569615,265.52235054707705) 7
(491.5271251409841,637.3202780659702) 1
(860.4467004312615,653.2545462068077) 9
(33.60310152244217,353.6361790356638) 16
(472.82243814084825,280.52768659589924) 11
(542.8721714699337,195.46639121941578) 13
(827.4351345977421,506.769302775447) 4
(847.3952109175306,757.4433593687747) 16
(606.1936179460068,280.7104215570595) 14
(812.8319389939703,345.3078685796938) 20
(748.5089095569111,574.1078122289794) 15
(738.2806804044546,661.0308349358811) 8
(856.9690463875831,718.1286807210416) 15
(518.4134199137249,992.4263654150562) 10
(655.188250054171,350.7659235526682) 6
(193.3263211533266,811.3895631097959) 15
(506.0740719734329,756.8566209385579) 10
(601.0117596572384,924.7676943611513) 9
(905.8402236946494,702.608511000547) 8
(836.6214668509346,393.57681379696163) 19
(663.8547122262703,642.0936489699205) 4
(714.537607502664,262.9532375972293) 10
(164.72671528954396,851.3732290659549) 20
(37.467448534648454,349.95483765422597) 19
(129.8956533586969,364.9766371271286) 10
(886.0941078420667,213.3156398579248) 3
(907.342491662883,763.2967478590109) 9
(792.1789109566721,491.646852429378) 4
(200.55876527873596,184.56900219447047) 7
(846.4003328692643,783.2999427299264) 4
(969.8171483630778,763.4977128767306) 18
(42.05568565681106,194.60397864219738) 3
(808.2627980625003,593.1933643718356) 11
(672.6049335026904,611.0732889453558) 6
(808.317130826503,322.1324562338457) 2
(607.6173137276692,848.2805053463969) 12
(374.8550692772156,978.420230586221) 17
(697.4558572239108,255.8040649992489) 18
(182.56422048791055,354.29088570772836) 11
(731.9424393850103,19.871045069279504) 11
(425.46617988409554,766.4555964335915) 4
(571.8211983992811,562.541057373334) 7
(28.032849316832365,700.9549121232961) 1
(696.6598999112981,337.60258629885175) 5
(277.48639685768626,88.57194920805622) 8
(539.4507838182718,345.56132344028987) 7
(531.1934749060197,185.16720359122297) 13
(848.3221231738547,559.6373224402545) 6
(53.88932417383507,97.74157998077749) 9
(314.1979364632267,233.81900091929563) 18
(421.50213004769034,581.3138990829652) 13
(788.5776140764871,182.1541612696268) 10
(57.112404099034066,471.32795102812776) 15
(951.9709375278879,450.322718611855) 20
(745.5691457421673,612.211136124868) 19
(864.8337919947328,972.6462951801396) 8
(473.04981383284894,638.4924687594979) 2
(744.6815521893419,708.4143200371709) 10
(30.811410229118042,958.5164774949683) 12
(859.8997368258781,876.1730400920641) 1
(739.5006866512472,42.678149224082084) 13
(694.2629954021188,521.5419800893891) 4
(201.557245113982,339.86411966367234) 9
(857.2157107163582,328.6268597424343) 8
(681.0013157105433,386.63473887270584) 7
(257.22663512067226,280.34783499797675) 13
(162.7766516649992,977.4484004646275) 7
(10.722256868529012,600.1978044544524) 17
(546.8682066217716,102.33297561904608) 17
(211.00258778110958,594.0590832019666) 3
(572.9982372315529,127.73833627662124) 17
(226.17464638980155,561.1264049977078) 17
(737.9101061148825,194.16199762274755) 9
(594.1342218182791,266.32339476137565) 6
(18.43709480848721,853.6768617605844) 17
(589.7018306125044,635.2800695020762) 18
(704.9335509159276,729.1136146669807) 16
(281.1256830610516,907.7494706696128) 16
(963.0842553092484,570.075215019326) 9
(313.4171700879986,966.1012774864198) 1
(802.731386460436,502.4196553508972) 11
(817.5322578849025,947.042214838199) 12
(705.6522719480236,192.09953214692098) 18
(28.436853424383624,243.02164501809332) 4
(796.1120797563381,32.78850558715529) 12
(384.0879039871201,228.7054160664127) 6
(84.65545118663775,836.6431181508365) 3
(166.30756043338525,288.44114463421766) 19
(811.8735639938623,950.2492453991342) 7
(260.31665182040973,273.8362985870221) 10
(471.8011034373958,491.0620826048885) 19
(921.3197802138045,494.04389803811586) 2
(218.2343076017077,742.1763521719305) 13
(311.96717668978005,614.4673882173352) 5
(746.4180726624706,328.57764329953875) 11
(473.60561987081996,70.97152608556989) 19
(785.2154055841933,363.84236824936175) 11
(675.9274668848948,485.5893250742149) 17
(77.40075324063555,759.5378663815015) 2
(328.8264158570422,994.8963210394221) 17
(357.3145407071373,43.08347077004338) 17
(646.2857656387815,698.5159938419409) 14
(14.673550725979535,704.1412991446477) 4
(39.54727438306227,282.2963426439565) 17
(887.5620022882873,404.948444878126) 13
(180.54327604262198,492.98265806079536) 10
(498.4208689981714,39.50414323196372) 17
(36.12838461866386,781.3064414679915) 8
(754.5097210987096,474.9749199736735) 11
(423.71165874663353,506.0385511239226) 5
(385.72963350198165,719.1650385098449) 14
(88.23953153856667,863.6551779458135) 5
(108.43696134611636,121.58960831603416) 1
(516.9024876868823,205.53815980371203) 7
(250.77901507501133,123.78336291181779) 11
(159.703851531132,515.5005875470825) 13
(922.3063148794301,658.0154948761266) 16
(933.7663840938806,308.6244026755364) 16
(174.37300192638816,194.00619604201142) 2
(433.7520675811358,212.10430114231903) 9
(659.2906498947804,843.9230449200761) 1
(347.81729307558885,269.69332300085813) 6
(840.6035892905729,536.3844081931488) 7
(271.09709300236295,49.20574524814092) 3
(528.0960509683904,581.6525792240099) 13
(906.2900885833328,326.54017826637806) 2
(705.5020518562544,451.98872171994) 2
(945.1553226332715,990.4120008435469) 7
(206.37838904376005,587.022001044922) 9
(886.4685550692219,508.70375903367216) 4
(119.27157318485793,399.7602487353014) 8
(545.9001151698241,261.8752698044394) 10
(292.0915709659059,102.95026341221569) 15
(324.5608554277818,385.4889957943315) 8
(603.7589717444849,563.1219279506296) 1
(2.786461989408462,364.97392652320536) 4
(784.5904609242646,514.1822313024414) 4
(403.40649528491,598.6371078332126) 11
(890.3387987885782,410.3822235295703) 20
(979.2535603833489,163.91130649965967) 9
(353.2908432417576,535.9791674093498) 9
(263.3630438068171,451.8752103557234) 11
(368.27483315301026,573.1971429698145) 6
(616.39771994488,939.5227537216247) 1
(773.7702484152845,994.4250382126385) 7
(432.6818873743631,974.7984660625144) 8
(185.36043638349597,722.2541116386064) 10
(964.7460513419351,485.213221965629) 11
(191.46909544510348,339.5856106168862) 8
(754.9657889494363,646.542590817636) 8
(47.07079617960941,946.520707534163) 19
(639.6395287041676,119.8826422596827) 15
(960.1199934228488,484.24903418789467) 1
(885.8445632012774,691.251415735849) 11
(44.544487738668145,560.0932508544079) 17
(905.8944751783565,316.5032455607024) 2
(641.8572014311648,503.9644671722914) 1
(533.510078400894,385.938383794545) 4
(489.3688742069495,755.116773806731) 10
(843.3901555607323,442.334462735552) 19
(168.17775384074463,20.335643295403493) 7
(790.3141206172712,333.7626935506531) 19
(410.42299914997494,619.0332372149346) 17
