1000 1000
20
(0,0)
23 80
200
(767.4980564268554,706.8481123490376) 12
(993.8638041280844,143.20237380490107) 11
(273.56538642693596,263.1350113580658) 3
(175.75443751491494,609.9346811409755) 3
(275.16795403703674,631.3936524976945) 20
(467.0224916409928,860.1767976730059) 5
(740.1424061646084,828.1557906502669) 2
(76.06808968836975,991.3981989807152) 11
(769.3568594622374,746.1644537392742) 16
(891.1879622438775,772.5080489328265) 11
(593.316244273336,197.092483123952) 17
(586.0925918113949,336.0799452418517) 15
(174.50573024319493,908.1169162357588) 12
(147.87352872098435,672.5006497776031) 20
(143.87316554574792,782.3022088215005) 14
(156.78851777047308,402.3259480649267) 16
(608.6017813770325,391.27271001536934) 14
(791.8008499457187,211.59304195290352) 16
(510.240389966632,296.1669794354352) 12
(495.5482168113321,404.8531780767651) 5
(59.749910919261296,889.5758420571963) 1
(975.6999098932248,996.9915890237559) 11
(924.7921172574875,796.998114548023) 4
(689.2171943191939,108.16029535843785) 9
(967.733061405461,27.06791014396137) 1
(720.0686959777709,310.82930698402276) 2
(395.22562647686163,284.87313688789794) 11
(418.44364637576945,686.8209236588526) 6
(84.347756928707,787.5436779532886) 1
(9.15935859381345,20.751094720959927) 2
(363.7107855859264,926.1802111420551) 17
(847.6318308971029,136.19839700028368) 11
(678.869571373585,57.52618604462312) 11
(678.7759785711452,588.0725039555846) 12
(601.125622557938,916.2376314483785) 11
(699.242081788583,439.2890888995381) 7
(85.77023954500618,203.78784849398568) 17
(203.36848206961756,263.4188179092631) 10
(339.845454075573,374.98217137892186) 17
(949.8841196740132,59.94266085642042) 19
(968.36725211196,232.1446670448012) 6
(702.4036843204423,483.30341243897965) 13
(95.89520161240284,777.0896284288003) 3
(527.32452811509,496.554647042331) 16
(838.4870444781832,777.2220423415794) 2
(478.4548297818031,652.712825550366) 6
(492.01376837938125,543.5930122735942) 4
(410.4513293909403,741.6987977511659) 8
(805.780807331016,536.8994203095721) 15
(996.7636723303486,80.57211720397228) 5
(57.0566977127841,59.75374658369481) 5
(366.4492774835396,66.54923613723729) 3
(880.3395003056896,623.8618695054108) 4
(283.6338978729444,8.451174058512256) 19
(333.7273722093648,455.60952541818443) 18
(147.45538887604292,17.21948750887503) 2
(482.96495868091205,617.8151008620601) 2
(288.7159323361671,720.2699583943466) 1
(139.47958296600672,177.78004956985683) 12
(846.1420729142353,680.5314877115901) 6
(752.7089431017325,567.0367550596861) 18
(24.441003156045802,650.587490977285) 4
(538.8463187189463,264.54340539771846) 20
(609.225929418158,888.2926407717335) 20
(46.64373651270137,295.0504748204498) 17
(474.7272186929302,840.1603328214185) 2
(37.03059921749574,262.7537169380044) 14
(14.09873915714488,650.0855683848121) 8
(745.6485671848691,145.61317065983891) 4
(613.6723095282791,649.1707928885901) 17
(238.39176650871374,949.5056004788717) 12
(507.0118062413782,523.3621708371938) 19
(4.800525053943461,785.8115894411401) 3
(164.45240682892282,273.81559370305655) 7
(737.9905207155929,60.371208301464364) 9
(503.48261985786223,172.5515178203253) 17
(935.4505025877404,364.82899974478147) 17
(489.6674809697641,875.6006550441022) 14
(641.3712518804987,751.1420312688056) 18
(745.1990703526095,947.591634896488) 8
(852.7206003768572,689.4260105386626) 3
(127.47649688419027,505.2341909661103) 6
(116.81969357105149,359.34751704313936) 13
(533.5234163025405,331.4729131579649) 8
(282.1217682747782,782.0576603033026) 9
(537.3131069655044,781.7742008908474) 19
(466.8033710065602,585.2880769484167) 7
(271.08860947760974,59.47625619201757) 2
(418.2341986181932,132.41435533021019) 1
(566.0460466120035,110.26890395218226) 6
(635.07502155819,177.880602394217) 12
(415.4621571548317,212.51671115164893) 20
(505.20326860687715,485.0784569276095) 2
(909.5448453397121,769.4525150719301) 9
(383.6818331538597,572.2688871129556) 7
(958.8395180591956,323.7698721587337) 2
(827.1059332513197,362.26456915515473) 20
(60.66704020539149,686.253705750054) 14
(61.68024715228504,747.7533302619606) 1
(966.5271902727881,526.1004504689267) 4
(844.934649337284,875.5590256449054) 8
(831.3477636268141,931.2740437435779) 5
(443.58235371732815,954.2197111776761) 1
(142.64960828400254,57.17539224581769) 2
(331.3682619521593,986.0692407251403) 7
(343.5821170499962,71.20454646866948) 9
(736.0983186582913,81.62518209180757) 1
(13.916258245215364,559.328701808755) 10
(92.73132055142908,123.17844016562107) 12
(749.4416313929381,841.1391905880644) 16
(981.5415982219282,130.08109355944387) 9
(25.04085719710003,877.605958421119) 12
(77.31584123208357,538.7897672954757) 4
(826.1955077371651,201.44156941994316) 8
(652.2682232693157,331.89894608244265) 8
(539.9796152078908,156.75826176765284) 18
(973.0166195387498,5.444904299764075) 20
(107.51423893843094,788.5204066757462) 3
(449.79492732247496,6.773918883505314) 7
(503.312117416136,525.3091005875773) 12
(642.4365031125926,509.5854519015676) 7
(445.6384488998736,925.7164939703785) 6
(242.56018582530325,690.8146069983654) 20
(702.0496156245463,168.6602337918862) 9
(917.698097776751,919.146931515811) 13
(324.8527111489401,908.9421787727362) 17
(114.79578937302959,705.8298917969533) 20
(463.9956820983148,690.2848422385335) 9
(193.8981108749527,30.758224757423626) 4
(281.2245507444969,678.335909643752) 5
(14.91088246215233,950.6752722861529) 2
(607.8291735655819,348.8581148448684) 2
(328.5050443213278,30.120366563200275) 13
(584.0223542617812,171.97773800556993) 16
(650.6442195433191,58.282215600708234) 8
(837.1747757579727,704.279177074281) 8
(469.77806562160373,589.0292155578942) 12
(583.4255527078295,646.8045402986864) 5
(892.5127465806361,811.7155808441415) 19
(205.1287311533765,492.64754015393896) 2
(352.64820644500173,626.1715563435977) 12
(542.2901534163051,474.9439470507035) 16
(563.8584102417209,655.8936704455473) 20
(347.9630236649749,846.3834587779429) 7
(507.276486956876,966.8028203184589) 15
(921.9063198680092,978.4047850485467) 4
(61.01554555893773,395.76009465669284) 4
(181.57400583835727,644.668890732029) 7
(358.77003187449276,563.8161435070089) 5
(122.21299153676668,524.9754152803897) 14
(785.4206859707725,214.94457844774752) 3
(683.2983509796478,771.7932675740459) 17
(14.402856202455627,625.5189023413653) 15
(27.629306754991646,815.5193613850582) 17
(120.6119160998308,465.49452895443886) 6
(234.1355290265037,623.2893050727597) 10
(609.0351666561459,423.2560365800966) 7
(686.5297002812246,124.64245734180845) 2
(32.05072367218242,92.75993044661557) 11
(131.27707409980505,662.0727721473667) 13
(194.85973991802717,623.9641916039226) 18
(489.8111654159034,819.33177244025) 3
(704.6819831400562,199.66068538163762) 10
(812.211953124432,790.5632194111585) 13
(152.24285184059383,154.28976192609244) 6
(763.4013129559632,394.6719334658216) 3
(206.06498128962792,980.4453363321937) 9
(11.175223912202936,976.1196251753988) 12
(629.487313998805,804.0995059479652) 10
(325.8788741967518,985.5811840029542) 4
(899.5197437780334,828.6150396111657) 8
(829.616727528659,932.9889726250216) 4
(870.3947474895272,886.392789967692) 19
(844.5765839132707,559.2785896066231) 1
(155.46451736586832,827.100216991448) 14
(234.54854227792998,342.29000755136553) 17
(664.3217014878971,739.9120696900102) 3
(478.87239237497295,942.5624439901537) 18
(923.4641969774204,156.3515108487642) 13
(941.2846570153023,902.2201487666237) 6
(325.7501865594068,687.8291346161327) 18
(435.75197248812657,68.7806644822011) 2
(175.9053318032835,968.1635675671735) 1
(604.9778981350083,302.87419766183376) 6
(815.466573677639,371.1166123685632) 18
(155.39391777431078,624.4000084758675) 12
(115.06376301808108,913.974755564501) 3
(97.83063630370681,115.44230354586738) 17
(427.22469415966515,347.46960933648205) 11
(45.48935210889271,932.3897746334185) 8
(481.13098875706805,986.7422209647481) 13
(99.24817016539045,480.141787915088) 8
(882.1014002297109,342.4613515247612) 6
(835.1009047261163,668.4276207461248) 2
(105.42724898653965,24.525131459321557) 10
(861.7359931274622,625.4401178833398) 15
(966.3493195613975,303.8927318042787) 9
(366.9005734623815,576.2837654423525) 10
(795.1937332745745,320.1986549906546) 12
(67.27967218304886,910.209840336274) 19
