1000 1000
20
(0,0)
23 80
200
(209.98224457853686,177.03447718074594) 13
(220.7505632337008,760.0757202911548) 15
(734.6577295610704,772.6734335370774) 4
(499.422383227751,990.5403666480065) 11
(171.96054063382803,440.10357476619765) 3
(195.70971513531055,826.1028289177898) 11
(203.86602051564506,940.936816019007) 18
(184.66138389429443,980.2995332421023) 1
(465.58170302610466,268.6917327432875) 15
(513.4606792674165,322.4995101683307) 5
(828.0889597099288,370.63991143462147) 7
(263.8599062592065,735.4531048911603) 3
(45.832054076226925,718.9269624457089) 15
(366.0610258902233,673.8067046453032) 17
(523.6466650540982,489.35149525252297) 20
(69.36015673145678,138.96525251012704) 9
(227.41297922680502,138.3820329306995) 12
(151.65500954776078,51.82060818426948) 7
(789.0960861886866,565.6939855877789) 4
(983.3172672049512,615.8228171110625) 4
(587.6524409885058,647.759994522846) 19
(263.01251914216914,199.5259478649405) 9
(623.067826843396,105.83039266532191) 20
(497.9966398488742,160.96586518711297) 10
(279.0437163932173,327.57226247120553) 8
(196.35805343933876,600.6107633054106) 5
(367.6836027162278,173.92625667795326) 4
(703.9266783201815,929.0793467928224) 1
(910.2623098789055,725.6958594588386) 3
(294.97931261025536,88.33011605930696) 7
(54.03732156174712,827.6524717955468) 4
(815.7628432225542,891.3217932011803) 2
(335.5538597662262,226.92381469991574) 1
(188.38115291168134,698.7203413524235) 20
(444.9094908944501,582.2563929750878) 15
(74.71049917667894,974.117590762113) 8
(959.5868659781003,80.78829125589893) 14
(557.9250534228794,949.5109610612861) 17
(894.9763466149199,266.43504997994114) 15
(401.95053382407474,133.07580449384926) 1
(614.3091055048897,464.9651572445157) 5
(621.0349808168534,458.94585998465686) 20
(604.0092398697135,697.2379489843366) 20
(552.5603273902824,587.8532924375347) 4
(331.7002059681149,595.9182834771702) 4
(291.28092035535104,41.21441283144023) 14
(688.8916072551463,201.69081877924654) 16
(648.626660680953,449.8606758427216) 11
(693.0288011337096,678.9143444025717) 3
(806.3174267610214,377.9307336774297) 19
(371.3332323610242,295.45683090596333) 9
(737.1606313558563,156.63364804635026) 9
(304.0444870186053,157.05731552298218) 14
(308.24872467142194,934.2165139243147) 1
(115.3431104149647,806.5253504304345) 17
(100.21123183710579,877.9292027916907) 15
(913.7349925141406,18.473251942575097) 14
(332.5385658998361,628.8653309330198) 1
(70.17163685995132,397.7665440402205) 4
(820.3742116161493,834.9575937558587) 20
(95.14688545531902,888.6706158819097) 20
(240.46374740640397,103.92524204767561) 10
(833.2316914204581,341.22118264263133) 1
(995.4709089074588,581.5598606167914) 5
(665.8394142681657,779.0281563155738) 17
(973.5330312638218,527.2615056923697) 13
(198.22687198501043,594.4609268335149) 1
(694.7857102591126,218.50763045415334) 5
(32.60825181345339,982.893233152449) 12
(281.8939545903897,976.154414708421) 19
(813.0633324760252,729.4511280410119) 9
(932.1231571153131,336.7848695360022) 2
(681.5198084072977,535.3014513964135) 14
(317.77321406494343,483.17590573718707) 20
(701.2862009808701,803.7929220732731) 15
(869.0633345476587,625.0752526192974) 4
(373.43930605867314,540.0514123634766) 7
(261.56439083901614,113.2748915232834) 15
(767.626827513972,415.2189581716721) 17
(171.30078942540706,17.874696967245306) 13
(495.38572385657073,866.533302009739) 19
(2.1836636439516166,344.813759763265) 10
(282.6738968467617,567.4099002417951) 5
(967.9664278400263,416.04166252748644) 17
(297.52884335036435,504.78843216091974) 3
(19.583665433271168,939.3540753093039) 10
(439.03756676412263,567.6903361227537) 18
(625.2776567583212,165.50359494391986) 8
(987.7406493047959,135.80080298890496) 18
(68.28249289821254,288.3387470156708) 11
(564.4271825536282,83.98190481582346) 3
(340.7507240885397,787.5844963271365) 6
(862.0726388354069,97.00174867216028) 8
(657.7470259684807,172.01019148066987) 18
(33.30780459107885,631.700661616472) 7
(508.5759132509725,480.27657562948536) 15
(194.5165197435653,967.5823608804052) 1
(545.0327851713702,13.754741858904351) 4
(480.365568577682,688.5337776530637) 11
(681.6227062181083,275.1072526393569) 1
(259.4708337794863,867.3366035919552) 8
(726.7698418149522,193.68381654584553) 8
(25.902127404950125,344.5876897008713) 13
(735.9997109444206,723.918595851498) 3
(582.561269639164,589.2376930509745) 7
(388.9105421989376,448.0088527313422) 19
(410.13429253826104,965.3734945562575) 12
(885.2031757450267,516.6238370713795) 13
(800.4213091529379,172.19390699987002) 4
(363.8044472199783,668.088304038546) 5
(943.7163851769506,90.92569100161741) 18
(358.12667479444906,440.5706752091715) 11
(134.26450976618275,730.6379279722144) 12
(180.8285241606403,862.1801751876068) 14
(88.54118145864065,688.9027177650099) 12
(613.4077045818618,605.2166549024535) 3
(467.3031315534535,686.4049931847953) 1
(48.182971523221376,263.1201582624363) 2
(788.412429326426,795.6127440904642) 3
(361.91403102010963,555.433244424468) 20
(229.86350161617753,137.71445736601817) 18
(289.41933757519155,808.896915771772) 9
(322.8719761026213,887.015775896346) 8
(116.03144016495881,244.2479367298245) 5
(389.89773019664153,553.6446659633713) 2
(170.85647258769265,438.9338002216934) 2
(563.551565206129,207.5802632330136) 10
(786.7506168559054,407.2110923809197) 18
(1.751026692364821,767.7698218000664) 18
(304.010080633677,45.89223799047182) 1
(693.1014094085793,710.7897770979384) 8
(271.32219231147724,828.0565888327684) 14
(906.963192712909,688.6187161311597) 5
(230.88985565480468,21.95205726940408) 15
(731.6055638980986,59.971270217263225) 20
(640.9882798052066,916.2385919226105) 17
(845.1916168260128,265.87891581964294) 2
(579.1906987521868,328.24683455517345) 2
(763.2528310279434,137.383019726) 9
(642.8625421288444,517.9962411862821) 13
(657.0855483841574,692.7426667983019) 5
(603.4865368879638,413.6147115943515) 6
(321.4425770263422,393.1177905353288) 4
(883.4285442481829,995.3758922254088) 10
(928.3939179142328,997.5896148400873) 19
(919.9747471298521,352.46481886705214) 10
(532.4606811276698,961.6935636947336) 4
(823.3587368520022,804.9522711843281) 11
(106.694249262691,496.5847619590222) 4
(651.906293129501,793.7256766911571) 6
(416.51955733835143,997.4175934720814) 20
(478.32931741863484,730.0153846015216) 2
(482.0167614489496,349.95977421931303) 15
(876.46757495385,649.8389083819018) 19
(882.0481974517539,238.8544736620065) 12
(90.7800425708739,477.75446085275416) 3
(513.1597382971404,249.3276624233529) 15
(306.3522624832901,113.64672070203241) 7
(539.9404697251075,374.5706116577128) 13
(133.81355673063655,771.1530947580577) 1
(667.8560477618005,976.3556394041522) 7
(703.0358786782402,996.6250980770124) 7
(631.4702417897638,852.4503003552227) 3
(307.73011983801103,659.778623574676) 16
(403.4004216260689,305.98278217433597) 18
(735.4009654012762,563.2192554128077) 8
(12.036601510201471,457.5242794236919) 13
(338.48379403748163,781.9744794757318) 8
(598.9146717928633,683.0242483620859) 17
(235.9606941368042,326.75015386654826) 3
(351.31348392164784,191.8920320226096) 18
(600.8680391457477,454.9107921617932) 17
(361.7723354894489,908.3864674726195) 15
(685.9983011804712,21.785310169642024) 13
(212.65413068457494,962.2366843189928) 20
(471.25405023215626,99.9826724674432) 2
(907.3329231655282,653.9717821513813) 6
(922.2182264381007,995.6093176103668) 11
(255.9203187144432,617.2632989720562) 8
(254.968513851765,722.1592728416139) 10
(942.8384106662126,48.33271779267101) 3
(727.4869479892218,392.57701789479296) 1
(186.36274214847205,104.17164975211513) 7
(571.1070308223391,748.0504173081124) 9
(850.1778368394451,510.44024422370694) 17
(143.47642306595588,896.0308948252156) 6
(390.03903852185704,123.32689387047601) 9
(33.89674492189742,24.55005086344031) 10
(112.4436681007096,280.0200259913276) 20
(603.8831115176614,682.1079027191155) 6
(845.6306339402581,858.3943779714788) 15
(255.1969667841697,283.58440373528657) 19
(242.14446866294614,614.5230838764409) 3
(9.055660459478808,336.3375540944348) 11
(57.54962465482616,412.44285200127575) 9
(195.97900643333776,590.5305993657564) 10
(946.5760997610696,662.6500842746399) 15
(419.91678866238925,367.97208481737607) 12
(585.5242314075685,664.5196594598295) 17
(274.2339704043986,188.44945962449455) 17
