1000 1000
20
(0,0)
23 80
200
(130.66179522356336,557.1962731225873) 17
(694.8108859746676,354.709836700591) 15
(276.09699361408514,725.0407912573511) 20
(99.98115197790891,713.253543168236) 1
(32.290515713504384,853.5847814538678) 16
(448.3379728890795,95.84687491779408) 7
(349.6584472654457,766.6192946758031) 7
(191.517367294043,949.51359138548) 2
(830.6668838586988,781.0576062991578) 15
(629.6177700934732,341.2676313099703) 8
(875.277785688768,397.09823571536884) 1
(898.9215499859624,66.84357490615255) 8
(900.3804527803899,959.3258007410654) 9
(337.33583936408985,116.93690272714663) 2
(843.7796477034718,412.1094527620798) 15
(208.74078623843772,981.911715921404) 13
(538.6707902539779,208.1692581446155) 2
(137.12660169447977,266.33247046632727) 8
(900.7465774932767,297.71096229915685) 4
(768.9507122826928,231.20390021528593) 18
(764.2687269098618,558.0657199556583) 1
(555.5990711892249,875.6896877376114) 17
(269.8045036672132,89.8734807513103) 2
(163.19151249797747,797.2510504382041) 5
(55.091104644351965,23.352894150008517) 10
(539.145082082571,662.8295446523097) 1
(89.78642885823629,548.1536150958098) 15
(997.2276571546638,701.6439996403574) 11
(221.77089746668221,243.28403628611505) 9
(279.2765963397206,723.9345049241947) 2
(605.364712204227,323.3373683215932) 18
(331.877629572064,279.25404000203037) 9
(209.21774497885082,274.91420812122027) 6
(808.0578039007299,910.8506309453337) 7
(941.4869893467237,126.1004794748597) 17
(421.85525480548756,658.1971417163402) 8
(329.72758524832835,539.9326511926455) 11
(435.0912415123863,86.66149059519124) 2
(401.22368787877826,339.61578842604) 2
(824.4715654469037,506.53585919373967) 12
(951.8688262167212,904.9818691166856) 17
(2.0969219102234815,819.8370662159566) 6
(38.09776968499645,785.988513332124) 10
(369.8489078153403,613.0154013266873) 9
(300.4021344936536,640.4281381022912) 18
(831.3151775690751,46.74658138838916) 12
(574.3860793583436,320.26962178501407) 11
(583.1370035903644,369.55804504487367) 1
(813.9738029869128,285.30520615782507) 4
(391.51701341559095,310.57166199293897) 18
(440.55637217200706,310.7673498705296) 1
(829.6893973944176,309.69292767298094) 9
(203.50588735947227,934.0661735008601) 2
(609.3220428263172,646.3735718009289) 10
(794.2808911695442,145.07955859261034) 12
(789.3375540734296,541.1388522109496) 15
(128.41337970123712,506.9602854722387) 11
(352.5464189864076,640.9128200091112) 4
(767.2280103529705,370.76245234037333) 18
(983.8931214117295,277.2059845518513) 1
(688.5173501345047,277.74913685381) 12
(405.8120864029595,803.1083479950944) 6
(524.1533320351389,386.4192429192586) 20
(556.4570467976961,407.4516494742857) 14
(962.0307793531979,393.28686088746076) 6
(629.5003612578406,859.8047389088489) 15
(278.7129608104715,946.7415626937567) 4
(216.00546681510525,505.03970128304707) 11
(134.4863239905042,707.128815150626) 20
(375.8021287485615,504.9381057083899) 5
(13.393455805310705,783.1147487158986) 2
(102.0165438557632,728.4621491640715) 19
(859.998844031274,139.30980031609374) 1
(637.8185395853743,993.9123571182442) 18
(723.6157514955006,323.15052368677476) 14
(915.8385906564871,300.8681579281729) 6
(902.8306499865621,265.8884893584729) 2
(541.8207593266878,416.37500919222794) 4
(348.36924426748607,810.6211617535217) 17
(348.7271587527022,871.0730129173871) 11
(734.6703743334353,994.3593661216744) 13
(252.03907876955313,990.5982375689995) 8
(600.8860907230501,953.9691871846696) 13
(401.72611949797744,389.0235452612802) 13
(763.672844704391,858.8692769467277) 7
(440.89968079264776,448.95827304695877) 7
(559.2323283081633,659.9743562686147) 10
(743.7419466678577,936.4723555851284) 5
(951.9784501447338,262.4951222507693) 11
(458.6697091440503,525.637080461655) 3
(534.5440035057304,394.82700532752136) 11
(420.40131100043743,224.57688500264527) 11
(228.36928233310684,802.6519609216044) 5
(762.407875742928,904.6254663584223) 17
(550.2326811718626,857.2071094985591) 15
(518.6862559710893,12.504003755776093) 19
(122.4293060779742,450.33235651430994) 6
(186.87743429932635,810.9822012812556) 20
(848.030049975522,156.18584330678897) 17
(317.54033772180776,517.6075494980015) 1
(531.2467511907445,21.03692483343911) 3
(612.5954674409163,960.8483446783787) 11
(392.3829919748172,5.298668088274061) 18
(610.243497664771,868.6654655903429) 13
(717.7669378647008,588.6826814252033) 7
(203.78211778361666,86.81591653029331) 4
(394.39381436574195,34.562147678999345) 11
(808.7103151699528,54.37014898183023) 17
(907.3321476682963,14.624262128799526) 10
(376.3970346927736,785.2892070353469) 19
(287.03323068259226,213.25064009128192) 11
(228.74171207933648,806.2821322831311) 16
(62.40273776307082,83.15613685818812) 15
(89.77001528532658,495.1739158829114) 1
(932.8975658288832,37.726495667204205) 3
(673.9784664654793,666.7959915375823) 13
(820.9755539909283,847.0743909901853) 4
(9.275579807029422,116.60734210105194) 15
(248.70907908014638,653.1461269799889) 9
(457.731069996435,615.4758087771097) 7
(268.9774322923376,242.78673132054095) 6
(332.56844708837286,74.31718182141422) 10
(654.5469790402012,867.0856093494707) 19
(42.05641586052833,724.3140389310469) 1
(82.43270707623806,528.0538658679984) 16
(51.066586113642565,913.8778277225857) 20
(685.4491220867195,369.97757475158676) 4
(671.4082264470068,416.9908817481741) 9
(946.9690989558953,215.0454627476347) 15
(45.06737540019945,619.6655542694335) 8
(609.4803266803139,709.7059065604753) 13
(98.47067259714903,678.8539910496847) 14
(170.55302452439304,740.5187026446196) 1
(721.8630304759351,784.6342900677407) 14
(941.9248246728844,134.26784761133325) 12
(211.82357160107202,264.48099469316276) 14
(874.077380695305,619.7648050308013) 15
(388.0895997220053,491.4183629424277) 2
(995.0710023403799,342.36702794721174) 6
(548.6624552094219,833.2731528502626) 16
(848.1139376479263,748.5225154050389) 14
(706.0953902983632,514.9100166293981) 12
(441.21690623597397,200.47079885300866) 3
(774.4801348879168,73.13877828504044) 11
(275.88128597666895,750.8658827599346) 3
(995.0560429272211,462.73107150684524) 16
(953.2735799124824,948.0305988429385) 4
(669.8066407311309,893.7360170288335) 10
(619.2564911659647,821.5805841580601) 4
(274.31906825267106,834.3504695180959) 11
(274.66850714249045,25.101308435647617) 11
(390.7377124338729,686.1470615808323) 7
(30.360577531736933,843.6245006472597) 11
(437.6551410666488,373.51041170548604) 6
(258.9255131569349,330.19848661977824) 8
(424.1611545813295,557.3547946528035) 3
(84.3322174828981,475.98036343932625) 2
(591.6520278632487,218.1523648121434) 3
(489.41309585171035,873.130531012223) 14
(509.180576253937,475.5619347248514) 5
(179.95800712359423,11.712672353637931) 8
(614.0506842512196,696.800483103619) 4
(440.20067846056764,92.24215263172142) 14
(980.1256758320791,291.5262262647422) 15
(165.26468161327224,388.58891739560295) 4
(58.36379571981865,572.0132150100519) 1
(67.46610426388688,109.92208738697018) 8
(205.89116133186258,536.1004612279536) 2
(948.9103216512838,412.70501698634354) 12
(884.1323866195961,819.9168761942151) 14
(497.38660689299405,826.5944448927082) 4
(161.8401532369954,342.09224090422117) 3
(913.7308828308143,849.7641031589291) 13
(791.8438344579403,761.8444981525622) 20
(268.81273139352624,739.4779121141308) 15
(654.0148047536233,717.0418720970804) 15
(610.1419071639303,884.7668880321621) 16
(605.7738910873588,824.5158434519112) 8
(83.20504723665401,161.20266269327453) 3
(690.2909928703618,915.1349083108338) 11
(777.1799040118594,204.21376246572544) 2
(326.3968494845978,219.70826645122898) 17
(95.73176904177517,57.534352682254934) 11
(449.67296025680594,336.8468096491055) 12
(520.0832567989457,791.1754601808707) 18
(332.8489932965,814.2847077175389) 12
(601.8606990844116,191.02142789500897) 11
(850.5330317245621,702.3922638740917) 14
(447.80592172798174,418.7597126818098) 16
(92.59470509619494,424.0647591781953) 3
(721.1821047750312,437.73294175335684) 8
(292.28528319004374,276.8234419776214) 10
(718.3573112169435,799.8518421582639) 9
(120.1734294061364,713.9718109183641) 3
(319.85983541573717,279.1786880222595) 16
(738.6088932546465,959.0389041768557) 18
(162.45272002647926,588.5693277228478) 12
(806.6974272996058,679.6505072393188) 12
(933.639531757304,989.2877390534833) 14
(47.857263874153674,966.3383770583577) 19
