1000 1000
20
(0,0)
23 80
200
(767.2044918453144,881.990364406371) 8
(369.90194686073454,969.1182664606041) 7
(241.8163240198864,742.8141237716445) 12
(523.686460163647,151.4077856583227) 11
(590.30684103943,266.7255344927427) 16
(4.571605162498438,477.2998189423434) 12
(997.7445683213356,466.52287711878336) 3
(684.3064201573209,95.1453720782317) 17
(764.3047113226012,522.540733317574) 2
(412.19404474401733,854.7990482140224) 15
(193.7154962108839,115.6529410538375) 17
(369.58942349726533,270.1380525700713) 6
(343.5397241898498,868.0455319287561) 18
(41.51227964335058,947.6895997416793) 6
(616.7858449966999,177.94594369604278) 14
(668.428202132255,715.1837746573387) 11
(677.620453387581,905.9356023574917) 13
(515.351452062339,715.4628577193455) 19
(20.135654130078894,416.8866415448894) 11
(48.21612827257449,131.28220305839423) 19
(197.06565363402706,132.57686362158083) 12
(689.1228513620864,261.0688191595456) 18
(927.3654714705068,189.03903527162657) 10
(46.84183537091169,104.04114675381504) 5
(674.7858514357631,15.318700721079882) 2
(216.7365059388593,389.97565081970254) 1
(909.2327575337367,293.1345829269175) 14
(629.6653224238587,161.15857236735764) 19
(168.91104419628567,560.808844373334) 10
(865.1445793029852,677.3083502769289) 7
(626.7465390276789,948.0309665055368) 15
(845.4094602938591,935.3380303321497) 11
(444.6957342229019,834.9212536498268) 13
(295.3270339706151,255.69237335696883) 9
(806.2050524920971,528.5178611273208) 8
(113.48621685387039,995.1377588174832) 9
(480.0668709420878,973.7862513478271) 10
(621.4007918778003,991.6751918195932) 12
(56.83445961849476,746.5557635938436) 17
(498.7292790492971,440.814943317973) 12
(882.1987386123765,998.5232876157355) 9
(861.8300170170403,261.8368937604753) 1
(550.8599946505152,137.6473619401195) 3
(313.5111080009764,976.8379861651333) 20
(199.08093399402736,625.3842991550349) 12
(952.6514315685095,745.4135672966905) 16
(290.4193938145,893.2246870560062) 7
(315.8805084465378,864.3706580035218) 5
(536.2506985276549,472.85794831719994) 19
(104.14042662559231,901.8028362924283) 18
(446.11735562198464,787.8866937879608) 11
(353.9761852666823,676.7168279379443) 13
(225.90868045422275,486.790587104861) 17
(447.9782478074538,322.8460334248038) 17
(959.7304950729584,37.52575736029018) 3
(191.91361611256264,406.4827496469671) 8
(193.40964995481892,292.77655021458213) 19
(258.42458113100963,916.9079613965955) 17
(745.631410627619,414.9162879461376) 7
(786.2213837430252,987.8243270726181) 17
(610.4366947315827,965.3386128761942) 16
(586.5403096460926,613.8336299291801) 4
(440.84378927319443,191.93336046347397) 16
(456.48494615087,311.9402638399802) 1
(559.1580872076917,422.29877033658136) 6
(531.9016884601447,336.50612996732764) 6
(474.0527236851091,684.8998474372561) 8
(848.2750365453583,461.37844166828467) 7
(560.6278831629301,352.43550865419616) 14
(815.6962227594485,708.2421209571631) 13
(336.72501206360425,186.3392800389878) 10
(411.62594998288273,39.25955645457102) 20
(285.0778736743681,489.4387152941555) 16
(215.1389289014849,877.3686528373081) 20
(321.6456124491328,460.0937866440551) 18
(226.00713377080893,618.7431577569072) 15
(783.7085056189095,140.3593836311071) 11
(754.8572407048258,295.36668254189203) 16
(177.9873567434367,88.1983496541483) 5
(120.57568560710774,14.761064954410653) 15
(940.4745926456928,611.8387164538499) 9
(845.0573437442976,571.9191844314206) 17
(510.5346093723205,369.741122241642) 7
(608.3448523335879,8.91220123370795) 8
(532.4355438549535,494.0624835554289) 7
(822.3570719640358,494.864776525638) 3
(931.5430554026623,509.02887752983736) 15
(645.0920495907178,774.8485419541538) 5
(697.2209900364496,304.09158396729197) 10
(460.6013484809809,204.62347659621472) 7
(662.9139983389304,195.90989630810262) 17
(128.16662370526456,461.12606530530854) 6
(868.8926169450644,226.56457408682851) 1
(332.0371360681197,361.55909078062484) 18
(627.1510522572112,360.92600714093214) 16
(74.74971900683269,120.8204454876256) 18
(926.7861635942191,563.110958080099) 10
(797.2947993358226,990.3010150945406) 6
(762.9921487182556,543.7314726801995) 17
(86.22442035586187,411.1781560631242) 1
(524.7844793291522,901.5664408684023) 16
(886.2527320683398,814.1053112203518) 16
(223.00188025136558,959.3310431497532) 19
(942.2189265192601,107.87048056412773) 12
(851.850660211656,861.2602990074745) 4
(723.0716015562688,756.7268708692587) 18
(600.4133986229955,661.2316920332694) 19
(348.8270551518128,440.35858085098124) 10
(276.4836052393361,69.83439482281328) 14
(500.70319324422206,360.8176568769122) 7
(739.7949319097095,446.8006366464589) 19
(902.31632045079,556.4009505160105) 1
(861.2833960210088,67.66923206638221) 6
(788.3070336726388,322.9101682051411) 8
(721.4442774844666,479.0786632890689) 19
(275.68860649717186,511.7994898889319) 10
(870.4522200260317,708.3499946592609) 8
(724.3955752135149,786.322704861372) 17
(91.40609510167963,787.2585099936821) 13
(129.87485722290572,931.4650848119234) 1
(371.24537117284285,760.5423272841183) 14
(910.991081463109,414.9097402055556) 18
(164.93804149370817,970.1925584912669) 6
(267.97395763614463,92.71608702719647) 14
(552.7901691135223,761.6558005289874) 9
(579.7206807479809,916.9502167729975) 3
(989.7307947855624,986.2348808246328) 9
(381.277655129777,449.2350947266684) 15
(764.0612942039306,699.1725272221285) 6
(637.5064423700104,838.8170846761953) 10
(541.8327775958721,664.4152160494367) 10
(257.2441673187723,641.4698725750903) 19
(664.316676409384,72.89360485689677) 20
(481.31594471895977,415.09909450628646) 2
(877.1677023421485,57.609278923885455) 10
(729.3685968436087,655.6914658433154) 16
(0.9136729293101054,501.81249984528733) 3
(45.37872751514804,902.5511704711207) 18
(157.76967584573342,304.93202622434166) 4
(167.8557497998876,989.0907420234635) 6
(310.3034094653887,357.86335303687855) 17
(297.48978908337375,935.1126968787418) 2
(723.1753249382514,726.6994698404021) 16
(11.921893005202078,30.68933449152067) 2
(291.15988011781957,152.2809402012424) 6
(526.4318575031874,707.7718614563316) 11
(478.35082555559336,816.9897711659466) 13
(344.4740075121322,883.6040027383399) 13
(663.9742561578232,331.80144031951085) 6
(989.6968886340874,935.3078962365747) 9
(464.57973391620186,796.2092164772325) 13
(995.6659836790254,543.6142682701679) 19
(437.15871380895186,521.7244356481921) 17
(888.3769320919372,78.64611125558152) 3
(406.8590341789149,741.4840866661115) 10
(666.7470724662323,348.09763646957026) 8
(93.68596355729264,95.11546161846051) 13
(556.6483891037726,188.7403924271427) 17
(706.6830035910529,105.14921847848602) 10
(371.05329391852683,840.2786072651598) 12
(757.1259901922605,977.6170946744492) 6
(334.80331589915744,266.89788376843336) 6
(372.88395174210507,50.798908613541194) 6
(882.3544820589952,87.38124428003746) 8
(635.032879689745,736.3063605379982) 9
(266.32370790100555,891.7585468238557) 8
(835.6777082033918,343.848046182718) 15
(772.1962753866001,324.6618298254885) 17
(659.4403088563071,678.3566380833643) 2
(356.6850329231871,508.04560129058416) 13
(511.13331348436185,588.4778458452898) 7
(143.31982975197255,640.895051509982) 14
(719.9225399603954,713.685664994162) 3
(805.9150611938546,890.5605296198112) 6
(779.5681316603446,499.15758006489506) 12
(703.7766957466511,828.6938722048484) 16
(11.321963329492647,760.5974642972196) 10
(486.61317292362,364.02933187775744) 17
(919.7519263262712,672.374440383441) 8
(983.3515909942267,123.28183955188533) 9
(656.861777557711,736.2883492835819) 8
(766.893970496667,819.4660271405833) 15
(229.56191725706532,624.8256953368391) 15
(521.0270974187202,778.5304347198801) 5
(378.4449932857937,198.98862719659348) 19
(282.46120842315526,503.3873007085243) 7
(477.15784086943427,178.46772037324544) 5
(405.9070094029429,154.4121863646315) 4
(184.57123122634843,208.9202479839225) 5
(270.22778563158255,774.9585592007115) 18
(862.265261643747,886.7459577503247) 18
(299.15372046466126,520.4154012753553) 18
(781.3300790051518,93.87106006854707) 11
(439.92310612481936,487.13063472281317) 8
(546.7067412442441,636.1616216984573) 5
(360.10367896406103,288.90372985320124) 1
(586.6486646473053,417.21971045820527) 8
(505.6043906374504,252.29936085806358) 18
(532.6734965578213,837.4075564464971) 5
(850.9673262174838,737.7000713390349) 9
