1000 1000
20
(0,0)
23 80
200
(981.582132570135,505.3483891971157) 7
(116.22084236386732,554.8632544208947) 20
(621.9697468831134,731.2715404675198) 16
(840.9037726525363,814.2155593000624) 16
(194.81731681829538,666.9727980215532) 1
(886.31167990079,766.3217717446743) 7
(927.1655341509729,673.9986585360471) 10
(960.2315029116612,50.266848059259075) 1
(974.9621979298691,410.0712728554308) 16
(773.6936854514589,430.56864717643094) 3
(457.34585936417096,922.7187290314292) 4
(880.7029156778689,381.9935881877444) 4
(628.2517401562402,279.61109487521594) 18
(913.8293984847235,138.15538927359017) 2
(3.5271955887590245,37.7071860846594) 15
(135.6061635888902,985.7057557882484) 13
(408.54366044545407,722.2450142187885) 3
(118.68858985988406,23.935011549864882) 12
(134.15402627757368,490.5109501949001) 2
(224.27403793238489,201.03220207898255) 8
(307.977761970971,360.5923761858638) 2
(570.6989105026958,940.6101191118354) 9
(701.4403891942746,639.5467850785891) 1
(17.460440453073154,20.51572162862969) 20
(369.63079049963096,698.7339633102001) 19
(893.2142847816606,913.487310938434) 15
(920.4799783183107,430.3432351620018) 13
(815.7631594438816,302.66709000984594) 12
(856.2502656341645,440.927066526132) 6
(181.78156942621115,222.04549352580693) 11
(856.4673304819321,442.6207616875698) 7
(691.0810711456046,187.0151695986394) 15
(878.9170597094347,60.03980728056702) 11
(288.7297828993534,456.40903190117956) 20
(722.8804739482568,557.2544006503668) 14
(481.7123318003106,774.2340296117861) 18
(795.0568630964146,425.14025075742256) 3
(743.2451461487277,528.9723565925377) 19
(219.36865917636626,296.82091516639906) 9
(356.86867926159607,854.1990029867103) 7
(528.3415082826964,23.511010677889075) 17
(21.659889185203006,772.7638834718606) 8
(750.4237180008104,546.3900377725306) 16
(233.24524583176054,431.2879418567195) 3
(765.5351825171027,410.5571755714793) 2
(957.1340458463116,623.3157787603596) 15
(76.25520883644144,989.9459753003945) 16
(155.1047465200297,245.93339809330828) 5
(852.5504479668314,991.159356357121) 20
(28.196868583940994,174.0064008320854) 11
(135.58375002593792,77.28584933889881) 14
(330.82735158026424,524.7716780397899) 7
(980.4044301755915,320.95957053547676) 1
(122.81326675002514,859.2334239964607) 17
(600.3685962409519,841.684520171764) 2
(864.2080279851042,933.0886532018109) 8
(44.614546604913706,783.1099776896333) 16
(724.4532155396904,957.1777902796427) 3
(789.2147829390398,369.4347460871907) 16
(865.0979313097573,918.4075545611065) 9
(842.8863841316683,223.97521976408052) 19
(410.13562228124545,627.5559246202674) 1
(174.74948536734448,859.0840874796332) 20
(32.802393466948686,586.4013717528164) 19
(265.29389406021164,559.4728527934536) 8
(377.2571273780697,163.23736492652063) 5
(584.7437657042648,279.18634736131855) 16
(833.557916784112,180.40663970070824) 12
(42.45498403322978,382.8479428874634) 11
(542.5490930437156,619.9066952290312) 9
(476.35773122840806,73.74788134001552) 6
(510.29753166028047,927.1770046202186) 2
(783.7073469281661,237.26815326894268) 19
(466.57942722119697,454.2199960988039) 7
(482.8974127075121,596.2072284481972) 15
(987.2667780854973,263.5639053537936) 13
(889.2814113115584,570.2948307482287) 20
(697.656265104403,739.0964640243831) 16
(190.30756785565683,434.040041152527) 7
(842.0061675073828,29.950057426179953) 6
(854.312768931318,234.01478929726915) 14
(750.2059868333573,834.172688451637) 14
(799.1949031242995,758.2614710648843) 10
(130.9954804393173,120.13032728834972) 1
(55.321592826695685,623.1569166522123) 19
(818.6344422116641,19.830355526346267) 11
(818.1884636272897,565.9565871990158) 9
(464.27842285248187,120.1477405063437) 2
(420.7273582014184,559.1566663014386) 6
(742.079908555321,753.4547010259694) 19
(512.3956687878945,61.82315391399018) 1
(583.760434150999,368.50116484578047) 5
(62.689842632627446,955.4567091324362) 17
(444.2792659508582,651.3151003504712) 20
(852.7708237375324,145.53798782198558) 8
(784.7285899239613,68.46032595387508) 17
(371.40994221307386,931.8672966934367) 16
(16.122413639633404,809.8541465524038) 4
(71.91464976383367,317.3275228641986) 1
(867.6596963067602,528.2570706392094) 19
(564.7674055323519,498.9570307421566) 7
(122.37101563197761,810.4927810920574) 5
(897.1749076920418,55.51893713556755) 7
(352.2216863105191,371.99034780716664) 9
(722.5713154575653,73.802231811548) 5
(570.5934707831494,907.073373557626) 2
(512.411950441899,87.28607754887318) 12
(797.6572528573003,645.1792657927186) 19
(537.496400194453,614.1614104003257) 18
(760.1598648628985,626.4537908827147) 8
(903.1127081512388,484.4968952687737) 13
(33.66033506789356,702.9069312489604) 19
(342.6690881709875,172.1518501346744) 19
(0.37405219816610824,238.54704928599625) 1
(804.0010961152514,879.57635679352) 9
(823.1786720598933,324.2728556387158) 10
(634.4828807133796,770.4207784961903) 8
(40.92319822739987,948.9174284763492) 16
(525.830936135214,128.46718316740103) 6
(111.73291526890172,73.36342934530904) 6
(348.5451514329287,746.032779448255) 9
(326.5389956016037,599.2377192211668) 6
(194.38449793533053,367.977041853614) 11
(24.731495716496354,874.102922912335) 15
(315.87588212865813,339.98062299980035) 12
(123.66574390233365,144.27226279341087) 19
(628.550115294174,223.7607869275192) 10
(737.1650248617544,260.89432949601775) 10
(849.6752813518165,477.179228971223) 18
(647.2036741017597,660.4208010707569) 2
(425.5464823590198,248.36160622626969) 7
(263.4143672735272,878.2575864310098) 14
(57.60336466194793,402.2802257389627) 4
(771.47117389646,648.8489392277571) 18
(482.0094940537155,906.1513389170783) 6
(353.769346154887,530.3197456298886) 20
(978.7227036379836,535.4602678677137) 19
(425.75341603922277,790.7454536774757) 4
(156.79326308743413,701.9499783966689) 2
(48.87412267875379,429.6615540379771) 6
(194.95017440576012,918.9335949111962) 12
(743.7863708151364,34.608061433412665) 11
(269.8276394162963,638.4297987445286) 10
(30.72502436277769,58.036446595896905) 3
(314.3163724518373,124.9773801526919) 17
(193.29463154677163,371.48810632063777) 3
(892.2177485619028,733.8213537281963) 1
(732.2513203378063,334.4774034348602) 9
(230.00024770830652,144.94238242167944) 13
(460.04882941641046,543.7752356083754) 1
(569.8130438341278,815.9837484040411) 6
(717.1385730400593,962.179345781575) 1
(789.2559503958561,373.52592532801475) 17
(796.1797410581962,357.0333073023678) 13
(164.03615535082784,660.4079140237022) 15
(21.968823272067397,36.24875537682337) 2
(3.6426358172121365,599.8072554879658) 5
(556.5195201586467,640.4379409518232) 14
(915.7195607055846,196.3072515125528) 7
(567.52964421507,683.6325647083145) 1
(79.09084517504483,505.1436786006707) 1
(490.30635379125573,48.52442306745608) 17
(108.22149369774836,701.5858876177845) 1
(289.80629369519806,189.212803786574) 8
(468.4786754392818,192.1306104595034) 14
(924.2969960000186,733.2108662371584) 15
(99.83328165596883,553.13198573878) 17
(637.524162501349,680.3805000361314) 14
(440.1165351623774,83.46678029877053) 1
(233.54353091290346,382.9765323830657) 15
(241.80827872507226,242.27248289693824) 19
(206.1034244544442,830.8147876514752) 19
(942.2492067914147,445.24774383093416) 6
(720.4212577221768,353.5764768842549) 20
(344.9729302364134,521.4613375872599) 9
(60.37058533395623,995.2780024661256) 13
(253.3696357590315,697.2864085819115) 2
(374.51976846734004,329.3160124366116) 1
(532.9225501686552,51.96474042953936) 1
(721.2993263107516,763.7903311145768) 7
(36.49401905297744,679.2443401822771) 9
(827.4078453695558,135.3052737799022) 20
(948.0269751122406,12.708267687374208) 2
(470.3241940588481,950.2198546446241) 4
(297.80859873873965,832.8980236999117) 7
(89.64755976635885,640.8814097348948) 4
(683.9590832766418,761.0338634382491) 14
(595.1645445657828,955.9459115721712) 11
(102.68181395434206,609.4471084708836) 8
(384.1184004683204,151.25409396352885) 10
(52.880404443135134,12.073414895421353) 19
(451.2403980456483,882.744247645982) 19
(979.6227857121032,853.9131465184552) 6
(850.0325676557479,635.3773222006175) 2
(477.22383653621426,101.29483331304844) 17
(427.69562979570895,581.7293561677274) 16
(64.54487413882227,890.5110895614304) 17
(946.1114908710356,89.77505289610887) 14
(602.1367774588276,227.1431041349432) 13
(712.8630787112692,782.0399552747199) 3
