1000 1000
20
(0,0)
23 80
200
(469.84402068228405,196.82417897166016) 20
(353.62018469687297,345.8478982355693) 14
(30.922140737446703,235.72317904237582) 18
(38.588387618833096,383.8905324425074) 19
(889.9695662008241,664.1021703630771) 15
(118.53566098344336,662.1728779454946) 10
(595.3715164063781,634.1030711649821) 8
(625.1172269225228,149.1805706420728) 20
(617.9973333172311,324.03424423603724) 11
(677.9245481152145,586.9829139638157) 18
(480.8532515875027,398.47284157733054) 12
(141.63895765179646,548.2344586658847) 10
(900.3540177989541,870.5656786025061) 10
(471.8993813695235,909.3492534691113) 17
(470.14297242489044,486.29176457642785) 12
(907.6770721968006,360.8181461419816) 1
(226.51850281231046,476.3389844678947) 14
(983.5991931439822,531.9310581343516) 14
(699.9223201924427,547.9088305772967) 5
(791.1943743954562,454.9640716981512) 17
(177.603163856753,491.1627184814429) 14
(494.89188977418286,996.0458668843027) 6
(425.3240894546203,897.9993374353887) 1
(304.33286697838514,999.4151534807237) 1
(342.3308194598009,833.3366945574492) 9
(87.71499034188534,807.8178665696765) 5
(924.9121529122656,57.31402219182069) 2
(6.070543166409648,399.5203530802055) 8
(989.748720210959,425.38466773629614) 4
(640.6526330503642,347.77369661366197) 13
(29.35651564200803,306.4267227839792) 16
(665.4656898652057,830.4961433081587) 5
(452.0069119499549,4.236852390914092) 2
(257.56299934428904,24.72166916962437) 15
(207.0359885069535,981.9886516585631) 8
(768.154537289001,503.07288459794074) 10
(605.3467484276324,129.32567893845192) 5
(473.02165541164976,699.9400576525667) 13
(190.36205738083922,77.84294172342942) 7
(991.8985288437322,99.52919146844008) 1
(977.5653057578377,779.0898236893203) 20
(388.99942586972725,590.4026458840161) 7
(148.48041471539685,617.856971842985) 18
(266.6831220863091,785.0999218012034) 14
(443.2445601758616,419.74574187683754) 14
(261.4613765829572,283.69682691205765) 3
(575.3236647752334,387.223784579126) 7
(785.4924081304541,150.03053445928316) 6
(905.4441176091068,367.3490098888231) 10
(292.53994918584306,38.98304636239946) 19
(808.7920522108719,839.5671455796835) 20
(35.37691187035952,514.3141902611654) 14
(846.8234991504726,586.9355707173298) 10
(245.0337877460458,644.7293938586454) 9
(873.6248295473102,412.5436900454691) 20
(467.60508246824173,63.59518402433517) 20
(418.8819336091254,198.97844699779344) 13
(996.6730942794467,982.2223055633187) 20
(86.40408806508492,475.7222720671683) 6
(355.5840472163778,224.88969487194322) 12
(915.9665107841237,124.48354815235274) 13
(417.22079994637227,336.74503477214114) 6
(884.4305503592558,969.3924285587757) 2
(541.27275102604,458.87572845128) 11
(186.96440869303922,250.99694853197508) 5
(352.19949111626215,178.69320997255568) 8
(536.1304733546418,917.053663304695) 15
(856.282685359597,932.5478261364307) 11
(878.5717824633513,376.96211074545414) 6
(20.558593672349357,350.5135032880702) 2
(959.966490794303,576.8535703015459) 4
(108.33884368888191,582.3189959489283) 10
(575.9036284701705,455.02546132262324) 20
(756.0866855510898,175.98462208822207) 17
(870.5707283958493,479.78424794566786) 10
(935.5409534362423,656.7269540227018) 9
(715.1647990554796,265.0615628396773) 18
(447.63256382220686,832.8568213351479) 5
(182.7229618880598,456.77324261168604) 1
(545.7638015249878,584.5013200158028) 8
(930.8190280120299,430.44359920512676) 15
(100.70852204285407,524.7721486638429) 12
(389.00925009709243,19.55833228149684) 5
(680.834904019449,944.7440703149533) 20
(403.7861027470434,320.52481363231254) 20
(853.8305834444609,882.9750289297108) 20
(405.803903835128,767.3508539391688) 18
(707.0665415070614,73.21968034358473) 20
(987.6853495245789,482.1432980516593) 3
(343.8728250134958,546.407660540201) 15
(6.732949404810951,182.01419814573018) 4
(773.0296631817424,487.0985018733921) 18
(209.92145253664563,736.7572191239881) 6
(682.7291166466289,387.35290887066907) 20
(97.47935599605061,409.1775384052121) 19
(537.7142111759882,2.199833075655744) 12
(405.6834018886838,601.5916677186068) 4
(739.3470292931382,344.00295483540276) 9
(723.949859302594,442.7324489429272) 8
(562.8073915211776,185.06288764571588) 17
(432.8930658624787,14.851183807307988) 5
(251.72547070536254,606.8745507501466) 9
(435.0248451909786,814.9276279104785) 12
(432.9507415594639,7.6719763723750445) 14
(740.7231363875729,970.1394510576757) 9
(450.1565996952759,863.7631437798663) 2
(381.18287461339094,772.3241463294171) 10
(788.8656667204141,544.1307922382391) 17
(296.784210855752,744.9956802493766) 13
(360.3677745723959,11.498627289820318) 4
(976.6944384856188,498.7750404902699) 4
(825.5736253973316,110.254418809124) 1
(859.4851552976556,382.5285779072142) 12
(781.4973656477024,405.5495737617245) 10
(242.7413003912694,850.4508587643077) 17
(462.1644307178292,136.3369562673702) 11
(459.3128735423417,807.696288098582) 8
(825.1874498964162,559.2897730528249) 12
(171.4003366039829,455.00540325350624) 8
(458.9311467696424,941.9805941143395) 17
(67.25341201647505,219.05881714290766) 5
(107.1238759108366,219.5204586422208) 9
(815.8633833701816,399.90775653233135) 15
(448.3543401998539,933.0676707776562) 6
(957.0433127482501,97.75282727186907) 18
(490.4970401533448,130.80613856573308) 18
(238.29294310338523,122.67549342586659) 2
(929.7836955573604,679.3104664801698) 14
(40.81126326101992,713.1902468216464) 17
(303.5010703999319,379.19318973258277) 14
(385.46536386517715,517.1914154385588) 16
(360.36284321344726,308.25443690067135) 10
(130.44445645971513,951.8338929194215) 15
(444.3073571903836,689.8240826090009) 2
(285.2790458452065,731.2247833214263) 6
(44.72460047941584,746.8141691344821) 4
(3.3710613220048202,13.894595285241952) 10
(571.8877545509605,49.554786708977176) 18
(826.1128463364379,929.4496882613881) 3
(823.0532091846617,775.8742699884883) 17
(252.37770015635698,524.4326997134933) 16
(517.8463274746086,148.57347285313293) 16
(537.138774069335,696.6608552347933) 16
(65.75768024619666,789.4227284636553) 8
(531.5680158995937,723.5260796841073) 9
(850.307184441511,704.6467629009803) 10
(970.2151648223357,401.5809083008804) 13
(971.016652825226,110.1502904147248) 2
(376.3082335677359,195.36281946089994) 17
(730.2704075614758,429.18572670687206) 2
(360.01282306253046,963.5229560723378) 1
(451.46308751709887,988.1940151161183) 2
(613.9676858537903,389.6574770431116) 13
(778.6348732224751,454.2560080911262) 1
(762.6620642063264,265.2522563550186) 4
(979.4305890182097,620.1385530209787) 11
(626.6045679618013,37.40836850473794) 20
(919.4755547408664,943.0683460183592) 15
(155.54792221808046,711.3002137625514) 12
(968.8874772759091,195.27356011189957) 15
(20.65436348072758,743.8438680388356) 17
(812.0431828888816,586.6785619842104) 9
(483.1304605678701,437.03289609709196) 20
(49.41592736907652,609.4372172635577) 7
(799.2031308108293,778.4675140166819) 9
(327.94072686394213,825.8368341299139) 20
(590.0744595040652,179.61794650074847) 12
(844.8949979557436,690.4417876386227) 4
(143.3888633237733,397.33455937941443) 8
(396.0075690108804,810.803514395881) 13
(208.10716722121748,180.8153547573912) 14
(428.0538371032735,541.681997138465) 16
(24.07371205034159,45.072812675474694) 15
(959.1929464147058,869.8087847784734) 18
(50.210896755759734,321.80107769148833) 3
(896.8639124732382,409.8232765815575) 4
(690.1423924163114,452.010213107246) 13
(669.7372135912675,702.0320214519218) 19
(681.9796733512105,481.9345090441454) 5
(484.49851920238996,680.8041706641988) 20
(864.0388119595742,604.3277630163003) 7
(330.2097322735613,56.209726951692794) 8
(268.77648518434216,748.3435274150281) 8
(313.85701522550534,172.57116295184716) 9
(616.2401764397749,105.05730786526124) 2
(396.81807291932313,897.8865778073831) 2
(202.27321362333285,227.7312218131541) 13
(567.528700243888,113.56549355645085) 20
(682.2307826219109,504.63144167383945) 10
(940.6020028329937,691.9865904318572) 5
(306.9316614011969,560.4585649781849) 8
(273.0709479101543,729.0504004333238) 14
(828.4142901489278,424.990608377818) 5
(339.08398585109853,113.58620507982286) 1
(202.43939233203236,650.4556304124208) 4
(605.0946274930426,624.8129840971978) 12
(795.4907243282852,227.6184980288214) 19
(476.68574279497267,808.863379326885) 6
(92.44266879864816,323.7585963287021) 15
(369.72501517010227,234.14722570486535) 13
