1000 1000
20
(0,0)
23 80
200
(776.257489884266,74.06398784410374) 3
(530.0953494973269,448.9274647315207) 1
(743.3758721858802,824.1605159286306) 14
(936.3439454226981,762.7253650176128) 9
(871.113547562355,69.10765666866948) 9
(242.02414709771435,668.6276244688497) 5
(390.6862149267062,73.47412318288559) 16
(578.9090047595607,504.6422407997211) 8
(974.912543882362,831.5977997829809) 18
(720.4272058243452,868.9285148754446) 5
(608.0184358896179,682.7243526845133) 14
(483.4301154606387,796.7258651858298) 19
(379.20275583807415,727.5149782468494) 6
(750.0756520165237,221.1132739348478) 3
(801.0435267748435,722.0240204902078) 2
(64.10674285877582,730.4236293108494) 17
(119.84004381149572,659.0494366167438) 7
(848.1252854987016,352.5024774393436) 18
(278.78032561107244,849.3613792649184) 18
(306.03151907151795,103.32108158178043) 15
(50.4633326646936,5.340573196594867) 1
(187.89184259846735,750.2909405829873) 20
(788.5156589709052,865.9459036957737) 10
(882.4217659305267,563.291573866614) 12
(49.66076500761385,894.3067713253768) 9
(919.8931884454103,828.5150657729753) 6
(394.09066899305554,524.2025007162074) 6
(686.4108955663273,498.72484518941405) 4
(396.8653862405779,426.98242592970615) 4
(146.03117773492193,710.7228781855932) 3
(108.53771789892808,77.04811805409395) 19
(890.1452989491102,604.1212431245029) 14
(141.07331888794994,316.01966822668913) 20
(381.3862229064131,83.349984904863) 8
(249.35496526591038,96.5816395465453) 13
(960.595792314762,552.6783001392623) 20
(536.9349998739882,238.77005905826599) 8
(359.36906058097964,625.9039169560805) 3
(34.860323407474915,34.06589146396244) 9
(521.404276529194,140.7575959650138) 2
(919.67087298141,991.067510945626) 9
(408.2537518750938,417.7900044356836) 18
(154.8827415096229,768.77167607504) 11
(910.9000117786278,785.3345851697711) 4
(978.3870156379184,714.1886546377208) 4
(273.99369727060883,290.67309460249345) 3
(721.2388499166166,848.081498291998) 18
(48.004058520859985,54.30531187841559) 19
(380.53058434258793,675.0122271176415) 16
(159.94060239635743,928.0015291753888) 10
(946.2396365311176,598.9184535493991) 13
(778.0813840194239,595.7749512391599) 6
(98.24380644825071,136.21313668073566) 19
(165.84536693449093,343.9497357420588) 14
(888.9089943339352,257.146724500952) 17
(450.9594257608272,287.6471110444444) 5
(552.131439306647,642.8199797117187) 12
(306.42755066785196,177.5100827036369) 9
(805.4030841373134,641.6659395634956) 11
(219.86867939309462,219.44550680431473) 20
(506.40581027219645,359.59688605353443) 18
(123.28868162982498,635.8177011337136) 5
(166.31003825103807,300.47823710506884) 14
(824.1332155723425,758.4346860491668) 1
(479.95018163250614,774.8285103526839) 9
(463.6579722991003,677.931055607068) 15
(886.179345875101,963.2528326484901) 4
(248.1680096165031,748.916640197719) 3
(796.2738283070369,788.7854188338016) 12
(812.0441504188218,809.6602194007202) 14
(154.62922841336157,933.2536050041987) 3
(417.3084874073856,249.38563985419705) 13
(671.9757883254712,484.7454989635944) 1
(792.2867227959149,247.79043463550065) 18
(572.7496305184197,383.7258119251349) 13
(509.21775992745467,768.1901566717711) 18
(584.1124138024555,195.53605721830502) 14
(772.3563354875257,680.1776631100043) 10
(90.86216568639904,933.8618614340924) 14
(477.9982293853976,990.3274882870915) 19
(825.5490397684719,279.19797636136343) 6
(262.90940612213507,573.8111297625965) 3
(917.1241498970455,430.8560044336788) 3
(692.4996803075599,243.99769714479348) 16
(23.348117590773043,98.41140405036664) 13
(408.8749908492093,405.5355157465069) 3
(517.3934639360094,859.4459334836655) 10
(713.0622222000864,226.2194616117984) 7
(638.5289941543517,386.1527170588065) 5
(823.5711404408692,584.6637497539457) 11
(227.37415837312201,657.8944998395003) 20
(877.0333768190508,541.8105134017575) 20
(250.19432400616304,434.2563923356513) 17
(139.63386606694039,202.9717038204032) 13
(737.044222144313,132.68979638888678) 19
(796.7758755087884,83.52752474446001) 3
(86.36031342578954,526.8759598387485) 12
(807.0230692090079,801.2728667159489) 3
(974.0020441993465,115.70217566490814) 17
(302.4385320462944,819.3718901947591) 18
(848.8588949296892,558.8263809496957) 5
(306.8593402537495,449.93354152016343) 2
(828.7856409993639,909.9288368529963) 6
(849.3765839859001,966.5228927767746) 19
(997.5855433266112,897.7291690742904) 5
(855.0796935306971,322.2149534988348) 1
(381.616261551481,829.0349643533408) 6
(44.094561236417974,767.7273175613042) 14
(243.58316667696033,810.832727280091) 8
(963.2132051960157,648.9378894739469) 20
(210.2630703252727,403.5080793401429) 14
(524.6791629339594,361.9303241084226) 3
(157.8832127699572,15.870723837079769) 6
(343.166782172453,573.776895535246) 16
(635.4973579987034,543.6611246711775) 10
(623.1297596952686,917.0752290515981) 6
(77.60920366051872,717.4940007485186) 10
(233.08090608585408,672.157307683937) 2
(89.01056368938676,493.7796591520438) 3
(399.1261065881052,320.88735323907804) 7
(823.1005744861675,905.2016368825729) 14
(385.60429483412474,771.8630868521038) 17
(146.5603392245458,888.3423501123444) 3
(372.1583181656154,24.852333153591587) 13
(186.78685397808226,386.1531627428024) 11
(646.184897500724,843.6982878565833) 7
(36.74772783427893,464.10633456945925) 18
(438.93264286333823,447.169482783474) 8
(151.5256032548189,996.630111279612) 15
(55.500903893256236,632.1115821934818) 15
(808.8473227720174,182.04381468504394) 4
(387.44023151009685,625.9374338291973) 7
(845.5940288935406,989.7453443934646) 2
(919.5581495040855,144.70534184634388) 11
(14.905890461375137,56.43200052030117) 13
(181.61158282976464,131.44095881963824) 19
(519.8104585575213,366.73212801834063) 5
(678.3304094898082,264.40610867528403) 12
(266.4456473946689,440.528341765943) 17
(567.5162218859066,9.930336346521518) 20
(428.00489357810676,405.3946930151244) 16
(954.3629238596986,677.0113632116512) 12
(431.83293095332067,551.7234552073022) 16
(158.61077337441532,150.74183463696278) 15
(918.9385677447588,835.6359597166235) 14
(127.30880448045045,233.14580553442045) 9
(430.1921509186839,729.082936553603) 13
(59.63325321272595,845.8717019669356) 1
(124.17117674708444,177.78099654852875) 4
(941.1799447366078,61.63334704257206) 18
(985.8714675613605,358.93814427216506) 10
(456.9873866675348,534.755447563626) 19
(926.9753245776022,594.5961905870888) 19
(820.8621372747388,428.2133032458282) 19
(945.5899230272138,23.495571328288946) 14
(387.3148445907617,713.3033309181375) 12
(62.332339796425494,429.86346759934145) 7
(894.1359424197614,379.94574333700814) 18
(439.18469746492997,870.4970922694777) 2
(440.0998546701631,34.506414749945534) 16
(342.73845111380484,522.3832826906828) 18
(87.4550945417003,172.49523715103942) 8
(295.49631260845433,161.59167286834753) 11
(84.43537828382752,269.3208220879325) 2
(554.6219844888153,807.7996037428293) 10
(864.0546081894179,624.4987959029681) 8
(717.0147009391701,765.0054569043493) 20
(841.7190521061948,763.8807106538706) 19
(319.15685139768124,614.2824867589536) 11
(980.4835758320913,104.33861112972254) 19
(984.4172482496033,476.858467020806) 7
(355.7143564220921,537.705251932944) 20
(904.9643704043932,960.5984365159503) 17
(864.9103253457463,721.9940326207013) 17
(933.1339787678387,79.38542189308761) 8
(52.60817408260421,410.6900364230126) 17
(102.28936510475306,812.1850322446022) 9
(223.9956023101306,708.5536463043145) 17
(66.14219276314437,250.4295571797255) 2
(379.34468846000027,69.82030413822548) 3
(520.9006992462116,589.0060908786203) 2
(512.0975106764786,945.996871919356) 14
(63.199208617890854,331.2133357998103) 17
(32.13040819955826,63.695102862423965) 20
(231.13843045378667,853.384638454731) 10
(355.01785339873805,787.8882723031064) 5
(464.10085229690355,555.3381127416098) 5
(451.9847419333785,250.79839500540623) 3
(389.9637586262955,802.2733703936483) 16
(696.9076711992202,106.83803143439296) 18
(957.5493972938337,560.1114468548708) 16
(428.82612750843793,917.6548082310203) 4
(866.7532934444324,546.8917196244926) 1
(225.99130622971143,963.6425573100885) 9
(982.3473607233669,67.90203706417131) 3
(766.2287792290504,611.0122333646219) 3
(597.9293187434286,768.1087487969222) 14
(374.87569524345554,930.4691076663174) 12
(370.9150669012847,817.3129714616326) 14
(490.9501680066592,833.2531439199663) 4
