1000 1000
25
(0,0)
23 80
200
(932.513147236639,822.9830901016695) 16
(817.2628114218861,386.85190026852433) 19
(281.052057354113,515.8080096203536) 5
(328.7547341381692,705.6462994201405) 12
(156.26855448765698,279.6242041725697) 19
(259.3620380876602,407.14672347078715) 11
(533.0512035997413,554.6743955846475) 9
(497.9637079004613,215.0077095311793) 10
(299.5601818389583,723.8786873398453) 10
(325.5699633230774,836.9914840207567) 10
(497.7610139322788,932.9640768858028) 14
(184.0392939613953,650.9909212753358) 22
(221.78457596115052,757.7297094961517) 15
(127.5786432431938,968.6953670630531) 15
(986.66570901481,587.7145645361704) 16
(253.82426606230234,672.2119609907118) 19
(119.94221524637527,342.70225271678356) 11
(759.2015866494417,493.2916730723146) 25
(118.01753059303977,787.1311650425471) 16
(568.7054511822388,555.5612690421062) 22
(407.372627738365,336.26405893499646) 23
(954.1934397205266,144.56947800740238) 25
(929.3510530995259,889.5604695490412) 23
(613.2596242394027,455.8886359971303) 22
(314.0734670709522,120.235413678082) 5
(949.5894751614907,517.1157469199766) 13
(654.4008274265743,279.99857796762564) 5
(771.9466089086845,213.41729407392995) 3
(979.1738975685972,645.5675883102062) 22
(820.7614593392656,801.4299684133828) 17
(293.40718646006513,732.5907522345655) 12
(390.08519948768736,89.59772228335194) 14
(904.7321166129484,363.2734479960785) 5
(333.9360025715925,847.997125751415) 6
(864.1250369509571,101.36380787795541) 15
(488.44803623975184,662.164198068261) 8
(291.37857815740784,420.37782659552715) 5
(976.8877032418707,692.2048991395674) 22
(19.95091572372454,304.8696754956464) 6
(340.5280814805574,836.8489912431962) 9
(969.1983039065511,274.87061485044575) 16
(427.05730334064407,541.8924230924913) 14
(636.3268656583492,902.0407678053734) 25
(545.7076872534856,277.23541457811507) 9
(88.93034134906085,698.3908494302116) 20
(316.86434742790107,667.2257489639792) 20
(533.6552968540892,120.49896813481975) 10
(820.2574438217474,926.8253521394153) 24
(404.57078757249764,641.7020862703827) 8
(130.5389761506024,458.96961425784343) 14
(51.36459535367588,854.2121240028706) 11
(436.24061101663716,805.9897605304523) 5
(980.6017641728495,414.9240106808382) 11
(119.36175868386067,965.550777589265) 22
(553.63278459299,741.8405861400275) 14
(436.18488947665924,100.51939319079739) 17
(352.01689879162325,238.5450309089109) 1
(986.1019139003386,507.2837200826713) 21
(602.0980322741541,741.5952560914596) 19
(636.2418389243056,197.45304332105573) 4
(229.73163565035804,900.7220243915368) 17
(335.5545254208049,676.7021068754254) 5
(479.9169816890353,513.9939172702079) 13
(713.8467633597594,727.9200151949082) 4
(835.3576677997328,7.659202307309876) 21
(153.2677106500704,597.4920358036708) 4
(653.9887812179282,431.8985314782351) 5
(859.4554190328544,718.5896049650026) 1
(989.5722612193866,461.50830963503887) 12
(962.8241417972146,5.33266162388446) 1
(422.0549541890063,688.5327207642711) 20
(840.3339989789572,981.4010347948606) 14
(869.5450005302483,413.9428851990837) 2
(861.4946804297045,299.9211977786933) 22
(394.29073467948297,921.484403370676) 11
(369.59763513448627,384.3018112764295) 22
(511.7644863969685,772.0364962260048) 15
(289.83058388034175,380.46263915960964) 1
(949.6236324438695,447.0949074569055) 5
(687.332417265884,730.3941970853245) 7
(378.37909163167393,400.948800671537) 7
(196.398168191533,544.6791173044485) 8
(919.9080198698467,680.5394085695799) 7
(428.81410068518556,507.4258154960842) 24
(583.8118189768201,26.976454027104246) 21
(798.4513352364855,27.98882385133372) 15
(143.71615082728007,44.693392654763464) 23
(67.2902500067497,139.43739272253154) 6
(248.77505982090986,143.70829191518808) 3
(778.291944834845,667.0207657984816) 6
(705.6855880476604,445.2160791613692) 9
(115.2288466333099,53.49092374329278) 19
(233.11124683674367,297.2886905593995) 11
(629.6840821176748,908.0456338269033) 4
(471.28192460551344,151.14129855527824) 23
(827.8348859940825,618.2690548507937) 9
(717.5228514543996,241.77268968803511) 11
(754.8893075829882,986.7379638519246) 12
(300.64094964718066,190.2754179749192) 5
(893.7169214039666,120.86978970360585) 22
(936.3249759854554,413.68616622958564) 6
(600.0943986658942,565.1513464551829) 19
(455.3393335199921,462.16434387743544) 7
(948.9961994932315,400.08222953879556) 21
(164.45874892275657,281.2798481070201) 9
(510.58840424314025,634.1907320519118) 1
(623.0432302257852,56.798974344297484) 11
(683.0368801694003,702.5805774863566) 9
(968.5202429040808,100.08754796767182) 4
(890.4989483874039,438.77402039520155) 14
(278.43507349100196,53.47265453423689) 3
(982.8586161228045,228.3609365275845) 14
(717.3125888406721,360.1468242768681) 22
(820.9393684666247,631.725058435757) 23
(43.86863366775429,917.0370574864239) 10
(356.6588429765682,961.3846650577077) 10
(758.859740514575,352.12290118865553) 12
(591.8214891002762,917.6734766274483) 19
(3.732831481281673,619.2643940702202) 21
(905.5658599612689,531.171322849121) 14
(200.0580408956625,235.84376564163523) 4
(190.32187394087285,210.74649419516857) 12
(967.8789327840367,689.2006801798925) 16
(158.3073372864441,881.8768908143015) 13
(410.310863224282,98.89125159000689) 14
(69.21693627044867,569.705923506004) 20
(213.69630394087514,138.0628244591079) 12
(720.8167573599486,138.26233562396874) 13
(678.8789327513963,331.5414404158874) 15
(208.38822994406104,228.97197131316938) 25
(2.5565045188225,892.5526954833495) 18
(899.5380011510465,573.9747150582301) 25
(905.0350311177896,103.93693067507093) 1
(228.9838744733984,868.6725385688188) 18
(274.3588730686052,565.4067078586328) 13
(962.7160761496704,799.9668487665753) 3
(194.55821437905584,487.132475693137) 21
(258.8942503751779,624.9032754626236) 5
(446.27801493654164,647.6422101185121) 18
(804.8106569492771,343.6250971166103) 2
(399.05783036706123,389.46204656931127) 5
(189.4876648862741,984.7325459203432) 9
(114.72081847452876,543.4403467592591) 22
(908.4904657870053,450.7674873580955) 12
(907.0748612789329,303.1919647341116) 12
(724.7628699009415,361.64479326112377) 17
(653.6585901971101,633.5351970446275) 5
(817.5520540428681,892.127672880628) 3
(768.7083951808463,516.3952405280276) 17
(362.7001363203677,766.3487367841342) 18
(89.83382232042014,972.5973728992318) 8
(94.39976720539323,447.8116786388323) 9
(825.2158768936338,973.6518886383917) 20
(146.14539357363842,543.0100790466711) 22
(597.4777156957734,821.1468648782395) 1
(17.09807495064075,551.3112315887257) 17
(792.8638740936206,809.9535973893877) 14
(957.230095156491,839.8785084389505) 3
(483.04838632728763,817.9242868526791) 20
(323.1238068770319,959.3896026031405) 22
(475.61422852533497,203.3671147447853) 2
(393.00001794179997,825.5325051432707) 3
(733.4662366845062,898.6131969645652) 19
(761.030250954656,354.5167051067546) 9
(531.036813601555,653.6188619634219) 19
(662.9594785670697,826.6689172371862) 22
(251.26406460229035,56.901073078200916) 1
(272.9399490651566,474.77789159124575) 3
(385.2097162517515,266.83008706498765) 14
(412.9235150806493,296.60820744301355) 5
(16.60913887839188,722.3775081760907) 8
(79.76582281312483,57.43079019223729) 4
(232.1845831346786,173.32147394434128) 3
(448.0563473132685,350.48525013647503) 9
(903.7423291166215,494.49828246805504) 19
(888.870048349245,448.3638772570783) 4
(932.3902359938135,973.767501334443) 20
(579.2121192884001,943.7681100085777) 14
(202.3282657116412,650.3487647149193) 5
(351.97691005903454,334.31783950748485) 21
(106.83093190931403,708.0724325385653) 16
(380.19661986613585,513.024539584848) 22
(833.1624271638229,664.7863350172556) 12
(743.5439902136768,295.49400379703314) 5
(426.7522694223801,627.5948923906269) 23
(936.0871139727581,443.86327987478614) 24
(825.6060416876976,175.91109844880248) 5
(21.804940873238476,741.5625721726947) 20
(8.476157028587172,520.970194182676) 25
(205.07437162242047,651.5584240560859) 11
(357.6985981460329,400.17969374597084) 12
(22.406011692719275,919.7911640938831) 8
(973.3000215250272,344.2383203844319) 18
(716.9454140582453,395.6995050686659) 24
(503.56903557031586,266.0085701550993) 11
(379.78228037658624,527.8844886273816) 23
(485.28607541518,491.50719912107377) 20
(529.724155635259,617.5989764089709) 20
(146.43106765038783,541.4159828072211) 18
(666.8646977453703,637.8147675392182) 18
