1000 1000
25
(0,0)
23 80
200
(923.8104540869107,858.6935066332796) 9
(862.4002550426953,739.7802763835399) 22
(431.9028472638005,410.07790177638816) 20
(965.2484806428325,19.65290151487775) 24
(857.4709337487882,640.7317575380586) 20
(672.8404585704269,385.71469576076487) 22
(509.1642903251764,800.9644941195728) 9
(914.7695814073732,80.81456922297492) 12
(263.50419015674345,532.2318802722433) 25
(684.1259030888906,14.086362971931333) 3
(68.51589390949708,760.1953883423349) 19
(519.8351656664863,666.9668813543407) 8
(22.518707012588845,728.7039125467384) 21
(804.4605639147998,430.16269256297414) 12
(102.11973309273536,350.05317198272655) 5
(559.3425316758884,557.2770899411958) 12
(855.2940013962145,13.074013600561374) 12
(70.76250250130533,732.2986893668061) 2
(79.24848812096397,704.5349687774873) 13
(753.933636184437,872.0089943256241) 8
(971.061594376661,866.1267527747309) 12
(660.5806528170136,138.66688295043716) 25
(544.5835743123866,532.2378293738973) 4
(408.5716779600986,151.1898579345532) 17
(139.1578356596026,458.9436466905895) 10
(269.28454312230997,154.04791458712353) 14
(656.188320334791,727.6326633647017) 25
(234.14367615331565,317.9810651676307) 24
(139.50414209309326,949.4704786362284) 11
(987.0375991681077,267.57488716102296) 15
(817.6628248809321,779.4876984474096) 22
(834.4750518861562,409.00914787663976) 21
(980.0867762941123,324.267371733441) 18
(612.3720512381333,539.0823800261269) 7
(651.1804788955682,865.531521994385) 19
(960.8066408566631,490.91493739172876) 1
(675.4201625743452,211.77592296500436) 4
(854.8297468412995,177.64010109373362) 23
(845.7132652979417,955.7648104919086) 22
(915.9323212004429,8.301553201846556) 6
(400.2113438294979,197.91870498423648) 22
(474.4370310110468,929.7005379199725) 18
(168.89575769022414,10.172258014028767) 9
(374.1126222383142,581.3479196332863) 25
(654.6663602482648,148.44332954493711) 12
(66.90991607961072,634.0114272615446) 14
(26.634444285939196,92.00746111091208) 20
(218.4319988575456,4.384672543994106) 7
(502.9505163600551,372.5753133051204) 20
(766.2196132077763,394.3366367980222) 1
(741.6306572230859,229.55486832100092) 25
(714.2966279543523,592.8796268103034) 24
(469.75363023098095,17.842000716230878) 15
(490.06520510727347,250.41844259068836) 18
(637.2231954616714,306.1375977540376) 18
(297.2292174752994,129.03208043851765) 3
(335.4286181194305,631.3632560731809) 9
(226.85951681125349,81.47377782695453) 3
(986.7887411842602,362.373958948389) 11
(312.63670501327476,268.5510504814547) 17
(812.7477150873577,776.9043549151437) 3
(665.6597013144866,111.7165756768428) 1
(947.0668512043869,804.811316928635) 13
(706.4095433669385,227.61568792923404) 20
(780.4565491284441,795.1926802239133) 22
(923.9371707297546,738.7553389052523) 1
(258.528889821506,99.79017457764994) 14
(951.8627831464133,153.74205192586888) 24
(589.3187310858895,931.0607718381317) 19
(292.84859462879876,812.5021554377611) 7
(30.674346233557248,106.54239760622886) 17
(711.9618647864683,996.889404102119) 15
(502.85039446862135,282.56428942534416) 15
(525.0578736000124,949.6773461679286) 4
(177.52223593500116,393.5285901669819) 16
(37.253954698786785,984.8757822987465) 20
(974.0014752831534,875.0601652712239) 15
(15.62193580993787,593.6333031249983) 10
(999.0688313108543,210.4520155759604) 23
(845.9103767290763,236.35116047250648) 11
(223.17831563490486,426.7874219432638) 21
(657.640469344222,492.19246738339893) 13
(311.02850747963,60.50818217178977) 11
(560.9545264069563,670.8650905315882) 22
(647.4127818827433,576.3568630926937) 18
(673.0307352082345,619.4375254649191) 15
(938.1571539452755,560.8744822186748) 4
(706.5908033151277,271.91955628239896) 24
(3.630260509822403,316.7697447631681) 23
(37.91347848216409,490.8299061761905) 6
(183.1736746724061,720.9572785645163) 15
(470.39135283980625,409.7297708545491) 9
(958.0141980944679,651.169231376504) 3
(790.4181114771051,714.028236972109) 3
(418.2766261480364,521.9763963437368) 21
(686.585180325254,793.4998528056432) 2
(41.40951305277862,986.7486611578677) 14
(604.2440196653022,337.65139567187106) 13
(922.8687826805219,404.5567565943904) 10
(141.4422889141016,204.48601139899714) 17
(162.99116188543474,264.115210787822) 4
(117.46646516564063,888.5577143187406) 15
(570.1658514293672,640.5407915790013) 12
(352.6793735809831,45.56628250295602) 10
(529.6017374917012,491.11809591663615) 3
(670.8988337047012,20.902298722852876) 17
(797.6116716999272,936.8642020829682) 15
(341.8595929207152,86.37670198823156) 25
(804.45731427863,775.3126654083079) 18
(610.5592028026509,529.9518759849107) 13
(778.761721934173,20.70100506258976) 9
(201.15536788774824,770.7961378112809) 22
(234.9921118859396,996.5325958851505) 16
(493.13727667627984,73.67377421384558) 9
(332.5586923514342,434.2569366208392) 10
(181.41464168313559,820.2457968206276) 12
(287.52788883820114,12.436623306735894) 16
(624.0100078072952,540.2517743830556) 22
(201.25680370978117,467.6114587719403) 8
(512.4814854903025,461.92990907661016) 6
(192.8975495823263,666.6665437733834) 15
(385.1910043197342,0.23098404078336632) 18
(231.8669339881947,705.6882949907288) 1
(699.1020113947653,597.3978127085848) 14
(65.62708549719332,2.2918645597146403) 13
(749.0205389352301,57.16530623966853) 17
(876.4091612147886,535.0303621684559) 10
(532.943103680293,616.3706224772467) 17
(599.8862017827091,525.5247617622596) 20
(545.3281254403208,512.9258193977546) 25
(658.4440997738485,953.4842258702539) 25
(705.5891723641608,140.16339365904395) 25
(479.6495328845762,226.3670668629798) 19
(479.94430399358225,435.18316412991055) 8
(228.3081173698295,680.7905534113211) 25
(583.6853399081191,184.1331529588732) 23
(587.9372579937092,626.0081016765818) 14
(525.418026179538,664.5562500603023) 14
(186.89227920796358,810.290620853839) 8
(505.14122365830826,687.5865563034075) 22
(938.1451169383761,490.39993408191793) 1
(925.5937299782812,701.2963729244531) 21
(852.637354205786,776.2627008058942) 4
(892.31183540052,533.297514131235) 17
(129.60096904091466,501.5781753414952) 13
(150.7031588954404,17.029706491543894) 11
(162.94541189552547,362.78272508608865) 9
(223.7269105196643,380.31122461799373) 9
(171.68689770746303,879.6160412724247) 13
(138.5543584299208,848.6001926349674) 23
(220.68680484527135,566.1102315446454) 7
(511.63511016741927,968.3471571784934) 4
(806.2177538824725,586.5295185896539) 23
(640.2675815823411,142.8861837287988) 9
(858.931109912234,691.6070227417025) 22
(753.7570165469548,252.84274435707366) 23
(268.8081710029342,504.53925670047994) 19
(351.68828302825705,971.7067032825033) 11
(373.3277405486597,685.9858142600572) 6
(505.81916826182317,263.8119958181899) 17
(808.3331916968439,812.4898829381959) 6
(543.1059677558633,306.47085003101824) 13
(0.4467549835476259,556.0133208246456) 8
(215.41283456080274,930.2888742142026) 17
(269.0335831116898,91.65692542366844) 20
(273.0430767446964,599.9623894665658) 17
(480.7505218870063,859.2839416184858) 15
(179.35510692607926,585.05483321415) 10
(464.6196051362401,411.7116894966919) 9
(261.94402202702605,226.18661281189412) 10
(200.51281138754996,743.6628465905522) 6
(144.66307798150146,471.7962688887887) 23
(33.4268156654417,349.50522371539773) 23
(550.8961225079591,257.74300504905443) 3
(892.189406680347,945.3770419761613) 24
(343.90015068861936,605.2979683855148) 18
(384.2925025150147,998.8636596547524) 22
(44.53205310077468,730.673288973878) 25
(215.6009808977539,823.1702714055143) 23
(52.62512597148905,378.8396209761485) 7
(958.3756187751985,107.95533870207453) 16
(825.3020650800934,89.67199327481545) 21
(673.9100059764646,795.6110405853751) 8
(94.36583773827157,621.7483214843742) 15
(478.3504289297319,304.23866358127594) 22
(6.986764823993186,446.19047911019715) 11
(967.5254206972893,796.5479052162912) 22
(139.8322473109831,390.6831077742405) 16
(554.0442360572263,940.0412725215153) 18
(211.22239168344137,36.61654923559621) 7
(649.0319134080149,21.98385647015433) 7
(680.5807201992486,79.32934112314327) 15
(274.6496399686926,850.6822727368537) 13
(73.04052687694707,29.95445892788684) 6
(999.7461239343484,37.760601465803404) 8
(173.14301821546795,387.79461012263215) 17
(79.65390717957676,469.7600264428073) 3
(527.8170217338682,816.6724918279712) 3
(240.45215616338857,413.3614245644238) 15
(244.26972707095928,795.7961126006837) 18
