1000 1000
25
(0,0)
23 80
200
(496.6322190479907,659.0399541489695) 3
(395.2351579657193,885.658778305338) 17
(847.91896876883,612.1073134923497) 18
(816.396485022716,983.0008179854943) 1
(808.4381120237514,769.9156488716532) 3
(142.70152439213734,567.1555044613973) 20
(790.7074564203749,433.0888437367568) 15
(884.13911371375,148.73229111661013) 5
(741.3785410066233,295.28051187672264) 22
(236.21564327607825,540.7894090305934) 3
(894.0186906991662,461.93339800890453) 22
(769.4757579044269,743.4760334898037) 9
(697.4251823913546,299.3191211813022) 25
(812.438798198782,99.23813942917758) 14
(847.908848621815,458.00864618248437) 9
(718.4383495097363,730.7232151869011) 21
(321.177645203534,666.8047500094576) 6
(999.7705324362377,159.8737088850032) 22
(363.71094781420624,525.129445472018) 15
(399.254847361715,315.0356549513116) 6
(162.96774583326123,676.8278880589323) 14
(585.040557972814,466.0708105999738) 7
(463.13828340646444,569.1930584188295) 16
(18.885239504361053,387.4877835533602) 10
(548.8198822004961,897.8479849945422) 23
(769.2089187101017,982.6571578877183) 20
(697.7992311262952,746.5055292544787) 13
(413.0613843804387,945.9718463913227) 22
(931.5835726062957,930.517885194736) 2
(78.08569427996414,532.6387101172348) 23
(707.7057200275023,546.8989592108912) 1
(994.6954190098955,727.122084548186) 25
(821.5699554353183,249.8517386839445) 16
(267.51120460011424,876.6449141696727) 24
(17.387018389656063,404.0597493180809) 18
(601.7747098893901,845.3101356350825) 3
(848.7191430370735,102.56706584174302) 19
(954.0631260723977,406.6290156766654) 9
(388.7740293706129,817.7686186911694) 13
(680.6034716052405,865.2878507121145) 20
(96.76447135578226,737.4781678973281) 22
(503.18195945829115,363.318360163069) 1
(1.8327129645008267,894.410907307312) 21
(983.7996707464922,174.38265281158237) 24
(402.33706527211933,445.3481621453636) 2
(175.92813471866987,926.9919224691504) 19
(957.8479600678374,820.1693189851101) 11
(702.8856860564492,985.4256187707966) 23
(755.7455415195451,855.7102902421959) 3
(542.9165259622646,646.970803767968) 20
(120.75071738421916,481.2801360325603) 11
(928.954717441475,145.0274375042121) 3
(86.84986138198857,156.0072072187777) 25
(716.3357491069866,64.9831906469126) 21
(588.1844172486637,430.4205703115368) 19
(150.94169382373533,481.318084792683) 24
(464.4177314754666,861.7391412971739) 17
(72.88452447753258,154.4528775837255) 11
(131.23106306254695,91.86501632470056) 21
(293.3586157888836,245.34838551754822) 25
(321.0019085821544,59.42085690582866) 9
(111.07410227882697,424.5852529590662) 8
(565.5582417614371,54.12231068275331) 5
(849.0933945442871,142.32375630322647) 17
(920.670085040717,112.18312163973432) 1
(480.9769994128142,245.10839772248337) 5
(396.3675541527579,713.66846489458) 24
(429.68211400718235,217.9461654438458) 12
(998.2716289468311,623.7254421021478) 3
(287.132682959126,856.702553978544) 16
(219.32933285754663,222.88239760223917) 9
(86.29348738204601,199.17803285511926) 1
(985.9909827960859,247.0321774410297) 25
(566.2798060973362,76.5830870389822) 16
(561.3815203444083,292.23060778243314) 14
(536.9487300940533,878.7918344785495) 3
(779.1817423952717,292.4620293638165) 17
(126.74096591759188,301.9316117698743) 13
(742.9863267535042,553.3188953403246) 3
(68.62311725976666,928.4277630357642) 7
(816.2747834800223,768.2354140326048) 19
(874.0307477107048,967.4178487405508) 7
(930.197646428033,417.3361755093522) 11
(814.775745572012,347.27525883625765) 12
(235.4153365748666,906.5614932788654) 7
(289.7486809181189,178.4069982505253) 3
(423.22361122195895,830.7306112368168) 16
(159.18221743344208,601.1562098326428) 2
(395.2047842908998,753.114341281522) 4
(685.6805126988975,73.6090233529042) 10
(40.00583280482228,284.68913736211346) 17
(369.58714128782657,280.57476034790585) 16
(268.7285046447548,504.97349401238023) 4
(310.55622479738753,482.9836284015307) 9
(815.2761893183114,947.1007421313719) 3
(204.32336432033094,871.9685606793164) 16
(422.46046909664517,111.6216557593307) 11
(628.2476737100262,558.5642204653049) 6
(815.8393717708564,543.7678571517331) 20
(722.5054172393205,692.6150295199653) 1
(438.1633637174921,970.2760396937203) 8
(111.22342386225748,542.4947246030123) 22
(784.7772396654761,873.219669713395) 18
(921.947113813646,542.0880687429463) 4
(453.0404625102931,562.1412651393621) 8
(321.1778207837988,281.1936432673022) 23
(671.3174504084775,712.4166038182344) 24
(371.60272122250524,72.13837883989494) 1
(465.2297238150993,184.44964036348154) 10
(48.365119375603726,728.4728465581629) 2
(529.7110071595317,535.9688635182695) 8
(352.87922014181294,229.67380288907813) 4
(648.6875828621709,234.586694495424) 25
(75.27121812291338,249.59068489998458) 10
(393.2287943433225,979.070300844806) 25
(35.851724154604355,166.61767553432682) 20
(908.3237978372528,227.86700669460615) 1
(721.8601577186987,244.59433955290976) 5
(939.3430213556486,493.66576095446936) 11
(337.32371090632864,83.2284165736168) 25
(747.6448989207735,934.3182085559695) 11
(249.78020183316906,65.56658144855687) 11
(720.3973745702659,826.9898072719096) 14
(810.9315748262165,846.9996098786188) 11
(364.1568098822414,797.7082711060751) 3
(122.43437302684312,465.9828380243809) 24
(483.6447550406066,434.64723838703867) 18
(522.4716350974086,181.71561894493837) 1
(275.3407153637741,682.5379709779315) 14
(644.9473388715817,145.70655414063415) 10
(578.4850644438069,164.2117879280608) 1
(943.5808136060267,127.96626637081232) 14
(952.3168065065262,102.53826831219004) 18
(571.0971368525295,791.9128667511841) 9
(139.53350737494185,69.6073325548906) 16
(801.5740839375765,228.58235672828664) 4
(902.2212598683493,5.871290970691834) 14
(347.13978741715204,119.81078074738716) 8
(581.6326828072806,984.9193042498766) 17
(749.374063119948,541.9087163338938) 11
(829.9752931185501,889.0587701185376) 11
(92.52454951099864,479.4513509730295) 4
(289.12977006669837,315.7917915146221) 6
(287.77469597015295,881.4705075720321) 20
(650.4964206442676,748.6511637315059) 5
(20.12748071771675,2.413521242456418) 25
(578.3378126954259,359.2670809664853) 4
(52.311413741194855,324.77224430161044) 18
(659.7270701576159,685.0846170997231) 19
(489.9181130663397,124.13274194652246) 10
(341.33633766932013,102.0706626594462) 7
(552.8306608959023,516.0016078457107) 3
(509.9515620438971,870.2158925361323) 17
(752.6764072972777,161.188214562219) 13
(62.36512310148956,539.5586411906953) 19
(452.38977622886244,308.23195477875055) 9
(440.1684734655088,694.1771905202772) 16
(695.9098336398384,547.6985831659327) 24
(101.91956176492245,279.22777777161724) 10
(6.534699761671092,176.44515135313787) 11
(444.7116527970677,724.2797331173147) 19
(849.6521379397324,722.6397483460637) 8
(381.24172891163266,541.9267261323635) 20
(475.5801686741795,322.85540689951785) 19
(534.8120485308044,60.89655454350784) 16
(943.2358870489817,735.3201168999748) 5
(658.2914462670773,838.0618195187072) 3
(102.0603729452978,473.12988073356445) 8
(302.26741719924,8.038771446580494) 16
(609.5624578582193,120.68442088274989) 6
(649.8403288847081,89.45716952696291) 17
(139.90262624834483,477.45886949552465) 21
(771.5804242230785,17.4728384418793) 15
(118.30008716155793,438.0715315801379) 5
(968.5826471953371,889.276184625338) 10
(383.91939917080566,393.18683914605333) 3
(844.3074116628501,949.9615657901877) 4
(682.1622976498438,405.7598720350434) 13
(524.0093695924476,791.6262357182165) 5
(450.0781457685029,296.9601311287428) 5
(743.6454986330626,25.29398649216874) 7
(796.8315904671061,513.4754065385678) 10
(679.5381926994636,386.1325056509607) 18
(840.6972235316116,792.5128198381776) 18
(70.86966216772849,859.7112841554327) 13
(306.7023240343667,56.46843744753605) 13
(455.1960494657231,626.7057024473723) 9
(271.194556068464,89.44229684091776) 4
(991.6644047466602,777.5693744289165) 25
(604.6165692719778,162.4723153355372) 23
(499.4376899725386,25.913349577601828) 20
(499.5561687989014,305.4716620166704) 25
(754.9338275132175,513.2045947974232) 13
(568.8696859656732,464.2041811205403) 10
(515.812541779756,105.40573800417496) 16
(199.98334778966608,732.5505228687656) 1
(352.45712724107636,616.7849897963117) 5
(161.9027381738083,584.5767112690625) 14
(437.050253711602,617.2437530961772) 15
(335.0478511650447,403.9135620967809) 25
