1000 1000
25
(0,0)
23 80
200
(901.6472706907502,60.89498892028378) 14
(1.8858191639532507,403.8509877893821) 14
(858.038088677147,331.04700735651437) 23
(836.792528488676,371.45626777539206) 17
(562.5828516152519,489.7723860358143) 23
(777.6197192516038,52.649458547916915) 16
(91.47549059582838,505.7046119858343) 4
(680.3479256930858,513.446668063796) 21
(923.1466077500232,352.8122219862171) 20
(153.69788721497434,420.02771049211486) 13
(552.5732030467174,123.88537792274334) 3
(248.5211556492085,5.393489557653952) 10
(593.7078830848487,31.326067131823287) 4
(93.8298092451606,77.66403939801269) 24
(137.68584146895014,207.41740366680094) 13
(203.60135882718146,294.7498400424926) 18
(106.47251648724188,336.09799939080807) 22
(793.4695680396479,680.2409051341838) 1
(598.8623808389012,636.0465766285083) 3
(970.1321959467547,119.15371226804683) 14
(996.480931860099,979.6333516018561) 25
(666.1417468881183,777.498599913437) 9
(673.1841456179859,441.27743614977845) 5
(187.37077278332603,105.12353596517198) 4
(942.5871165412021,582.57759160847) 25
(805.331139640458,649.2597263752255) 14
(576.4777957487344,622.0442905315122) 3
(417.19645716955523,604.2085446607933) 2
(147.4944940776619,520.1536638839414) 11
(704.6410128961197,273.95527557547103) 3
(973.2360921311324,99.02782998328874) 18
(648.3437495125645,787.1260216922138) 21
(187.1019280535341,164.40628769960185) 2
(204.14005089114028,385.2093061634854) 7
(549.0519682432913,194.31324210512457) 13
(231.5894964561177,420.5109717737211) 9
(27.57965227918957,143.10636125593456) 12
(389.8516128365498,514.6156477501851) 23
(535.6680045888041,738.8318993782092) 8
(325.05218725251103,105.74269376423085) 23
(983.2804717563279,443.72960001602445) 19
(99.38854822609188,218.38717539864737) 7
(581.3373609058154,907.9045905271736) 7
(928.1190301401657,403.4774152798808) 24
(542.877253612256,159.90229406608526) 24
(345.8195730217752,998.5128757498636) 12
(525.3356093660382,317.839949801821) 6
(856.4258653948089,751.0849686496878) 15
(114.49926854529879,283.65612698403976) 8
(248.25558223608013,806.2721616989701) 24
(4.542140284243712,43.45541201752634) 14
(533.9453403532023,348.895241690624) 1
(207.65092758803905,256.0651540059139) 22
(564.6063308204988,986.907052051767) 18
(191.21280022362618,27.464474657422077) 10
(293.74215141932444,587.5209160177553) 9
(670.0464641163799,217.52998793012168) 1
(314.68164093678996,631.6395289208829) 21
(823.5691059807282,747.1019567078705) 2
(275.1830354836652,898.5196594869301) 15
(950.4426043893023,659.7906450045734) 3
(570.3199825658762,883.5851524972561) 15
(394.27898338884637,239.4284351848267) 15
(3.602626457136715,95.60162418043794) 7
(730.4366087707658,613.0521734224214) 8
(406.9607841023034,534.1206767350659) 11
(711.9964042919833,939.0045309359956) 21
(480.829926083471,288.04374915682195) 21
(236.0336952730463,688.3967572492643) 21
(716.8868214135208,306.6385123682024) 14
(200.87611988706888,938.9933750060742) 20
(375.74335379349054,655.812488734497) 3
(137.16743575007985,954.4109087373388) 5
(178.00002279367678,591.0329048607518) 5
(888.3360705508333,718.8491464059535) 15
(43.35772421609718,635.0131389462452) 8
(848.8435618380722,744.6441745357594) 25
(743.7411089878722,722.2426450517299) 9
(295.58813420189057,673.779594309061) 23
(675.4830804694827,316.29812762463337) 25
(261.3701531019528,430.17233148573007) 11
(23.07552699846549,193.99984626154466) 17
(778.4416410698888,898.8327786570471) 2
(889.2846578409317,685.3891489489907) 9
(86.73047810736966,465.90871843775705) 4
(583.8708087570247,321.6193615193592) 4
(959.2865095669013,30.76913761622757) 1
(788.6837319364632,117.02020399473834) 14
(345.7019664533788,464.38570182847593) 22
(93.03074714394222,403.6482461804507) 16
(915.0443071056883,16.25265363671624) 3
(319.3803321240505,812.470735218152) 2
(303.1346417691024,11.586620463769236) 10
(534.3950135050524,300.48825609805465) 4
(698.7285551671577,701.2913888242292) 20
(142.34189314245793,993.8108168389989) 21
(893.5957517578634,555.2648997591808) 25
(52.21015861354916,926.9271231450431) 6
(486.7430214706776,889.8661795847121) 22
(94.3039279204455,503.1494138354029) 16
(635.0307618093417,792.6687794959279) 19
(828.1466848978102,91.63709185816072) 10
(278.63965746900965,652.8182235660512) 23
(66.30153141122864,545.0114307773235) 22
(418.1457341588294,590.4344448385265) 11
(41.24787659809226,136.83619586602813) 3
(732.349291276894,567.3086082753591) 15
(365.96359540692737,110.22264153220985) 15
(295.565421711788,185.13395455999026) 21
(691.9168758885389,648.9209711667203) 11
(75.52068615626528,392.85083633825246) 17
(514.4192344508839,668.7680177625286) 15
(388.4940054911209,7.693806261048874) 11
(764.1197651693532,414.49821898151527) 6
(211.65125530916907,468.8436569175862) 21
(763.8602669352216,413.8523002746879) 2
(394.3159813234757,334.1055794107148) 10
(876.0273209576492,604.5653638598047) 13
(899.3055890409227,80.07386562285302) 1
(296.5459388748871,197.14271017500474) 1
(938.9006228194953,27.72779421429583) 17
(136.5789588934656,644.8480150023117) 17
(932.2404220806485,267.7382491663998) 8
(418.89874002910557,833.1072560976747) 3
(653.2607582215609,87.35298300798688) 19
(796.1157716418167,260.32060360241695) 5
(263.44014901387527,303.8264420891816) 4
(444.6737663815318,271.4535151604517) 19
(677.5005504076047,792.9512345061214) 18
(192.4511650031171,626.9444078974644) 24
(621.3357621033522,894.4534459686814) 5
(129.91916734067155,544.9364090239247) 11
(34.101236428666695,666.3225605433291) 13
(216.37038487021587,273.59816107497994) 13
(972.7187665073716,414.35800665026454) 23
(655.818017173918,731.1432031896181) 10
(833.4621519539944,26.058410684949408) 4
(958.5471681062529,390.77313952449856) 5
(886.1414280566938,946.7700311303753) 9
(851.1051515073133,826.8521236747204) 24
(365.931792204514,853.0074814655217) 1
(404.6126803369102,419.84008498943524) 11
(480.6412590255662,710.6681318517838) 20
(456.5872417878325,924.7961137555287) 16
(245.35439408442937,741.9199960000157) 19
(549.1103600172198,296.4381299444029) 1
(916.1467441978338,222.62658067748964) 15
(995.6961078112535,683.0728370693555) 3
(473.63470696651933,875.6428891560752) 18
(714.8394621822958,71.38201072954831) 8
(951.5244532692277,737.9312528511028) 21
(475.3297264423472,689.6313551686723) 14
(425.51083531971034,548.358085585499) 13
(804.2512723255566,269.1663520203801) 4
(941.2651961607963,463.8711181313669) 21
(69.31270180148574,858.0680827552106) 11
(259.3436177290193,842.0457362370144) 15
(228.1438118091025,487.68060094567403) 3
(522.4951495236872,431.1588614386508) 5
(644.1816398149138,490.43160344996295) 16
(513.6664442707015,195.0614804095794) 4
(94.66570713429357,392.80680158744417) 7
(921.6100821180393,283.8397023824847) 5
(577.8496893986825,702.6456373009938) 1
(250.28408544865675,478.95397371645345) 19
(63.50155595567175,900.1496776802628) 17
(377.3206509853507,336.8430775715024) 11
(511.09746793551847,843.3501811208187) 15
(219.54022316107768,341.0754092476782) 9
(714.243952951158,753.9626320037441) 15
(217.56810598632504,861.1010760018095) 18
(90.54746411334868,985.1125187851156) 9
(737.7463923722805,17.925018894471513) 17
(498.5776990532203,931.7613613825841) 14
(761.9349993643668,425.7583016509363) 2
(430.18816263347645,525.107385044494) 20
(282.1383224259616,556.3488161735335) 7
(948.9230934214015,500.8716201952157) 4
(123.60691591151785,264.83099769273645) 19
(857.6547121287874,452.34215943175195) 18
(923.7542388206344,511.0804122915085) 16
(626.8386676654854,216.52507691600908) 15
(861.7053387821892,871.0773199027255) 3
(560.9639710076482,792.8582836210074) 21
(373.637311248449,20.56581277470526) 10
(15.788943435085967,829.0048199860097) 13
(330.53475054306955,68.46430005987303) 8
(96.67187501942209,888.3612683988872) 16
(417.69337055142375,254.1986566750928) 2
(63.65459763137527,480.1650700132666) 20
(285.8217597863195,838.509245333965) 20
(335.60605857217365,799.1830596356466) 7
(15.292247810662406,848.2957749336708) 1
(18.603196588358408,146.69100046397577) 21
(944.962869784289,461.18238785702414) 25
(361.5448345383021,750.1984851096705) 11
(403.75790115423393,654.2866857031418) 1
(448.89985394410223,308.6654401864227) 7
(337.53741013959336,721.384562809469) 8
(533.6170293965604,302.88215458983393) 16
