1000 1000
25
(0,0)
23 80
200
(697.4985503602741,235.97366867556323) 7
(545.0207000231634,114.13507365648745) 7
(429.25041581537425,752.40914963524) 23
(955.7896042043469,859.0228241485435) 7
(629.6507451341354,941.8723499057073) 19
(242.38190627572732,800.0447939793544) 11
(449.66770892544207,63.92954726405553) 21
(366.3079761366991,813.6570918056904) 24
(979.116255861428,217.87747117197642) 18
(603.7061216386588,645.8345077460759) 16
(326.6361333908163,744.6717401602695) 22
(314.5028919206995,48.92421295284022) 1
(502.77997420985344,242.00478163010752) 15
(393.77867505259434,853.8428920104725) 24
(283.8729144482668,784.6051551157237) 5
(352.4557686121422,500.26879414868) 14
(908.9997734252489,658.4023455310463) 17
(175.98097421442617,874.5229864436667) 20
(845.2926044363837,552.3364279215538) 15
(159.2596960078616,883.6344049563851) 11
(665.8185985140726,777.2252477243234) 22
(165.24280611634546,308.20959942292524) 21
(476.92948179686636,178.45986474428133) 20
(854.1380526454642,70.6939144879457) 8
(889.1294923198573,5.283085850476765) 3
(901.3283837704505,807.9067324428164) 21
(772.9560049893757,33.577902539442704) 18
(914.4446395055,864.0107068236479) 3
(480.80710993003305,92.87118077017786) 7
(288.10749824227764,95.45128720823936) 13
(436.01656998247717,946.8698765503009) 18
(91.28340309877726,840.3498876756852) 23
(86.88452412983527,391.6253546247634) 18
(326.00441048141505,839.0190661766354) 3
(336.39681412616864,200.0258263179623) 5
(620.3695535037642,978.6944706266976) 3
(670.9535635491765,879.1124951942119) 23
(449.36636412273015,754.9739574924506) 24
(678.9032922397495,964.8736056605044) 9
(307.3476153850432,637.6947173876015) 19
(754.6199771988713,595.9068897317236) 14
(568.3778219517835,756.0910086609333) 25
(395.00980132649863,581.4504076767482) 2
(634.2870129876521,831.8145801182618) 12
(414.9791379271774,326.76011716951206) 6
(784.8988224814822,26.601702136005766) 4
(63.01006252303954,822.9325741234578) 9
(181.66562018928988,966.7448716840553) 9
(567.9869786377146,664.5864819980111) 17
(774.6878947903939,106.42437894391988) 20
(358.6953531232455,800.8842454629244) 11
(429.79656222981276,612.0328422597104) 6
(877.3182208716497,709.8354023282566) 25
(384.97787213297505,260.95633921277226) 11
(775.2595411185737,463.2028479933753) 21
(481.71256584453937,796.834324403809) 9
(588.8970029355419,201.9993563325958) 23
(940.7454929927279,118.11914412687207) 25
(444.37645936496494,855.8152590155705) 8
(186.6624114266826,732.7948878372077) 23
(347.5239708622779,520.8900636294132) 21
(337.41079991897374,855.1671646682735) 7
(403.6526333969718,76.14076798247649) 19
(31.42655215794332,614.0419578281201) 7
(886.043311456558,983.2967720407921) 23
(492.1381441083281,951.7576235376765) 16
(419.64096942398635,616.9328146591678) 14
(373.3031185727601,389.56565994172564) 4
(143.42799312748966,120.70556147309075) 9
(867.9065689987696,784.4833845757985) 25
(753.4539119373892,218.5679079460201) 5
(271.2374336747283,225.75129052818843) 2
(125.10907942873173,849.545418302955) 15
(321.4038941607903,86.72513226070744) 25
(370.50546242042117,693.8186826898) 10
(600.3305092713287,461.79224928628935) 11
(883.498025979669,99.4116811144249) 9
(945.4746870408708,880.4114270770903) 15
(303.9318496313412,293.2745079641659) 16
(322.9852786618319,160.9556491049008) 5
(493.6145950242585,470.4381434077606) 5
(927.2391879830361,849.9848587653034) 23
(598.563314250447,7.522364540296644) 1
(350.11187441465086,905.3302474703812) 20
(964.6143058303226,371.2324741823008) 6
(621.1264204054136,75.4869210223309) 20
(594.0472015473948,37.20825071586309) 21
(146.5798486622073,248.5877668419929) 6
(802.8495495035478,347.8663320971266) 9
(680.8208698867569,967.992271385375) 7
(606.8825245985357,321.30494118979436) 3
(695.3884665412318,188.88486266138537) 5
(474.80245061464666,521.0552941414041) 5
(506.7632362307244,995.0869980407638) 23
(345.67162852960166,813.2204040927239) 2
(930.3281247403387,830.3916704997305) 3
(912.4039913679102,158.648559793399) 7
(99.55980533507713,610.7271777745266) 25
(517.2971202266185,533.9793705100107) 11
(84.38693277035946,465.77341225379485) 10
(134.5340533173195,426.2078168308543) 16
(89.33033279328927,610.4423318945577) 5
(883.5384402317435,349.48054990059984) 1
(527.940379849503,3.814462312299316) 21
(962.7279175751844,528.5578244884) 11
(251.50615877067116,941.4604228816195) 4
(139.70142388592964,242.2514998450055) 21
(867.2061559748469,259.8850761041146) 25
(386.2878155146864,538.5370036758898) 11
(892.6948001672699,983.8808709538844) 25
(11.102786507760754,146.98510387576223) 14
(585.8446347046232,962.6383534708007) 6
(242.42426256970506,776.4852204629012) 6
(915.3599102131191,498.15884908372) 4
(836.3386297820814,810.9322140898987) 22
(30.481970096853495,405.04886162349663) 23
(225.16643875949106,480.4318386164188) 7
(22.07287657970425,299.2319468655215) 23
(191.75844841725888,531.0710096630104) 12
(47.44455950091264,366.0113654356754) 22
(716.3633547644376,488.0645886256015) 21
(520.5469688532353,991.9571020201328) 4
(301.320999657814,653.3890986087092) 20
(319.2736300217555,292.6746554902129) 20
(824.9307833524485,384.13726719256067) 17
(807.6752181950251,143.24890354973107) 17
(978.5329316287464,130.1967517262227) 7
(368.3706405818334,107.72288488459225) 6
(752.1950137345921,899.4237317918681) 13
(466.55369381095,357.6570442785055) 13
(466.8391800863253,202.10373422196648) 24
(151.10316592239093,396.3376500526907) 7
(730.8750699505646,620.6065641606294) 6
(943.0060306259088,487.2033615435928) 19
(48.431375404439315,337.64842583412934) 8
(654.568157381887,956.9008131209922) 22
(133.40501199173315,328.6455924794057) 2
(520.1093462918197,571.5014252728953) 10
(665.8941267603432,837.0078484712863) 16
(856.698871576635,499.2046463876013) 20
(160.66026773994435,276.0923581622557) 12
(421.3091040635476,84.22137728506685) 4
(369.9929631570141,434.3873630240709) 8
(788.2024965291411,826.8033031958789) 25
(474.2310337771466,253.92641424428507) 10
(857.1209064201387,348.40520935142837) 16
(805.2559635021587,368.2301666261695) 22
(332.6847137494264,666.4904582673306) 15
(440.77680602895964,312.0407981713444) 20
(175.89757043055033,748.0928265902213) 12
(173.78359273071155,876.4567728144931) 5
(340.6042305998044,485.3599568272887) 11
(363.1677347025134,400.93791573031825) 22
(106.01958309299275,778.010278389197) 24
(564.3189088702052,900.8844398973878) 24
(949.9253340552707,839.7345112196767) 8
(128.3093883231784,645.2387378474003) 5
(268.0872402303586,859.1555753603819) 12
(969.3752083568188,291.36524858480084) 5
(81.4455038443338,192.44965232500854) 7
(798.2538769266778,923.6270960707104) 5
(486.63271484920637,720.1533780490856) 9
(396.8838274344183,197.53348376242076) 19
(272.98298661912867,643.7857657220347) 12
(369.9753094548758,258.48617644172066) 24
(438.83844702056365,953.2465052618003) 18
(902.9375214586603,952.0299070833207) 24
(970.8076385187156,821.6016745544459) 14
(407.03343304848795,544.5028267841903) 10
(871.1395413068717,88.9633785762175) 11
(510.50462119035376,408.8109154981732) 14
(618.7604315934055,696.8168431960611) 5
(818.2592153444957,605.6295137997795) 20
(14.400341569872355,762.8922137366962) 9
(793.996067039692,187.0069853659485) 7
(920.9102255760215,423.41267782318914) 21
(921.3483735368287,479.9671451960479) 25
(53.77486306694457,926.1339625964266) 24
(196.2264809666373,990.3514533684918) 1
(875.3756433814823,849.5514400794121) 20
(899.1411760804597,495.17200588052333) 13
(414.1898877281194,919.7319037083302) 12
(48.54289124955291,190.45253503032967) 22
(410.61722710297533,102.54585103513946) 14
(647.5097525896657,294.8503768088637) 3
(923.9673148772566,224.34248155823622) 6
(583.4771998294768,480.08217801122686) 6
(209.00688382103317,848.198208364239) 19
(674.4208393555097,72.51341402615708) 16
(509.3660299536009,178.49151733716027) 25
(583.7981576604533,433.5487918622851) 5
(906.2947712188861,383.6314032167806) 7
(111.07983247489383,581.6044352337542) 15
(94.90449988409699,457.97376137459634) 18
(560.484020968767,372.09866946421886) 14
(800.8820932759621,306.0252153950552) 7
(685.6061516354365,462.8580456967322) 19
(552.5480813579009,417.32993328708346) 14
(711.7156528205053,202.4983517275547) 17
(529.9080810832048,781.3676631648894) 16
