1000 1000
25
(0,0)
23 80
200
(482.4194834474559,442.22642418456803) 14
(766.0237189114773,689.400284246514) 10
(118.24827971734442,619.2094336867086) 21
(305.57613658962646,356.7726034829673) 23
(448.7153630392955,954.1705453494152) 21
(193.5919160472793,979.1569475179839) 13
(375.45880827513247,766.1908776675739) 3
(674.0849023028493,980.7385652664356) 5
(22.10054393092975,509.3799675567262) 11
(618.1055476883008,148.48673754941422) 6
(69.29012881331931,922.0491047978852) 10
(886.5302846332553,107.6909342706307) 7
(158.74878517515822,714.1279190844602) 5
(326.4740101978438,380.4683919394144) 3
(135.42199590722825,327.532588578328) 13
(203.81136836940928,74.67479839555646) 10
(694.4250859600662,908.5659072803676) 16
(379.0446827093831,785.3693184950155) 16
(564.1890261370733,382.32833799768275) 8
(556.7408327249718,966.0488329151549) 22
(288.55440131238873,870.1326018510072) 15
(378.8974854282182,947.28989159432) 14
(513.3279707612992,613.7255194086354) 4
(852.2279988911002,235.14290976591556) 5
(865.5883723663699,59.86850114109632) 10
(439.3803840333983,441.3993246686504) 4
(649.7138888099937,46.713423254672314) 22
(975.9944320306245,804.9237052080359) 8
(737.8060941650314,869.6682307592381) 6
(259.0410805247605,204.63129550085225) 17
(836.5579249695842,179.59232035276617) 9
(796.4408086349684,227.29453994980742) 14
(423.5777843171199,475.6921120566818) 19
(546.8594803510738,809.5440674653607) 6
(968.8378703252279,181.0153279741642) 17
(715.7836456152488,725.2380847774533) 25
(209.36132963480725,691.3089858048847) 18
(737.0553876359211,594.9695882292773) 7
(865.9451975980174,726.0258032684937) 15
(113.19205842174007,510.58097197738005) 16
(732.6559564839583,409.4114112177826) 8
(449.5104370092009,358.9627545631331) 18
(683.1685554437876,815.9383501862204) 15
(191.992013341836,624.075242873444) 15
(696.2050222481676,253.2870183783469) 7
(688.3931978073587,959.6348086766973) 5
(704.6301810500241,954.3554196876862) 18
(893.6621790383308,716.7670393169471) 7
(192.89550382277176,869.8018577665512) 2
(326.68281038494985,415.3832457571792) 2
(537.3197993140169,519.1227910783143) 2
(404.1460142070841,149.67921020475805) 9
(865.2977797146125,394.17234227170104) 14
(286.8181921161218,983.1650995566387) 24
(715.6264135302889,470.67371317932447) 12
(885.6417733042208,770.3791962160548) 21
(355.05460943251086,688.8022401231171) 1
(391.8256359626149,236.20394502885733) 2
(801.9743603894169,752.4750052276522) 10
(338.4629486077578,697.7056243111123) 22
(897.9855288654654,253.28007428649957) 7
(442.0904936424657,613.977021578704) 10
(829.8408925171358,861.867507856353) 8
(513.8522128378426,56.03584451593857) 15
(420.92830215142254,658.2953994591605) 23
(176.22517081153865,388.16005936995833) 9
(220.45693730290782,267.8194152659096) 18
(889.6920695338217,832.0394966772953) 15
(650.190038553609,764.2702635856404) 13
(147.31210082905767,891.3164206417493) 18
(191.46893575628644,598.6362992791118) 19
(313.066047678214,399.89157878394377) 20
(343.7787968310564,541.7516609300693) 6
(524.7846114498128,264.5442281685599) 3
(168.63548966663024,236.602402906828) 13
(597.7421375200929,687.3082297121576) 2
(360.0894870770817,965.1571570910576) 18
(28.011822627339143,719.3860517212295) 13
(918.7526134836921,763.1657863289157) 15
(993.3278716418362,727.1154001536182) 9
(616.5484272028037,975.8198075154592) 24
(460.5798564159654,36.89794668904145) 9
(967.7116119909173,853.9224697889999) 5
(282.3317825951721,783.2407853603586) 8
(33.310186470516086,751.3497076192417) 8
(924.3641851241605,359.3385193705703) 4
(726.3568934874824,924.5312334751457) 1
(896.9066904603095,788.6545260952123) 11
(287.583023809425,333.24139745963487) 9
(943.1417652073059,107.67373989366536) 25
(983.2165874771031,320.37443379301453) 23
(5.009167672480164,701.076343888999) 2
(142.2962143358152,550.2352490119449) 11
(112.7808563385041,281.880373435226) 3
(60.3602483304454,775.3696684797607) 4
(822.0380902519629,254.73218252541173) 13
(797.4859876566634,724.4128443142496) 10
(935.0378473937457,786.7415079281134) 17
(490.90746017121756,269.82954720344276) 11
(720.7267306833746,259.0552285785763) 2
(349.20145759403067,131.7172652997469) 15
(399.2373545638026,201.19667781241557) 10
(757.4645276447515,354.97273396573036) 24
(18.996921711899482,210.42200601194716) 13
(134.81997513977984,321.37450158223413) 15
(561.2128905690403,213.78775215220324) 22
(740.5546978352937,715.830840509058) 4
(460.58677637037994,638.0003601153014) 18
(826.1249558990997,795.707054500988) 4
(666.5888610772686,482.15858773939914) 8
(305.7178945679272,468.7958022099018) 25
(785.8536946646032,136.04085871837245) 17
(231.35529330894477,500.78531723467603) 2
(18.71464911998233,780.7251616731095) 4
(213.838698461271,970.3202770601072) 13
(11.13169318231122,528.215184677064) 16
(653.9994783938457,906.0431908307396) 7
(964.1699094958161,11.194725774059776) 9
(892.3540071208837,632.0502640700184) 25
(640.8855390750007,666.0905561862194) 8
(963.7699469452864,41.95566995664601) 23
(802.7670669817517,1.8860143530869955) 19
(704.0687859759365,399.19834182202817) 5
(482.3809912564293,926.8451907290049) 14
(611.5510594366132,54.57513422298488) 12
(523.1937821726012,336.658648291252) 24
(68.77114681025876,790.709992266308) 18
(841.4318696638753,352.82009579292594) 8
(961.7933004249187,260.3647438149043) 16
(109.85543438472078,618.8754246991646) 17
(899.5620968332684,392.6863337216838) 25
(392.4485438141156,563.6429839065943) 11
(264.56643115275557,567.3081387075019) 6
(99.9277965353622,578.104369794693) 16
(370.64533602063796,212.59352921187346) 23
(551.6069981145384,960.2545597485345) 16
(335.3928245869091,216.4882913167009) 22
(596.1206038698097,612.5715227357763) 23
(813.1675524021481,40.36901545943494) 18
(835.9011290909491,818.4851852270275) 12
(893.2405972363044,530.7869182011759) 5
(639.9283721226479,13.853319980099421) 11
(580.5904454183417,661.5710162942825) 6
(673.1936665399243,135.31639312555444) 13
(280.4055019356239,773.8591178342696) 5
(129.7445549221131,316.65123415380725) 20
(136.2743362804517,857.4537642450298) 5
(851.0742061974853,463.3846763869193) 2
(665.1474974117233,263.0093060141374) 24
(471.248648370316,866.0609580512938) 19
(946.3044186225651,315.43710316782347) 17
(731.6468159569548,324.25945640192043) 20
(491.5447379273491,205.61961670324214) 13
(976.2451402567649,299.5294218775713) 24
(421.81515797522553,997.2621329506824) 19
(473.78757848502937,18.23120490737451) 2
(229.36322635777373,363.4478874414999) 7
(887.6800347486511,91.10805445195713) 25
(141.3400299803089,663.6274028533779) 2
(843.088075696604,873.4767188490586) 25
(143.24582834770848,786.2952414293904) 25
(456.6125608703343,849.160800202635) 5
(261.5008188222938,10.749075015173858) 2
(116.14232146182812,733.4452548252674) 25
(821.8861787325907,894.9813536338056) 12
(402.99955661161556,457.86105737688354) 9
(218.89808099747765,449.64115715930694) 6
(475.37825916548724,510.16217915359795) 4
(551.4155243178523,497.8253713158901) 6
(867.9066765283123,91.74399279854306) 20
(334.50530801782986,449.9077071700006) 13
(763.4066858211914,518.6078095694105) 10
(769.2464806264985,26.2342565364444) 15
(455.72257453404666,575.4159822555492) 11
(870.7561969845544,973.0152189429283) 7
(374.354409942668,673.9244080789792) 23
(83.17348737806229,697.2493077306424) 11
(380.375354083199,604.4486420452602) 23
(380.3853271904081,286.0043186870521) 4
(561.3006509493227,383.86248907592835) 19
(21.968535308678373,256.0206430578443) 15
(135.51167685704735,42.979631525177034) 18
(730.7153817714986,702.2087407387908) 18
(457.095154835074,572.5136354877948) 14
(352.2666920158317,284.5636934670943) 21
(705.4144531425588,624.5569745752974) 14
(793.1971120533168,618.4345470679589) 11
(442.67449705276863,50.67561473008908) 12
(634.0078247988864,886.8083538472574) 10
(164.17301735691626,540.7663247593819) 16
(213.3507545361446,395.12492951586864) 24
(828.0210932355575,54.9774526451563) 17
(47.85653209719498,52.187679428100544) 2
(676.3840590561636,334.513490286225) 11
(974.4985089026519,174.3470286799854) 13
(785.4757335926078,962.4158735055466) 7
(430.58204419744175,282.1446895149518) 6
(677.8148379855235,541.2316684249947) 16
(243.4644724952717,732.1780526527583) 24
(839.157199620307,703.7109084322475) 19
