1000 1000
25
(0,0)
23 80
200
(919.1089241766499,176.99626943427583) 11
(159.33878715511952,462.9009462888456) 18
(87.86109187237301,613.6008409302128) 22
(480.00353835859244,469.5467734469012) 24
(127.9696738090873,211.37522305543953) 2
(55.99023399577241,31.231230175623015) 21
(139.37339183996232,140.73199575151963) 13
(834.6353645566127,422.5933447411938) 11
(540.8356334642089,463.19719470075427) 22
(236.26687562331617,36.93772569160147) 5
(484.18882322524,322.0225033734478) 3
(876.3822440742429,938.6359768062322) 17
(507.05169294845285,676.8563661944406) 8
(482.9907699185598,649.6614548173018) 18
(752.26466446255,107.01098395056219) 25
(752.872440979057,647.4525032749575) 11
(81.5486049027303,576.0219782622021) 22
(979.1829418614246,886.5885796739377) 16
(796.6657417797227,126.10746113161353) 1
(562.1113416866875,333.3379194775289) 18
(424.59140590499976,264.9706309103943) 7
(94.70990608034214,880.3441069076094) 5
(592.7284182248463,207.48146136129864) 10
(426.45314695061,933.0468249637471) 12
(89.90366866704436,504.50989556835555) 13
(730.1098271932121,866.8370295891938) 10
(848.4211604811445,499.9844359076578) 9
(606.5307201086403,470.65200006611985) 10
(748.0164272228565,610.7660703499517) 18
(429.6859340699077,244.80699115833315) 17
(287.6436814751697,471.0438167034353) 18
(472.63605060263836,13.724446212039275) 16
(669.5358199142564,664.7572150712405) 21
(805.0624928770781,704.8678521532163) 16
(380.3160035173545,910.376304238847) 18
(864.1406019412176,104.14397745111515) 3
(412.51311319342443,394.24820874855726) 16
(582.9777248932762,22.191805667547083) 5
(947.3043957334394,245.86632784493855) 20
(816.9821729113514,804.0250060887525) 23
(669.0186966298328,997.2803432219886) 10
(354.68139932920786,543.1826844191407) 12
(288.4632724745968,890.4677192889757) 21
(535.4213071548687,265.245364991175) 20
(535.4487245743094,831.3211164047945) 24
(502.7861582373755,257.5086912757809) 4
(623.7905708308731,140.73494048244618) 7
(864.3922379850029,148.63237211421264) 9
(410.2844177843419,994.8177825926515) 18
(497.1806968744145,83.80179759442552) 22
(792.9532767898703,111.43076911929772) 12
(209.8363092383896,191.50768501400495) 24
(667.3336068854712,552.3987473420491) 20
(205.86542841366872,401.5959885677195) 20
(416.6468789498048,308.9609012292904) 3
(816.3886853598907,747.3293004763311) 15
(218.43720025467172,439.8521437659361) 5
(503.1958798153674,338.72547106410946) 12
(458.40827923797013,337.8248193074034) 15
(74.89854938324115,143.58675813513523) 17
(172.99704149084005,922.3975212417674) 12
(913.327677902344,957.9283941755805) 14
(581.2068835016911,808.6232362743119) 20
(70.73952612440304,680.5058786479328) 22
(913.1281822700834,671.3992712774744) 24
(461.4896873653961,92.51643884421267) 10
(964.0630949376158,329.46005095215037) 18
(412.8958903252891,960.9211928652853) 15
(784.5623446891524,873.1831831205097) 20
(328.5870533767046,296.8674329781469) 13
(839.3877628929777,710.8431095963507) 17
(441.85460446128235,818.2083214879848) 6
(235.225438128562,203.51152541765705) 7
(576.2867173402741,801.150808861717) 12
(882.4521956523002,920.3782491363739) 9
(857.3278409959942,419.38998709479023) 2
(203.91449771328007,526.7752147217903) 19
(763.8327153997033,67.24807614129335) 4
(866.0776950490081,318.57841886214953) 11
(11.128496762805472,594.2742351527578) 23
(92.41178989422994,496.48448858879624) 25
(614.7001903198105,271.6028845948142) 12
(354.43690868503654,763.0564353061463) 16
(578.2173284271215,872.4360966118379) 8
(439.4650768485465,433.61254428011387) 12
(769.8832490968135,115.58589114795737) 14
(193.87725732097383,495.8566675501513) 23
(918.7382168643032,852.7332931147565) 6
(633.5369574606881,393.1187146474276) 6
(284.6550870395773,289.5650947197184) 19
(471.89077989438255,599.581276163348) 23
(902.7572529448368,82.5785915374444) 1
(855.5184605597457,575.9889048568554) 15
(469.65429285949153,766.354471718679) 21
(875.67753239499,209.9143954238386) 3
(510.01220704542436,288.2649688128126) 1
(656.9014911556042,639.5606627741992) 21
(322.82199677473756,89.47296569121622) 24
(543.4351056054534,482.35490832851104) 3
(922.2352936201971,296.64689926505736) 14
(501.8297749422658,870.005435615323) 12
(289.4029496886893,855.2836696114875) 13
(760.7748317439053,700.2915700727523) 21
(422.4585072807054,34.78743920785987) 4
(630.4171054962623,612.8746150344849) 25
(980.5411142676021,611.4674477272555) 21
(142.91019481658174,43.29954307660011) 1
(187.29369066125423,210.7110956121786) 1
(493.940615654891,605.4934760770481) 16
(226.6244090030043,922.994036368874) 5
(56.763074996100116,337.3059385798922) 12
(247.47276150486576,663.6933404474374) 4
(944.226016668767,261.4924139626662) 12
(590.615728699076,282.71028243421046) 1
(16.02937068098187,832.782806744662) 14
(505.54858700537073,247.32658009542186) 22
(782.0575362670431,770.0511118505774) 6
(419.44042544508375,702.5179156167945) 11
(911.7008267138945,200.41246787346577) 9
(203.18509732317335,145.74245347776093) 12
(117.52472687460435,482.717201191352) 24
(741.4225826136264,795.3042978328195) 9
(565.0431863241664,557.2076594620006) 1
(936.2379865677256,382.62762110396943) 17
(792.0892753614382,776.8762972782415) 9
(591.1563309285525,423.60267505643833) 24
(236.5981408978416,941.1034576739335) 21
(611.6253127806663,102.30127241091358) 22
(234.84707968122564,72.86994750288878) 24
(706.9254908660793,820.8952780889208) 8
(939.5849521170876,845.6414484622015) 19
(810.8077451938688,583.2391048151175) 24
(92.74414367931327,689.5535403570842) 6
(944.7049063898995,644.8335023693938) 7
(777.0819259921623,245.68943163817224) 10
(618.7393298914093,893.2820536749529) 20
(484.5640481106939,139.28857044162658) 7
(169.6295327285282,909.469650673764) 22
(370.51133790551893,857.1659339353077) 13
(633.9956994372241,213.84914236415054) 14
(127.90320574754188,142.38112453693518) 17
(721.5921187163054,31.519941229983807) 13
(938.4286455729208,532.4912692611551) 2
(144.32889879826604,240.43948165512074) 14
(447.2584884635059,595.0437167658158) 19
(336.57231960998826,469.83647363931516) 13
(485.5994626609552,608.8085443212038) 21
(924.2131143059936,448.1958852735659) 9
(192.318308696498,347.2575699171906) 17
(82.53211181070907,740.6729098178577) 15
(502.6392318610302,905.784876541507) 22
(285.90960929548146,776.4201304251789) 12
(464.124478841761,557.3488453313154) 10
(584.7085415979084,391.7504848252993) 17
(490.9812860556395,8.31227333897644) 14
(85.66122810477195,688.7694991400907) 19
(871.475294197883,247.91757774317225) 8
(30.33336823853294,867.318890659708) 13
(358.70030279765683,459.7313134649408) 17
(292.65947606269714,25.279162097204377) 5
(180.88699571100207,453.10297306069003) 14
(535.9621832197963,782.6196199314564) 16
(446.4036725939289,127.05720516763175) 16
(55.20190016918591,171.36788614046728) 8
(16.326450984585072,795.4775767178143) 2
(413.78023535286223,467.75758571301816) 5
(274.2748773890993,896.8089119453605) 2
(592.179976340007,822.0560186382762) 21
(591.3721824057245,533.9919753847108) 7
(446.17858803685186,99.6478424514563) 4
(184.5310813246114,564.7890525202702) 12
(678.8643936719646,611.869331584693) 17
(217.59281749936554,359.6547390055308) 14
(71.26075866044258,605.5581085857773) 20
(714.0619031070737,220.81445430382828) 19
(644.7616024190173,245.9613984002361) 18
(241.35435549894024,609.1110024283913) 1
(325.1703926189149,373.83308580365247) 9
(470.86512433169537,384.18422171727696) 18
(535.5213981155744,96.5680678180617) 17
(194.57231235282913,261.3277364538924) 3
(494.35160758259235,961.8914746986812) 24
(275.9806083962795,25.41182998034197) 12
(359.7446912605543,105.76666337263663) 23
(316.8624962878962,684.303066750188) 22
(7.451846958771879,892.7365757456789) 6
(368.230998378018,177.57010791862015) 13
(916.62885540963,15.81577057901784) 7
(511.6454496680256,142.3441106228045) 14
(999.0583352301988,555.6195139232283) 13
(859.9519491816943,361.6096643314768) 16
(86.38339731360678,853.4854596964348) 4
(609.3515804100678,100.75829318867413) 16
(816.441493532826,508.79311742419554) 14
(724.8308129588903,230.8030317566352) 12
(171.42198728700674,935.7952511677778) 25
(227.14540708430408,167.16743188573636) 5
(942.3777336593561,168.258556211621) 21
(157.73703444333964,363.3063548874873) 8
(306.33579386336186,192.21205110941963) 1
