1000 1000
25
(0,0)
23 80
200
(346.82157796604173,388.89237114377926) 9
(243.1471865515691,909.8649417286578) 4
(84.50159540494396,233.35250348605175) 21
(69.16847970813433,244.0240263804272) 13
(226.21462936346492,302.4479875961271) 5
(226.0760924324443,431.50039338534816) 17
(426.6129005986418,990.3473273737544) 20
(263.579900105641,334.70772472958976) 23
(337.1233525220442,92.59711116896074) 11
(176.00748388109878,578.7170437217322) 9
(93.6574343749812,151.02786627303544) 14
(949.7818820248619,173.21789017964662) 22
(566.9230513783226,555.9258108876193) 11
(172.88196607410444,964.332321118632) 5
(469.586753691018,451.1703637233543) 11
(436.2313423330869,275.29695635033545) 16
(529.6174947391802,78.80806893666248) 16
(344.7516336784663,36.135942235050564) 3
(426.5373487262877,622.9574215075638) 25
(951.0261377948113,55.32458113223859) 17
(525.5651653730944,622.892357616655) 14
(823.314420964768,89.18818509146043) 3
(81.3588219358825,555.757574455447) 9
(516.3989155207223,54.32023665423913) 4
(195.52972499983855,100.7498852745754) 17
(789.8959335591859,941.8946916284768) 5
(782.5739334754684,95.79674680971084) 12
(887.6726198783977,481.97740385169465) 7
(523.7349745497991,578.7155614459936) 15
(863.5897868611187,811.6956525046141) 4
(759.5621604057806,223.42153167619173) 12
(712.4670434638875,560.647982147222) 18
(611.3159862317452,294.6246285137222) 14
(912.3320238582967,187.42928745148635) 17
(189.82180994236353,208.28545814434685) 10
(915.7454415620149,332.7370523602913) 20
(717.0404248076472,938.2012325476469) 23
(596.7451417919934,787.6350606310322) 7
(818.9524880775014,651.2845773257301) 20
(137.0486513461173,648.2720137785213) 4
(301.730805809261,201.62953378030724) 8
(307.1843646643381,25.694292686652464) 21
(89.17338572111811,64.49433379705904) 16
(290.8599722700822,483.83604660826916) 15
(88.6490044451691,185.4244169210425) 14
(156.13289853713175,874.6996518970067) 16
(518.5706063056444,247.0519492673826) 7
(814.6298420486393,765.085950926149) 7
(974.5372589262377,31.97506157731389) 17
(847.9572296242198,455.89813807429545) 4
(800.0433112087085,829.1749194810312) 23
(359.87472830420575,486.8936693193525) 14
(361.32342257141124,506.76895809014144) 21
(393.3126738017444,292.59184787166726) 24
(520.5476296736697,877.2372829486095) 15
(317.4335537905302,391.6843609773677) 3
(901.6143825006822,670.5794298957046) 11
(468.8605209242891,761.6969778794868) 23
(204.8254772611925,496.23143850926346) 22
(994.9100185154576,141.07932089701401) 18
(159.32037479375194,478.88443085949393) 5
(675.2373232830095,361.7652908488257) 16
(989.9839251839167,979.0079225355697) 12
(349.9739356915689,794.4381367239492) 18
(931.9992030587829,491.9781859744661) 6
(172.24646702422808,340.7679783832677) 22
(159.43816985044245,247.21260963835422) 13
(732.2029815063911,144.50045931574473) 16
(680.5089056106515,417.8830110484244) 23
(607.7582559079126,432.7638793267605) 19
(20.741013235450968,350.6897893851363) 4
(717.3504116486578,112.00770743050947) 23
(952.8123487442297,549.5370490768278) 7
(523.2013841110077,30.96073930944998) 23
(753.254880796036,613.5433036381717) 16
(252.10239869073203,394.81556307282074) 4
(845.7632438750455,9.257831380453108) 3
(801.3769421949866,970.4450056808892) 25
(91.28410439720425,457.9339665015879) 4
(28.552980654050543,434.65496419464546) 7
(425.64533009407126,950.2495828330842) 4
(469.41607968789134,500.2210749670245) 3
(658.3702841216564,123.5843214697826) 12
(725.776972627304,899.7999521810665) 13
(461.72688358704517,795.0266333678953) 12
(531.5611936012842,847.1672543766599) 20
(708.1483438141391,368.54498977055084) 9
(264.07986053859656,287.7442966122873) 24
(983.6952962369727,688.9747924295777) 5
(702.5503449190765,981.5137114490049) 3
(297.7865371612339,295.0629885523696) 3
(123.33367421489005,136.46763832056996) 25
(429.6921136837136,36.307514776594104) 15
(557.3906744518515,117.95612174293923) 3
(827.6976053513768,449.3015028541844) 18
(483.27205306696607,538.5720008663269) 1
(487.4326193390507,373.8909199290248) 4
(230.0520120398618,810.7685556271539) 8
(986.6551909833468,639.9603526972766) 7
(297.74258676160713,777.5337023587609) 12
(160.90117523251268,124.62582338431838) 9
(154.71655880462563,80.0113796803409) 23
(169.95205719476692,783.4563737476667) 8
(464.2606490615603,132.8531982107738) 15
(882.9354271490827,329.17408002791893) 12
(91.2657426810497,240.23244722987624) 5
(685.0347303708896,531.8991709158574) 2
(170.02031660520788,922.0846362761342) 13
(542.9979129478417,972.5953796649335) 1
(33.9511265253789,542.933918363112) 25
(602.9385491017342,198.59891305100984) 13
(630.2278865142081,184.88586831241648) 17
(159.5149568374007,75.16083840658361) 12
(264.8971708420139,952.213756819297) 16
(989.7561845499949,490.22785356647023) 6
(921.6401317713547,866.4426285507218) 10
(231.94658886034304,727.5146640960185) 25
(376.37039741202636,29.905330854305802) 14
(592.5080692902853,54.85045080420215) 24
(988.8203571221691,926.7864690736288) 20
(823.6334594025693,30.50574751345647) 14
(257.8205266452031,666.992905420486) 3
(32.47891938061631,616.9982226105619) 21
(320.47001824520106,42.32496525436591) 5
(99.33493079732514,176.5741129162174) 1
(920.809487507919,251.71067136632763) 5
(663.5467854090551,833.1474564615352) 7
(770.3525862668496,92.25429295759069) 12
(623.9853096760411,876.9958826733146) 11
(458.3233487377768,578.2241728585806) 22
(825.3417553229036,39.14054511495013) 6
(66.62758345767695,535.6017188319911) 4
(768.5805036451576,306.80887687888855) 2
(938.2789666089419,874.1244462078325) 8
(3.991405171368534,148.25618812202822) 18
(46.31972244284799,602.6012127396593) 5
(7.174649426999746,103.05932692836683) 11
(407.8239107246812,953.3081502060396) 25
(295.91347964942463,269.11984434485623) 14
(487.80933907400225,972.7427366751124) 19
(463.42613956759203,129.55845960296475) 17
(428.5077836590864,530.7053468280938) 10
(573.8538172404654,338.86400912893345) 9
(357.6772449544111,771.6748291511686) 4
(46.26035808770179,170.8460737805104) 13
(137.8143463763325,291.2979883074488) 21
(659.8533855982945,18.441787346852976) 25
(122.54530664904384,28.460035818521966) 3
(492.38126868667473,855.1967351529548) 8
(113.87866446889339,18.095690479655314) 8
(886.2837981820414,211.5914485224152) 3
(126.49667965970812,487.5523902865376) 9
(370.1215504423979,215.82004119495934) 12
(984.5109043783312,239.28161788426561) 2
(76.84520321521981,902.9905827541281) 13
(36.17353347383234,424.08729500066255) 23
(804.1150709886805,374.58806109625687) 20
(225.66927985005282,742.3630965749268) 20
(608.3542491529233,987.0962967599474) 24
(788.5084664570154,936.1207892585483) 5
(252.5101727076111,522.2331709640581) 19
(266.7032554805352,911.0789908618116) 24
(476.9944727215328,363.0969618635229) 22
(362.07666932115814,169.6613466614809) 3
(350.452245788193,378.0630820769314) 10
(76.83074346732988,285.4831020034654) 15
(740.1109625905502,290.7872316913117) 16
(291.4013086513756,793.3579780337263) 6
(843.3708000603931,75.41467117895829) 23
(21.89568196201519,865.3953848387218) 25
(462.8284029321632,636.5556395955047) 25
(374.14236744950546,738.5672458948435) 5
(626.0869566695341,257.4535208877865) 8
(817.5904079297839,149.80771681199778) 15
(840.1583619892089,698.1786111067187) 4
(663.9924805871382,549.2849951792327) 23
(226.37405909427167,921.7322057541433) 10
(74.70068358130311,360.8447932193468) 10
(468.6281779793573,754.0173524670971) 25
(852.4464010828351,497.07620685236907) 2
(192.40141299072533,663.1987296222338) 4
(837.8176798962852,308.5230758188068) 6
(899.8985918026344,211.24380902856953) 18
(870.885907249455,390.90592804699463) 2
(772.9325834751234,529.0410002469114) 15
(321.72691154394926,872.447089500508) 11
(542.469291948247,583.5183300444826) 12
(539.1222329710796,547.6281203271536) 16
(40.748244259602,152.58883777888622) 15
(776.9957712661769,105.26359219802339) 17
(326.63555301941693,140.44395980774914) 19
(162.04625641638958,238.5770136851465) 14
(551.5543378595619,674.4726224033918) 10
(356.4351269962658,964.1515626783083) 17
(343.5719318453092,963.6237761480883) 1
(410.1600695211538,959.5828474351304) 15
(359.3739710884453,435.86375297214) 7
(851.8274807599969,31.797547662711256) 1
(358.51248104760026,453.70875633463794) 14
(288.2610118368708,188.89398663483536) 2
