1000 1000
25
(0,0)
23 80
200
(133.88776733573383,999.3225552098723) 18
(170.39877148929716,466.8559622464539) 6
(713.5495751002027,817.0176059713417) 13
(169.48929081501495,998.1456450242861) 11
(763.3552930779383,454.3852964441255) 7
(953.0461508389478,139.14087180196555) 11
(707.9457313738558,44.090270973491165) 14
(826.8062554714879,711.931096079427) 19
(768.6029320430556,335.4485072071354) 7
(695.4894180829828,728.8443145020572) 10
(839.1542713514776,175.51720712936446) 19
(615.301437499063,626.1479768707443) 20
(224.71340570062083,903.7739128081042) 23
(972.0838498831655,212.92223294544277) 12
(831.6077279733222,774.6824953571492) 21
(515.2971484343507,344.67552019119165) 15
(948.2930463299703,878.2904772121742) 25
(790.6724754786604,455.81728271574497) 18
(580.0553769348084,123.04617865067924) 22
(711.4007792508764,835.3359849564614) 12
(341.20264619896136,972.3285089027994) 13
(265.82268683845734,723.5462955064894) 6
(614.8103277313196,319.0410664303092) 20
(908.2200169448114,111.95441764654879) 18
(367.5475774905278,756.2729409032343) 1
(452.08382026078687,442.59195994958225) 6
(558.4212089283482,950.9932134010957) 25
(713.5076807318,398.2611301923227) 21
(546.4003628318566,838.3565371437111) 17
(492.11807764853455,646.7037278529858) 15
(638.619774148333,940.7946795252024) 9
(282.5919687830688,330.9149154739229) 18
(437.8584093534914,879.9283643504185) 18
(992.14227470862,301.3236003249313) 3
(91.96139013063853,491.5918671427467) 20
(125.39205427874344,654.0558925358716) 25
(365.2166805147031,927.942610456962) 15
(880.1141425906162,553.7745361651719) 14
(641.7989070094515,554.8517207196438) 21
(805.7625746466348,484.91482546588304) 1
(482.98541697758554,11.574595539319944) 10
(289.9706598376103,829.4443570394865) 14
(801.9190817409802,594.3342201356901) 18
(443.0530940793437,798.736711542114) 22
(992.5198721168659,560.4860651739059) 7
(526.102630562692,710.3838315155499) 23
(188.82100283669124,375.4679705176104) 11
(699.0789174449272,572.7815273121078) 6
(500.2618975844064,456.3855840716682) 11
(672.8587056998173,876.668401209401) 7
(955.4931869843081,517.4077716280771) 18
(918.2917318815666,163.76195939911432) 9
(973.2583601448887,198.74960568960964) 15
(698.798824974774,590.2509703730565) 22
(159.4543639364774,101.20051793366103) 14
(448.34569273677374,854.5025904080381) 15
(495.1220673138163,822.5796574979659) 9
(671.2164182204098,928.6219020405422) 22
(292.96590595905303,807.6255129997713) 4
(129.07549989765354,484.9448548083744) 19
(328.2637133674805,908.9492371265604) 4
(605.3228995923305,979.2452252662276) 5
(516.0458480101832,262.80559311650063) 16
(413.5392040116707,336.37988619650605) 21
(544.0049674432365,27.993272461831808) 6
(865.8813790396072,877.2134884627376) 24
(366.5606877883385,862.6628891939308) 20
(278.3108641988716,247.42348644850432) 3
(633.3697404912682,382.3726876836245) 24
(99.18840768247372,34.39616959851299) 5
(974.2752170510563,446.3064456307816) 15
(36.258805652071516,418.0312806400698) 11
(182.55139956238253,355.17774272218185) 25
(822.7070197403369,16.60928543610718) 18
(494.32181489751247,439.6151096326533) 1
(341.129181776683,244.3751932011482) 1
(152.09610395985897,875.4984995042662) 1
(384.4779059916033,239.80606304747909) 18
(231.46089423007444,944.9497838731439) 1
(786.5086011030648,797.5083551460832) 3
(250.49774486408194,554.0794110195391) 7
(406.0790475727901,240.82952383061053) 5
(639.8937608974624,504.55140255810704) 18
(720.1961326237337,238.5128562543013) 1
(778.9504186469331,624.9626337626571) 20
(765.7496800190531,697.6579090626119) 10
(266.78795367306265,42.701218366800965) 13
(346.73649104082114,18.846738908607218) 21
(463.6593582514191,69.48037464915447) 20
(999.2886394166023,28.626603490652712) 16
(523.9599768464635,269.2489394228036) 6
(706.293265989165,599.2905176020946) 25
(490.1581417120038,898.1450301067409) 18
(385.31348265130504,800.2696496871704) 12
(949.4227493086947,726.141002366554) 8
(94.29611184209541,160.8614401110423) 15
(958.6567554729218,9.051651575489373) 15
(122.00566005999036,997.755974869311) 17
(747.2923952267397,380.5634567931468) 18
(127.29012418288166,26.4933975854168) 6
(823.8742344587589,146.0903268139775) 13
(412.82731900765344,411.98270238103675) 7
(793.9636026830242,599.0905240503978) 16
(887.5388419831266,224.23275774968565) 18
(608.7763717496916,698.9674057208025) 23
(519.1905418392508,982.6432353233928) 15
(560.6970059601356,282.8529317294883) 15
(638.25371993121,489.78303958022707) 16
(1.3404525311275783,712.1194606199134) 16
(659.742464789281,46.75541750910228) 13
(812.6242436807679,984.6953595503248) 14
(137.6675372278875,224.75252003645184) 10
(813.8573964085881,276.297705837786) 22
(213.4362409044055,757.6668215257976) 6
(762.760965483183,196.15220031060642) 24
(623.6556140207697,735.0027957177032) 12
(478.8002959012706,948.5902873579952) 3
(368.16129763825336,316.04159242282026) 18
(507.68855332492416,464.69704160930394) 24
(67.37507391902942,863.0727329913149) 9
(665.4268605880162,410.93473448801257) 11
(163.25991371159776,237.68139675929) 15
(280.0234758826795,993.6176718610956) 21
(818.6637736928551,824.4139108934388) 19
(856.5857778612758,30.486684147234435) 15
(739.4361109538111,441.70082852638336) 3
(225.44239653261423,500.38700998143725) 23
(429.12074532774426,505.692809504647) 21
(399.3072943758773,987.2929127006931) 8
(738.7428369781998,751.5144750736969) 15
(618.2963006034922,576.410214736983) 21
(222.78995320574714,460.5147232708531) 11
(3.1834018944341125,587.4785208088005) 9
(935.2421476996487,496.8163742575398) 12
(95.74415761544918,537.7488853317336) 22
(201.87398019873336,717.3558288606146) 11
(137.3364451164485,720.7302643016801) 5
(176.04332704526314,856.5270675310131) 18
(84.32683626193682,325.1932840014179) 6
(876.6217424520025,491.97252434245786) 23
(727.1185008652288,672.6708232106186) 8
(252.74479710833074,4.212089447576339) 15
(377.5442451762453,899.2905592877407) 10
(193.92614507270923,348.6009661145546) 11
(584.320182078093,99.74438886041503) 16
(881.2740233693435,184.24585018013585) 5
(706.8125934830724,687.2140268029882) 2
(196.3110758577342,655.8325560820488) 14
(274.4477015357931,434.7117587109418) 5
(680.5833360109318,254.23341475988337) 23
(724.2933601567698,469.64850070518236) 23
(78.28434670208595,741.7337921596949) 19
(318.9358609157135,221.92917269446588) 5
(141.27105310073617,813.3268565984048) 12
(631.1513889028625,737.355662632041) 8
(924.6767010875733,191.3509176711823) 13
(637.844257718027,384.85065600639456) 5
(434.6937437058006,594.2498047688367) 16
(361.6938732172305,782.5729263409047) 19
(984.0438789510468,657.5837155702485) 25
(319.43545670064833,613.409308081952) 4
(214.408775730346,769.7569546594362) 18
(585.0458336481582,59.852427550285746) 19
(848.0909990062967,46.750185088165416) 3
(963.4717092530135,852.606164242611) 25
(119.97913405654647,461.07769608375526) 24
(709.1380313263644,106.40717461704263) 10
(448.09297638173274,136.6789822602412) 14
(276.5727462387961,438.94711888687965) 1
(540.5094987377374,213.3252275922901) 16
(734.4007529437015,556.94744890347) 6
(798.2777516123284,571.8663228390211) 12
(302.3965263528949,853.9645984439661) 16
(144.36064221105326,666.231199399802) 24
(220.5980168169225,671.7245401130663) 25
(795.0806590201216,897.5863204966131) 19
(795.9037230438664,116.78086860783033) 10
(683.6195799008683,709.9539910932959) 12
(81.0928918239261,154.29514592330008) 1
(851.6654353830928,465.383076400277) 9
(967.1938865524745,292.4869502591354) 1
(452.6095392848018,141.61214041595971) 23
(506.70462431113407,912.6097444684755) 25
(407.77790708629544,750.8806833212024) 3
(227.30720988467036,17.431558540959678) 15
(474.6715792054603,75.65563791357388) 13
(234.46677470255628,625.9911089340756) 7
(446.4369038876057,749.1303755044796) 6
(488.3596483027639,356.38362865463336) 10
(555.0259650847073,22.59380331508032) 1
(29.921492775734748,279.73730646376106) 8
(710.2931805820502,811.8141727965606) 4
(705.3211413868315,177.6187357643837) 10
(957.1194656871313,4.6437811094945936) 17
(837.6094071591285,275.542949216403) 19
(307.82409427105694,652.5515154572946) 13
(448.7638293368005,1.459243000408006) 18
(508.7186900371091,93.9573785013137) 21
(878.1944990020373,751.8919579584717) 8
(449.99981156664916,576.4283524245313) 18
