1000 1000
25
(0,0)
23 80
200
(48.431277101204095,421.5842664829863) 22
(483.5567134969107,35.12170237286472) 25
(548.7997524443259,122.61409679884649) 13
(858.0670838628615,661.0008945289997) 24
(786.1688695262442,490.49400666505494) 13
(426.1888151479788,577.03451128483) 19
(475.6700477037983,993.3851591692782) 8
(98.69773962144745,436.9487423260274) 12
(638.5121570724747,995.9868314680145) 6
(603.4060751120014,186.05011927736126) 16
(146.48219343926405,619.4340493194326) 2
(664.8368004783847,914.3996116370813) 1
(57.48460651144893,978.3045842021596) 19
(619.1082337235177,338.1810120779616) 1
(103.12595536274493,146.6396968795305) 25
(797.2196137968753,611.657675142139) 23
(599.7621130410793,541.2326038673081) 7
(768.707387431154,442.2979451329121) 9
(971.2498516580125,692.3478038165424) 19
(306.19077372809056,244.70873289816697) 15
(488.1676470231041,172.93581002813895) 17
(657.3373021347896,446.7863540687991) 25
(159.1566914848419,43.276493349697965) 6
(949.0920575387153,248.44269473118342) 21
(904.6780085084512,792.4435609696998) 11
(971.9906807935101,297.07665735314094) 14
(60.06541318449832,54.983306498804005) 20
(237.42537623636395,616.5246515529991) 5
(577.6662424022561,187.41927802273295) 16
(580.6137592754981,125.56599431163961) 12
(536.5773957678626,742.9313341407706) 20
(885.0748490688661,517.0536113703197) 20
(464.65362048395167,28.163317535643607) 11
(878.7760256722252,721.5730947193907) 5
(795.4049498677899,362.1454173057662) 19
(827.8640585759628,150.7661228343592) 5
(919.0145471999858,682.658173834053) 15
(688.5881217088192,326.09886675438395) 25
(25.918799657439372,499.726440901495) 1
(937.5768754140959,341.3365360760333) 4
(732.449563122805,890.9941110982577) 13
(235.7091337819256,823.2996004133157) 6
(598.2017799513399,92.32960705153693) 23
(918.867260936994,557.5037167241375) 21
(349.7635240705508,170.17347165498654) 8
(18.040660739173763,742.5626645624434) 4
(756.0936954781198,399.8675281317752) 3
(269.9249816126957,769.7751136243648) 13
(544.194852456769,248.31805417801846) 7
(645.0459068691349,729.598198082132) 24
(559.6226666317482,727.4487866231048) 20
(140.66008070535918,90.34858253454081) 5
(640.7491025688181,298.3642304458638) 8
(801.5151867397117,422.12766607747534) 7
(694.5354569590287,635.5780091386633) 16
(473.3565950379892,639.6938334846317) 22
(195.06574465556992,358.74021478810846) 17
(419.20408947607035,200.65647332661885) 14
(372.10921404705687,969.2302554669565) 17
(951.714496991743,109.52767736269809) 2
(480.14842381248326,295.7067306551643) 10
(319.75653881967617,834.1014615264495) 17
(471.07342342706215,681.9073876455191) 4
(262.5018995430437,180.95285280768613) 11
(554.4214193059026,348.85202939521156) 8
(98.95128371507344,320.4272589441746) 13
(742.0970031693319,383.7388299112091) 25
(207.52257357216087,827.1568104998148) 20
(642.428264121255,583.2214810770993) 5
(618.3970499416866,613.9528725667057) 11
(952.5259025431606,765.3350023716857) 9
(635.3914473424528,174.7820319150799) 14
(177.47086643347353,464.8135877646311) 20
(11.819271173514668,262.9328781693301) 8
(102.76150417297414,647.4688289343701) 16
(882.3702429635782,628.5918584977392) 21
(854.5276033578074,817.1093960258117) 13
(65.18580717058254,780.3286195414465) 24
(774.7670309762688,830.651913186173) 14
(679.3707917494037,649.2961405845149) 13
(99.14942483389689,57.51744163413841) 25
(805.3961803065353,19.870573597272955) 9
(963.1633935437118,614.3810800066921) 24
(25.49992795345435,985.0876405800088) 25
(288.9697317719033,157.57392840490604) 11
(513.0784387007482,955.444377080308) 9
(687.3596373944857,208.63203217903026) 15
(863.0925945025642,43.89098443410477) 7
(567.7681627491137,214.59755405969594) 7
(254.16301977547317,739.1515510989217) 19
(830.2441502188243,251.30504740847627) 19
(372.5120828322085,879.8527889178564) 17
(455.9229146040006,985.481065356838) 9
(517.3638254227164,803.62021972878) 3
(592.3080972489275,7.364870283693148) 11
(770.1928648142007,355.4698031146489) 23
(998.0409010483669,440.1091686828832) 14
(506.3554351653673,723.3014183946702) 14
(197.39641077754234,502.2553531349455) 17
(322.1172460211932,442.8852076569014) 15
(380.70440786975945,457.83976761604504) 3
(539.8442172836138,225.43578397701924) 10
(567.771862110359,615.9828187361319) 21
(305.92813469005273,292.439736926563) 16
(891.0019269753676,276.60804837161135) 11
(545.9916268068681,948.7176138326582) 23
(608.6577980413318,915.5750762766484) 23
(547.7198661389502,46.02697980833137) 14
(145.30249671757213,532.6464391937204) 3
(482.9200182071203,862.0455155147865) 2
(897.6749289375807,190.77714762857755) 10
(648.9534290498405,695.2912357764694) 1
(93.14420281997194,27.196685232421135) 25
(764.151913419291,53.98583597468176) 16
(841.4339196882084,549.7599733022558) 10
(390.433265688093,32.55947623604849) 4
(745.5010099318143,363.5133285302007) 1
(283.0750354798807,357.6806113365287) 17
(408.56794080536906,651.3313779429591) 15
(37.19673648792921,59.72602595233234) 9
(941.2567534980092,790.7471840198839) 11
(591.810318716355,661.3531917623854) 9
(111.8723495663857,396.7136549886482) 24
(944.6293288180052,524.8014974845437) 1
(861.0072378187971,32.971214601950734) 4
(433.78389025347565,99.51068789376127) 5
(898.3732067247092,214.15063455700846) 6
(551.1638037991829,900.1452202238769) 1
(437.518423121059,525.2600056333849) 3
(247.44642731290588,436.86424261379244) 24
(742.9298216714739,61.059696586299616) 14
(906.9439625052582,63.738345626360825) 12
(90.61013324512935,991.9835789071878) 22
(366.9180553353447,183.9592332535841) 20
(505.349861251834,356.2565574935712) 18
(544.0301969882805,121.67302509450562) 4
(173.37326398057883,462.3410663492624) 16
(269.12918275039743,987.0392625779494) 14
(47.947413059198695,941.3104427898353) 10
(697.7056216879788,122.72956862957918) 12
(849.4156406228129,330.3466044459592) 21
(322.60790248423723,23.38672693106625) 22
(805.5372752295332,740.4558033278847) 2
(828.8556258271361,14.972100012885402) 12
(130.38142891054883,706.6849396984838) 4
(291.34404064067274,392.3861961444115) 25
(114.48997707454578,998.005429199562) 13
(618.1573008369293,324.0223094854907) 1
(461.588811978189,194.20836352997117) 1
(643.9454798946236,291.8487367666139) 4
(966.4427401562415,6.831501548007379) 25
(511.0964197221541,892.5807439581387) 4
(403.547488451884,419.1233763315517) 24
(85.07818696354352,434.5087027682656) 21
(43.26553506602626,163.9112893058222) 2
(767.9979933957326,386.03067773858413) 2
(203.14514904130465,828.1270179062706) 9
(523.6819379329147,643.178837329612) 6
(116.4374030667974,201.1980498503193) 1
(974.1198124714368,961.4998285922502) 8
(159.0799716036666,741.5505315307036) 6
(761.1396700562248,56.82859048905631) 14
(443.46726806770243,143.55048956273131) 8
(554.0081352373965,154.0525064955812) 17
(741.6682599564836,745.9194544070176) 2
(981.9228415689116,594.2874221215882) 1
(675.2906646422531,877.1511096198909) 5
(917.8800070231279,84.5455635567841) 14
(971.5916187478934,901.7596076755458) 25
(0.03350796591283789,855.3795937262518) 23
(815.6390803990118,360.3169420794916) 18
(898.139756439185,134.83939146246072) 19
(738.567193479325,622.7848428770777) 1
(864.7831031010803,666.0897156161475) 17
(180.93284851296733,410.170359460037) 21
(485.4769879317372,450.6594708224787) 14
(100.06074026899503,421.48470739389575) 19
(921.2349555113562,658.8704723767247) 16
(503.3977301861682,773.1601477229766) 3
(127.97590354302291,936.1353488208093) 20
(214.78438972569768,178.95991486060726) 2
(454.84117888491636,991.7224781702378) 16
(373.4740825720657,72.63040013247324) 10
(531.9036531315195,639.6514956063018) 8
(97.74495370121583,710.1668613396581) 14
(824.3021077534393,408.64541930376987) 12
(339.03724827576633,673.8920992716961) 10
(644.5128472539394,414.9609166998915) 11
(509.88527647238067,755.117043738672) 18
(117.13703054061043,844.4507417332854) 5
(421.2608046467522,431.81191415784303) 2
(718.7271082470675,691.9481682875372) 11
(773.6086483195587,338.4642914513851) 9
(586.9121644166224,388.17758211112454) 16
(520.2337754741395,305.0487972476996) 18
(989.0108834192893,52.94935785752042) 3
(264.06945370733234,776.8331397552314) 23
(592.3203955165698,702.038213812957) 2
(643.4809440041704,255.14447975112643) 12
(888.8988629218625,544.1803133788903) 7
