1000 1000
30
(0,0)
23 80
200
(496.4609329064539,502.79742140875027) 17
(730.5612378099214,498.68479761482575) 10
(896.5341611126373,441.58653938586644) 13
(226.34090376057557,700.799351162939) 29
(885.887232857637,190.51372601800944) 10
(702.9106778662867,97.43599547576609) 22
(712.9981465924642,524.9271976814748) 1
(742.5722197277165,940.7095317515887) 6
(328.82152244364994,226.13277815143385) 8
(570.8686255626149,332.37744884447096) 9
(237.66603873329973,362.5479201268461) 17
(359.6644519196707,947.940558612094) 4
(976.0957177264988,685.2597137084906) 24
(138.094852004371,113.73603293152668) 27
(925.4216056401749,642.6807285425037) 18
(43.70698546290441,935.8220217899409) 23
(293.67165624455174,386.3797971907369) 1
(354.10119570210276,296.2247466001101) 20
(18.795935088735895,284.9135156356621) 17
(66.32457842379513,781.6018124425992) 18
(577.3832088326199,680.7273508609251) 13
(595.758538684626,509.2128217481912) 18
(490.2836366477137,143.43296527035355) 2
(804.658722261992,170.6273139390144) 24
(356.02492513322915,959.0285334092396) 10
(820.1356540740154,580.3186622183995) 7
(141.98094972156238,25.49793726570382) 24
(657.2162013930174,525.4116497469038) 20
(495.19856048589025,445.8829183601216) 2
(685.9400617043749,748.071279239973) 21
(713.6517839899935,935.6523087241671) 17
(748.6142602144337,254.6884716519794) 13
(783.8648353277227,888.2140095110108) 15
(232.92409416576575,230.52860881332026) 10
(40.393068122417276,363.0055652742876) 10
(682.4005547984383,939.6928948105541) 27
(157.16785493215335,706.7707206058908) 16
(296.293240270697,987.7693737174803) 30
(262.89221426876054,148.82887864900607) 3
(504.8498259603027,149.5005633921328) 29
(934.6236164344413,301.3482284689618) 1
(47.034118450952064,271.60266836486954) 11
(399.56166066648035,733.2206407415208) 30
(755.7144550450639,903.2218132390243) 19
(380.1356551868352,948.2085894118525) 8
(451.77041260949125,274.5524496139814) 15
(219.3348695004932,131.16089441122648) 10
(915.0472765919912,481.30784578155004) 10
(240.93847280426527,542.8011031912766) 18
(286.864942808435,766.5307374785439) 22
(875.160867146092,944.4172176389698) 9
(398.36739022863276,201.01067537421446) 22
(732.8031625738132,722.4004288304544) 1
(7.426450357691294,708.157973230118) 1
(920.8844454627173,726.9053878488493) 20
(868.9569991729943,713.26592781377) 27
(8.427291640077716,968.4898457083538) 18
(417.74938653160433,620.7631237049751) 6
(230.39851333009508,786.21400038768) 9
(742.1618050148271,280.3357798672419) 13
(255.99010184421266,230.78285058978832) 19
(938.1874589264066,213.99896896187275) 28
(627.4096785269272,789.7536372900144) 25
(499.05404378684614,510.4147557072889) 18
(60.52356787525537,190.08163484890906) 25
(907.3985222407885,81.28651975434987) 9
(902.9083769424432,660.4272908593649) 3
(318.3813045223327,451.7452449380847) 2
(984.5742673335579,588.2973036845664) 27
(510.5922241516174,693.8626529321748) 9
(653.2329019112186,404.5475490680502) 7
(539.3252641179948,840.3957323197022) 24
(482.30505003337953,199.8942066366839) 3
(625.828430131365,417.9218893037901) 6
(185.95687791324588,753.5492183570357) 20
(458.9637435870003,937.0974211165819) 26
(982.1977260281649,100.41860784501023) 23
(894.1521459184047,211.78632774023808) 23
(86.63238799424622,583.0171821590279) 6
(767.5024622622831,290.3032057456594) 3
(790.1835954855483,212.47495490084745) 8
(496.3619790122917,744.8827064948035) 14
(355.333559001448,915.2058919119563) 3
(937.3997365102363,176.05031513323132) 23
(942.4559064390728,16.1575693099425) 10
(373.5127392099275,442.8930441130915) 10
(318.1842049987178,770.6187165257093) 21
(737.2276642970781,706.1561301141224) 21
(450.672648176085,865.0303203855931) 15
(766.0534553799425,737.573100154934) 29
(224.83479425076482,658.5206604122196) 1
(373.8428080116851,332.11882531969616) 27
(409.19980299905865,154.7108894720861) 7
(439.6585849443197,166.22667019470262) 21
(443.2572614052569,712.1313389887301) 17
(109.81379137155423,297.9589666673935) 3
(156.08390926919026,401.04652686351807) 5
(801.2048317600733,482.1325939382065) 8
(788.6980728294816,64.11071197188856) 14
(620.6484462855326,190.83758047858012) 29
(163.767926340456,408.38191169764593) 11
(116.82289911413845,318.9067353276814) 4
(821.3431306936573,855.6479742224957) 19
(580.0548699734127,621.4998013967771) 5
(458.36074640679504,806.0186280140456) 8
(856.0274852640642,12.292447146782237) 22
(584.35714167015,906.5610458978683) 6
(38.48104774554317,950.8202606575488) 26
(372.6228531898523,579.5402216286672) 5
(657.9418324293214,793.9941141020205) 25
(204.86355877368135,884.397345053825) 13
(442.6818794468843,567.6023882868989) 25
(605.2145867673653,404.868979767128) 22
(757.4722698557841,255.02931313591816) 7
(862.6853429995994,408.75550889550607) 21
(379.0104381120242,452.9105811048174) 20
(937.2645024684075,951.5182106274625) 22
(623.8096956683273,752.9809897319599) 5
(254.3617059158355,614.2816402411098) 22
(628.4958868591903,2.4020425005802926) 12
(946.9024627693135,898.9799691489335) 25
(106.63079793188656,216.98765432741106) 24
(620.3617254837244,137.49160270384075) 1
(690.3825924556968,947.4865971403991) 30
(317.5555197425068,715.914335595433) 27
(767.7707570539651,143.98701602915864) 11
(453.4699722668174,416.1911791124072) 15
(441.7761218465742,245.65328309650693) 4
(824.2537005789643,341.9061535699808) 11
(360.7988615815157,924.6735903582249) 22
(146.5910291263055,280.8858063116254) 17
(922.4952741767798,145.52065682239424) 15
(321.5198666353204,631.1173815940933) 28
(544.3971757219756,866.6737923081265) 28
(496.82275169170777,228.81966489942107) 2
(658.3783910264809,976.0617761591501) 24
(965.1096530572781,163.09597226932192) 9
(240.65097096236286,596.4515879463739) 29
(121.04202078908133,635.727922075571) 14
(665.5901900153359,657.0876057407644) 13
(35.47697106624004,611.023883115098) 22
(734.6648610874163,747.9880875451695) 21
(257.891447971852,394.4422831315996) 16
(397.58821818405335,250.9450384875346) 17
(309.24425598076044,396.5959004792463) 13
(341.1344489128775,984.2163656623203) 16
(5.170315178813056,762.2401013506897) 26
(286.19657391747324,277.6737298993781) 9
(160.08610982556058,661.1111993312675) 25
(750.8761620761076,316.6267553494618) 22
(162.548311012773,61.14836839368054) 25
(643.7334689221633,218.82813818423062) 21
(667.6225761442585,338.6157713741356) 2
(174.92144445249136,392.88822144017774) 2
(171.7530387081154,599.4105221738271) 5
(358.32450813243344,522.3029783321143) 8
(501.60544506037274,763.7205043115752) 17
(835.1320108018748,562.4609016340876) 6
(700.504848265612,624.8297174451178) 3
(770.7172463047553,935.6858470803149) 30
(454.6814927742928,102.04108994983297) 15
(265.16785827573597,991.0733234626266) 16
(778.4321138507316,473.3829708726922) 17
(417.2092806585256,783.494336400749) 29
(201.83129101971565,776.1879407564497) 14
(235.04162885278734,213.16711065418093) 10
(700.768403168496,372.08528547851193) 26
(268.40839738705324,410.43393806532447) 13
(395.5681757368541,438.520666691806) 8
(200.4226830360526,52.02607002479554) 25
(223.31317044606314,853.15705523265) 21
(946.9487718234069,460.34039382595824) 27
(422.7754232128662,18.68372068187385) 5
(25.012940734545964,288.3831977128517) 20
(83.32996437205942,313.74385711305786) 29
(492.32454974331506,439.99974476904526) 29
(730.2573338164963,831.7135053480962) 19
(434.3815796057695,348.4112019876013) 30
(614.6748381629254,463.4116073847081) 28
(470.2502560556011,236.77547267545762) 28
(994.3896675700303,266.36476000953456) 15
(2.3897286698434383,177.62276587119186) 16
(727.048578648208,237.22722195155242) 20
(233.03190915937543,827.7333758312044) 25
(126.65930163671202,490.37341182497465) 27
(523.9396814868336,859.5774332952467) 14
(883.8503671142299,262.8318976855352) 21
(13.090571732163546,887.6927934429054) 18
(755.8790852912068,303.71295691042786) 9
(754.9815956304152,596.9435879394181) 28
(848.1921310731308,658.6855169094796) 10
(913.7115483180207,954.5094123537841) 20
(53.73361973883528,959.300381904063) 22
(149.38358066081113,81.87764786891793) 13
(471.45697252377875,949.0334401486455) 23
(900.7894529220273,501.9868376455404) 17
(552.3376285633385,562.603795921178) 15
(60.259903329042295,507.96802659663086) 27
(343.20798318557286,657.7424005050193) 11
(565.7876939334108,17.971364473785002) 15
