1000 1000
30
(0,0)
23 80
200
(695.3511331285383,187.38208124259725) 30
(627.5832887284273,989.2851235058126) 20
(361.5723889839705,89.79155224358293) 11
(826.6413402523665,53.703024741121986) 13
(351.66842349106184,636.0738337033362) 21
(773.6802353820256,814.1551262810501) 4
(164.07909474455718,54.75037688829587) 13
(39.972944708296595,521.4262733838157) 22
(518.2073120109427,220.12674668378372) 17
(876.1204801575263,784.7488350071352) 5
(105.32990666220732,939.1498351745223) 28
(283.6794553108924,317.92000383129215) 20
(415.5928523362944,248.99421829118575) 17
(390.57932461374145,833.2951085315809) 16
(866.3224374695302,535.0327838428349) 18
(967.4510409706131,998.7933445833766) 23
(291.9946048947155,102.52599755170033) 14
(193.3811051644484,996.1320781234532) 9
(665.5203271803671,357.7420448177673) 17
(575.5730165470986,185.5105300705222) 16
(906.8699062630943,608.8744470495159) 28
(738.6771248665322,834.5117378135316) 24
(339.0489344439821,335.996263241124) 30
(650.5254341304682,552.59344401722) 12
(682.5215078266524,241.2728526432988) 3
(795.4306232566789,748.8460668891387) 9
(466.61268036627433,610.2670352306098) 13
(902.8566590433679,431.139624079803) 17
(227.22098236850664,563.64315868782) 4
(857.1317200042325,0.16481169197035683) 26
(182.56643529840022,691.3946435705365) 17
(432.6587215456332,78.60314491861031) 17
(737.311436550515,888.9676359441887) 13
(198.8034756986794,585.2527736910154) 23
(437.1096951953267,838.0301716990913) 18
(40.25962471278566,921.8499953290063) 8
(213.21194738441696,638.6801884731873) 26
(303.0125861438696,452.7873437769557) 7
(719.7946694735674,988.2817454645065) 6
(562.6770120387337,605.9358479071765) 19
(737.7369994932263,474.86101114084255) 24
(306.3742143560898,384.8762580240731) 21
(645.6019572766564,794.954414077854) 30
(454.1931833754137,2.1808389952094887) 16
(467.24360915904373,111.73447295720607) 4
(972.6325574480064,440.94868403802656) 11
(508.08919779182617,116.86389506878281) 10
(863.4556611114143,783.0597510504124) 20
(532.0797821650028,712.2425952526424) 10
(968.1997889410451,593.4937447894386) 5
(691.8786455756722,825.5491750200243) 22
(925.7756057838437,884.4041158822827) 27
(776.6745847194534,279.22478422993834) 13
(230.13105277452306,716.7194625795762) 16
(784.6211126749148,454.597819441943) 17
(245.9691736259335,383.62022249212305) 29
(294.23678734864353,787.5145079887969) 26
(877.507550553885,949.5833013074065) 22
(537.1465086394327,725.9023114456984) 4
(472.7629737285308,912.4585910547564) 19
(485.60127032027486,278.63328891639804) 28
(898.3105318053181,388.9790600242247) 30
(255.0092922830145,885.4572358569201) 7
(640.9231227263274,494.4787540577127) 26
(469.31037222461435,313.15308411771383) 10
(77.0445225871873,515.558124068626) 29
(772.1275649311117,200.3752706247033) 7
(600.5399936976494,35.803730768429354) 19
(506.2919076353929,942.1185519141162) 13
(540.3372688022622,978.704389796509) 4
(954.5512683718248,854.0712832920213) 5
(722.4399054562978,460.73890834920115) 4
(322.7261953568967,744.283584312364) 7
(225.1487882682216,89.13902180104105) 15
(417.7327009718732,170.76378379037993) 12
(737.3534991130509,625.3258093525006) 9
(77.2163048769573,395.37485024469163) 17
(504.0507650337107,763.8890287063602) 26
(145.52973585592432,818.5597015547402) 28
(317.3711876471318,25.76648727559039) 7
(487.1944183057274,621.8934020375375) 26
(345.7835281309289,988.5717751791829) 12
(838.2765790855705,266.2014019707624) 6
(541.1170758163698,895.8205832244245) 4
(424.908136016355,993.4884137667115) 21
(88.29224142112568,222.9346928514898) 2
(152.56990554074014,971.3290508807763) 13
(938.7941745182641,856.8212206591872) 15
(809.6815581168732,673.5888105188508) 2
(988.2275240626269,2.3969775079949462) 8
(500.14998772887964,98.68929301412909) 1
(191.30198999431246,894.0273389145183) 9
(667.3962445202349,795.2553001091574) 30
(503.77877682967653,471.5772588931041) 11
(133.8969957038829,763.904215419063) 8
(867.8915415898527,320.0800057105025) 27
(339.32493972140065,837.3691259993844) 20
(60.547270307424014,959.115654681926) 16
(571.3287587809738,945.8530788065269) 27
(961.378928178636,469.27319532824754) 13
(639.9915378669955,723.406860991704) 11
(691.4735480756575,260.74846590886716) 16
(969.2745947210999,399.54854232594806) 16
(436.13685156036007,39.57979674691225) 21
(738.2799935982456,390.983704604871) 28
(533.5802351998711,488.28701079536927) 18
(249.0186889762802,302.6924621986724) 26
(582.4784193652062,557.7596263904619) 29
(456.37178636551613,798.230637240046) 3
(915.9518672606415,32.0279335066479) 25
(390.9659536111683,984.7786774274662) 20
(291.24694680394447,515.736419629326) 2
(517.0624014696448,621.8031924417368) 16
(490.62624426340926,353.29871323788853) 11
(257.35574343373094,97.15396397363752) 29
(302.5134370718415,496.71324692669015) 5
(894.2925994676999,400.9045360908117) 19
(683.033363942852,328.81091630768367) 9
(287.1305660271105,333.2955376963246) 3
(989.3591525489702,490.2212856055456) 18
(287.767075666301,240.67578846853965) 17
(812.5111332672749,201.67419405290477) 15
(462.1431626229321,911.0125190661176) 12
(744.8331965881091,929.462312985764) 24
(448.20775797771006,504.8498938609094) 9
(518.013085133046,437.29260903287394) 6
(936.2216498153216,276.9313033445919) 17
(735.0023590215812,103.1159034518785) 10
(382.11508463913236,774.0144062707668) 18
(143.75603623868594,988.2239420856826) 28
(53.490978645426736,21.593828211085132) 7
(324.34136797353176,41.220051673054535) 8
(266.83559463708775,769.0352125696073) 12
(890.8439570961867,694.2860767602458) 7
(535.8379127888052,185.0545813191682) 13
(38.48797591642239,823.3571430364932) 4
(603.0304064913946,843.7110470305853) 25
(372.75820417422534,372.2802828124268) 17
(840.0624649232116,742.0936183233766) 1
(634.2825958629684,872.0456876550039) 9
(510.8130231908786,971.7066901134633) 15
(157.43924291038792,997.1698696807457) 22
(238.3885536189946,210.7647745290454) 28
(79.75881652085815,433.99979259947344) 6
(216.9310519909623,947.5331044428005) 28
(56.96072977139111,419.26638212623493) 13
(21.08913038554561,139.44321074307487) 14
(62.030339747312205,675.9322389044801) 15
(443.76446968341844,154.6032656843954) 14
(988.9984208239058,65.07204655152744) 24
(229.6239563769522,673.2221687248497) 15
(605.1097237994073,568.3882387338832) 6
(710.8267746705629,839.4276280309065) 17
(158.9194645925609,601.9447881102441) 12
(99.495312433592,293.21597046531) 10
(48.71770721371915,716.2318419748708) 7
(342.9411063121287,667.0993484903863) 3
(104.6731051232519,843.6873125406277) 23
(869.6639138113802,764.0007946898891) 7
(443.9862970210377,820.320612997618) 26
(177.69172332486173,248.80478940673467) 12
(785.4461686720643,691.4710886537457) 4
(583.0948730395037,916.6300953315279) 11
(612.0127545820575,228.39965639499172) 10
(605.8331749986731,683.3607249448711) 27
(207.5324035851579,831.2578363295107) 9
(163.7199679606135,787.5103104703028) 22
(199.79516721116474,587.7506400235361) 3
(161.5329691575531,537.8965962425789) 8
(453.44994822953856,174.13326070602096) 4
(702.4547361687515,699.1425399371036) 26
(56.632440682361064,991.6250143754294) 28
(188.1248873817467,791.2627979245556) 7
(453.20263653970363,806.1288801220924) 7
(54.846831089539364,762.965474576504) 17
(512.1805514128552,942.4000027833127) 11
(173.32087645347914,771.0609480966456) 14
(886.7507278152121,635.5601947418078) 24
(279.31824707901575,777.7646818697764) 3
(983.1750356975933,294.8922291868536) 25
(293.1295230054399,687.5948255064586) 27
(387.03124254315344,608.2258280957407) 7
(134.8539875636493,442.65760999338335) 17
(699.172416464297,988.9790269339476) 27
(32.693560808974674,543.8486014228341) 21
(76.9418091236097,417.01236637882164) 30
(499.4851768154648,64.42275859861435) 6
(935.5866631437422,278.81283709462866) 4
(883.1298392666583,944.2308464448201) 25
(831.5289155412403,979.757209453473) 22
(645.9180970954262,689.8433704016888) 29
(818.6843304143359,36.72694607251048) 26
(214.87810092372328,793.41258914312) 22
(439.3322181939683,325.3009891767522) 10
(325.2937697697379,746.8305913740497) 30
(164.52377319404,209.66399133433555) 1
(418.82888758129377,248.48467638313087) 19
(680.7966527315665,689.8832010833858) 26
(586.3610972746852,43.462927093751766) 28
(454.1669536657539,457.74521392422383) 21
