1000 1000
30
(0,0)
23 80
200
(127.76835439284262,582.3177101597416) 2
(401.052314923502,795.0481840049447) 12
(11.32281325654938,354.83551494974176) 22
(4.261622480086769,117.49563958502173) 14
(715.1495494972227,272.4964396832943) 10
(114.87169859440738,364.14066079696494) 25
(877.5292195438483,38.26439128349224) 17
(678.0183422960653,132.70982614347315) 13
(978.3605000099146,527.2334657644661) 28
(262.8796655151837,522.7787142311364) 6
(42.9020971395544,837.8976949931123) 25
(850.628228159879,421.1960901464534) 27
(625.1306354272019,983.5861746153728) 7
(189.971558600177,891.0537938462818) 23
(547.429085027587,356.40029193318554) 14
(982.1977470238902,328.6645725368603) 29
(284.5286447064157,631.4832888269405) 2
(850.1057671820453,825.6806351015504) 10
(223.0411814529275,122.89450298762183) 7
(418.36363158523346,729.0859495500623) 27
(312.5659800251357,180.18273449476007) 23
(467.7605385981143,290.0249489326111) 30
(163.5386768248862,791.8808091928256) 29
(765.4690084405015,499.0361740370751) 19
(935.1651585568846,582.2398189616895) 26
(560.0666267501937,300.0416547863871) 27
(559.8829768516727,743.6304788501267) 16
(772.8752820455477,71.50184915162538) 8
(335.4625885018899,212.91738973489015) 9
(48.50517162758339,739.8232583606211) 1
(192.58804227902948,287.71023563681484) 26
(97.87358871127749,497.64078043396563) 6
(559.4057974372228,33.165639050412146) 10
(452.5637879489122,565.6357313447887) 3
(919.2614671689639,492.01905882541877) 24
(309.60131914506604,300.7517471433818) 21
(218.04376511086033,22.454013787363223) 8
(887.9713114632015,177.33128523590182) 7
(334.1578794211662,484.028425564183) 27
(689.6588469438103,246.88263921391572) 16
(289.06591733458663,957.0398479967785) 18
(951.7047961515041,903.7244578642102) 30
(288.304400208918,877.8483932678214) 10
(967.7361092080813,955.262987765396) 17
(938.329416256009,528.8581292006322) 5
(306.11925080479585,927.1012542945931) 21
(462.76595181324865,213.07872878880474) 2
(86.2725284117577,712.566891480797) 18
(394.2765833025934,547.2280835933076) 1
(73.3756798217452,179.47359522166494) 9
(749.8995939152649,32.47170453377868) 25
(391.47539419848687,407.1232444303705) 2
(478.6418559808013,528.400421447908) 18
(216.61049309137914,859.4638989736923) 29
(985.4634308090202,126.6424112157003) 18
(352.38105343727057,597.9383755371505) 17
(74.90540812573343,729.7703339242726) 30
(38.66223824381987,501.825230375866) 26
(166.62837502452743,681.5111072251651) 4
(729.201990937964,646.7698756918952) 10
(841.9062667551766,937.7517026436473) 28
(34.546783092022416,282.24264088550257) 11
(953.5407609683115,330.6761292027436) 21
(99.49139219124703,802.7218367808414) 19
(751.0547770550005,219.1283976184767) 1
(702.1551687133039,288.8795993898605) 25
(719.4115766812132,255.39747260024347) 1
(920.3600060626736,5.271573351949832) 5
(978.8617704987635,643.4909850102819) 4
(810.8484363729063,705.4457752144581) 8
(887.5119335411354,915.0565841165154) 30
(208.6248389480031,755.1247599168461) 28
(753.8200372218031,157.34367243783674) 16
(550.4050303014927,45.624068904182025) 23
(731.3494371903334,443.1734345026963) 26
(36.51513942976115,520.2650067815908) 1
(608.9178341958996,264.8876610849115) 5
(988.4799780839511,899.1714278495891) 16
(843.4129072484127,615.587943363479) 13
(706.2522338909672,631.9414260300653) 12
(320.1005929060952,729.6919697395834) 3
(198.2969413527741,557.2079236530356) 17
(563.957258591174,908.2125606954094) 7
(778.7906395978456,217.77187173140533) 24
(182.6296482527744,640.7612724925618) 27
(887.383196231114,835.0459641291768) 24
(570.0928556946519,803.7032711965896) 27
(908.2476283418466,207.76679948556287) 18
(498.7386766452626,84.04027996433972) 1
(837.5167538933154,598.8664617580107) 10
(475.55057787784426,443.0770431450309) 4
(825.7261596302028,628.4930913982987) 10
(57.50826654364394,771.3717133281689) 20
(868.9409250253414,247.75372442530795) 26
(91.22929004895353,174.49900518985618) 25
(94.83114015530036,163.99327877103133) 21
(223.7662840058565,424.4558906407513) 8
(291.87082637692976,108.934582846009) 30
(11.155215693724795,215.66717652707467) 6
(338.3271735643177,956.6172328854124) 8
(971.4234061740609,560.6109085608315) 29
(516.1456547246638,668.116753311912) 12
(147.11096323478046,873.340951339438) 4
(633.5388315128675,636.433386812166) 30
(63.86540629130344,143.96136747446477) 14
(383.7902404659396,746.9402432741769) 1
(482.746804568274,504.2986090594623) 15
(83.9804859650245,947.7329367260345) 30
(868.9834574635186,744.7901020088025) 16
(622.4639863126047,239.0417879522191) 5
(598.6495545460106,474.8465974757321) 3
(264.8507342576416,959.8714906971783) 19
(626.46612577851,371.468959882864) 21
(958.2219801028377,699.1953629110518) 4
(18.323135019446045,618.020548604293) 3
(902.8704854385003,47.70330261699929) 9
(525.3688923615714,644.648467346659) 21
(254.35208026938915,151.07488470959817) 14
(801.4527652481527,784.961880480748) 21
(733.693637847531,768.1967435441679) 8
(713.9440747002008,814.6211567579305) 21
(832.2975390326084,783.6568866508488) 2
(408.86601974367574,734.5665931010976) 9
(636.981638831035,553.5372586852687) 3
(906.153145424378,13.434614551813162) 8
(330.39574563419325,808.1891720228479) 26
(200.33652595890817,426.3275491277533) 15
(179.6046267782847,500.92637836039523) 22
(340.96069547928164,257.0059412685779) 4
(402.5565957905511,809.2899811936629) 15
(106.84144506177728,7.222889962963497) 9
(450.49522048091904,67.7943225191886) 18
(843.1869040315013,633.0614179722157) 28
(365.59554983709853,316.6607660496412) 10
(663.4951392729424,985.834219285893) 28
(861.6689964323049,63.065278118909276) 1
(60.120019883345144,415.5507922268462) 14
(823.969780002621,34.47366611365388) 14
(262.1306832166226,931.4491088847936) 20
(45.14590380284111,705.8562610598731) 24
(452.929243187137,170.51184091904292) 14
(200.3346780428893,850.0270453052478) 20
(829.9394573006234,442.46002028882737) 1
(866.2951174326798,565.9191381752829) 5
(163.0157919260593,995.3907450824344) 1
(359.328608571807,961.6504291494246) 5
(861.7212304097568,407.83733842882697) 18
(287.9085999029396,180.83276196789976) 19
(119.02057057756399,182.36812866457174) 13
(522.8912752846966,821.9051558127885) 28
(494.78117035169254,325.9701997071903) 16
(795.743985066234,73.03721957731157) 30
(703.2154987597634,48.32424107243438) 18
(751.4301418852008,355.82662293751156) 16
(4.383176415006518,850.5234989880954) 27
(705.094824938913,218.5419087422227) 15
(167.5172779090601,789.770631083392) 30
(885.003996604915,449.5162671148114) 4
(742.4906063661207,379.1832568210294) 14
(679.4434051292453,345.9154478407527) 11
(905.5042739978933,97.8264583211138) 30
(563.6193256938471,576.4976452983914) 29
(751.316829861608,611.2033747981857) 2
(643.5188525198982,245.2655928748061) 5
(329.39705456478606,537.8783314446856) 24
(688.439023204661,531.4629054224055) 21
(277.22179033792884,837.7786928508472) 6
(914.3499267529266,174.17669985359896) 18
(253.7106977938832,757.2750663652344) 16
(891.1803568543805,128.83416145810156) 6
(938.2086092647503,707.9252047187973) 6
(332.55822074128304,523.5774319115487) 2
(236.39083627283895,24.87718816177931) 7
(415.33567893174205,732.4371217139593) 9
(197.33421273937802,271.6616511147101) 12
(692.8016796678139,325.3565253658548) 13
(362.3496213038857,575.6258663393833) 24
(300.0087161328697,907.9246285883918) 13
(774.8343845685498,479.1568702698179) 19
(334.875602707139,215.22659379226283) 16
(806.4074129517212,396.0710476951964) 9
(156.47848600296555,278.01619565185064) 8
(339.52623122696167,973.504995217712) 21
(126.89044158882933,897.8909967022838) 13
(831.6752287419737,545.9755602481232) 2
(599.9372956810093,573.7659307264755) 1
(398.17650143331286,388.2961244163352) 1
(203.9429142374184,458.4435917217723) 24
(673.840263072916,690.7397984994675) 30
(525.5480713281491,575.9631201559458) 26
(502.12173002565186,839.6405476912054) 26
(682.5422313110683,632.0650748226227) 18
(892.2384457666661,620.9901046658106) 9
(37.43583569935372,872.789458219853) 22
(407.5521735074676,851.7727657455264) 25
(40.04045882773666,784.8061650946794) 4
(755.4362892188907,816.3952015041046) 9
(63.68164857655123,741.8694124691617) 26
(226.0653837046367,353.16639718804043) 8
(548.9687307356379,646.0648639055266) 15
