1000 1000
30
(0,0)
23 80
200
(77.8149256360926,217.59934511836443) 25
(646.0051164372362,281.12814586322366) 27
(899.8710544376946,928.4998378941116) 13
(768.4426999103472,458.3626664860355) 27
(180.1942120672707,173.1586855010434) 9
(383.6459020375689,171.82049231486153) 2
(661.9799505408907,764.2995945336751) 28
(735.0652043398437,994.7660837248807) 19
(491.4685756632086,258.98464080780815) 27
(857.815677390401,183.58507978059703) 1
(819.0093035013703,577.4563833706275) 13
(908.1869589015253,201.84087511819993) 28
(561.3169916815713,486.1394776496804) 28
(880.2494959084369,677.5391793623985) 9
(354.2936623531985,208.70941383100973) 6
(676.5964339469291,562.0413147288859) 21
(906.7002049751528,38.57813452863945) 17
(2.8123611195406406,646.0576744811774) 13
(860.4141040113179,313.83303801167426) 29
(410.4714268857874,615.6974775465651) 15
(7.656862795647701,514.4192032919789) 7
(602.9431825209009,367.65139598586336) 6
(694.1508719340867,913.9801782348603) 5
(776.6181772597442,643.7247061389917) 19
(117.79368380204147,749.8150425700626) 4
(922.0548426355203,512.683439599525) 9
(551.3059014919614,702.8995657702012) 7
(864.9135200916787,939.3328974482235) 26
(111.98332095012842,522.0668440323705) 30
(800.9406127141841,34.962475559316864) 12
(208.6004665746478,890.054278564335) 6
(82.22654524285167,460.62403382349925) 6
(282.3191761313364,152.97594067440423) 13
(985.7133059228381,709.9604615564472) 25
(177.51291791155788,708.1350944935374) 3
(260.0266219832488,508.1935552988943) 18
(875.8938882800312,171.0209700564208) 21
(347.89182217714773,316.76610171216424) 12
(141.4807704393728,723.1638282568213) 4
(389.50077100456895,126.39237564111583) 6
(517.0764896004268,79.63325508721874) 10
(692.8664198231261,356.63662610410995) 14
(29.922619003538987,121.70206536956907) 11
(916.5518807151468,992.2597998978462) 1
(619.2435615362369,330.3324112663849) 4
(138.4489593798489,284.1904101732465) 8
(296.8616785483658,685.8166885241121) 18
(411.0512336952289,550.5628352375381) 9
(635.6686665129893,230.6472438203301) 5
(420.0764841653623,52.914476788277874) 26
(789.65453875685,184.31633052950514) 17
(606.6777981666938,948.7767493875035) 13
(224.35942403178032,214.9770106274539) 18
(993.8189751143219,521.3253851293468) 11
(809.6920852520514,842.47672186818) 7
(334.9678564422315,333.5774807606734) 22
(854.3770817454283,358.3007813522724) 19
(962.310358696915,828.1440955683197) 21
(663.8499084641902,201.92281616004925) 2
(455.1932569450845,207.12189769001432) 5
(991.9747661498396,484.46612477183004) 21
(559.2170021038897,79.27765198691094) 27
(658.553431310051,716.8984185574021) 9
(538.6498095245774,395.2898893701686) 8
(703.3578799686693,911.1122139712602) 10
(805.6530972859352,680.1417841842153) 13
(300.1398816955484,207.9812291682247) 8
(593.3946733113637,196.3418082514664) 24
(857.036321987958,272.9511964718263) 13
(171.0165540798344,699.8203280938815) 7
(946.8320296294285,215.27972767239868) 24
(906.2972316954183,91.35298225079846) 24
(323.95116654376653,128.38207212062213) 25
(311.36273443213946,964.4392648687677) 18
(276.4473620341117,689.8790900816714) 12
(533.9185497764496,787.6273436901953) 26
(629.2455442773338,530.8295994230983) 14
(150.68196517350995,143.25128729369408) 27
(267.3624932005083,400.3030511963162) 9
(562.2418813390483,158.54541413529566) 5
(824.3358795243637,759.4120693081425) 10
(650.0451806304085,653.0348724634526) 8
(207.1318202966217,275.4647102190701) 29
(695.4637008141925,906.3404199925338) 27
(180.91435188938877,380.0548319564057) 8
(444.10915085053404,489.63845166749167) 14
(458.6905443420555,679.5837297911493) 19
(305.41411155091936,734.4632498745785) 22
(4.471226632259628,54.07867171037839) 10
(882.8960795814008,381.2165184180284) 28
(269.635610866356,241.17916430664377) 15
(252.16375996253126,669.2352093596229) 30
(223.99536542724798,148.23228943171262) 15
(195.8361470298442,333.90943350916535) 28
(721.9589099704183,500.0418685206717) 22
(550.5914462022192,143.43264978697655) 23
(41.34091043800237,734.1153489874566) 5
(412.14676904391877,707.876501386182) 25
(46.461291500082936,609.5599588237304) 1
(832.0553147977582,360.8136041295575) 25
(813.0021230993166,33.33974285072661) 6
(365.41042986186136,520.5629506903384) 10
(185.79007463568354,526.9185396596565) 4
(616.9045857533627,193.15635493765083) 2
(811.1037339197818,792.5834140411818) 26
(14.243641830134933,202.29306647797597) 8
(80.52898935799524,692.166063305016) 9
(497.79037572462926,493.1866308276538) 2
(409.6819915258425,371.6309858850434) 30
(97.57669676013315,313.4343753497534) 8
(740.8953193378875,934.3795069094805) 5
(356.17401237329636,73.75759203449384) 3
(626.214869450018,933.5377612283959) 19
(133.39274018398984,698.5800470042204) 15
(392.3611169951465,595.8964578999465) 18
(905.7780551939001,289.59392987727074) 3
(49.99612414734178,769.9722181838473) 9
(635.3897961253372,969.8156604507908) 1
(781.7112177578553,937.2635122815992) 16
(558.8159689552693,740.8776571633147) 27
(709.3209114698358,951.0300759596516) 19
(417.75998100375756,866.0298491924555) 3
(247.91060939031706,169.45106736380922) 18
(949.9979876997313,968.0154837709716) 17
(107.19072814248266,856.6251961199803) 5
(932.9068826003726,899.7538070404456) 25
(634.7429310995533,324.97509798982503) 28
(177.04029844275115,954.8563060273062) 10
(928.2876061494655,491.7875618548133) 13
(476.1242371271107,176.5207710079284) 20
(703.3141038813089,732.7154801415761) 19
(655.1027351828817,384.3502810052913) 17
(822.9297856899523,164.44886243219358) 15
(784.7394560731669,802.593235024221) 13
(789.5231155716217,988.2380106818185) 17
(162.16908736495995,648.0850125828089) 14
(121.5330963043928,131.71247513006256) 29
(389.2022760581456,445.76540885056994) 1
(729.3356477333693,230.43212244903754) 6
(199.335872113502,349.10479846116436) 21
(920.5585953764636,856.2820766170908) 5
(192.43835127294372,433.55279705020433) 11
(356.97480659777534,219.82893220468347) 20
(515.2172637870726,266.9879413005478) 1
(220.9139835799132,68.04723334543617) 3
(331.0023751152811,5.590535292434584) 24
(224.32160747640907,575.2529343011303) 13
(76.64267850010398,718.7482962800783) 23
(390.06907743556707,359.2642603561785) 15
(736.887893198461,249.65319872048653) 9
(277.0667077821437,734.1919220404461) 4
(342.84607229709263,684.5247173491607) 18
(404.922015910531,165.02408812377755) 30
(12.64125103578506,198.00900228744823) 25
(329.8431763940173,191.62248704092278) 2
(722.8447921277722,55.206947970782515) 29
(575.9640549897675,280.2457446301179) 15
(405.1277336890218,781.700588826488) 30
(330.2736679360042,255.49401188398235) 27
(288.23812101808767,68.42903164944147) 7
(999.8672981526969,544.7829489201214) 10
(960.6200756628837,669.0675070380373) 24
(51.535733989191755,134.257332419797) 17
(988.9158067877188,737.5217978900398) 8
(920.4287184084695,764.3225595181516) 26
(799.7728612198354,883.3511541935295) 25
(567.1134805298971,603.5439199338057) 16
(283.10031260582315,945.300374284522) 22
(929.9078206603486,424.3599120544581) 16
(59.22523250853129,44.73945732751239) 8
(936.8551778282425,471.165496080716) 27
(960.1470248112569,849.3756148837496) 23
(881.1910639402956,933.1549846891647) 15
(376.3664198034795,65.35109224259882) 5
(23.049125276739858,944.0077356708632) 17
(913.4270279274266,573.8170862572921) 23
(367.58380156851234,229.0942209819845) 17
(246.46722770990394,270.2591400040103) 6
(523.2452946907258,667.6011070619038) 26
(310.8631446454201,420.5981249821534) 29
(889.082923933105,229.19280087930494) 6
(122.14044584989824,167.4469175798713) 1
(755.8942161762795,150.96515595547987) 28
(190.43271670562646,873.1477415930934) 10
(435.9504309383264,540.3746887562368) 14
(109.38836349113335,654.0802146234645) 7
(95.88178433295435,491.68366124042575) 8
(395.1319159930433,949.4877127481628) 29
(760.9560854111719,257.23061916284826) 22
(51.196281280656564,685.8882314694088) 24
(426.19807173479575,271.5094658280523) 24
(132.07110849761162,158.3537344356928) 14
(724.4187874110467,221.65438439067552) 21
(323.5305338040952,650.6528129142488) 20
(932.1597181528035,496.81931802951505) 19
(734.1022273687719,810.3594442002562) 22
(86.47083111530374,550.8867681210136) 3
(511.84034941131273,983.9055037799001) 6
(532.6675229741413,38.59147163543663) 8
(380.31786737466587,914.2965998789506) 15
