1000 1000
30
(0,0)
23 80
200
(480.44859477251634,605.6485082599154) 13
(613.4935149123882,825.2873485378341) 22
(434.796945243462,823.8182356833203) 30
(596.5126253433685,964.7059819772948) 13
(163.43813515036155,981.623847398662) 18
(556.9602706699576,345.98882175077136) 18
(989.3219116047936,634.0936400801427) 23
(912.2725502326102,956.9656052235657) 29
(306.22150320612286,15.536897497267276) 9
(920.5869137812748,123.91454160904291) 2
(560.0524665158705,200.14991687829507) 23
(558.8685286655638,993.5123590686806) 29
(340.17883737407385,757.8048620278005) 23
(983.273154336654,715.0364638471954) 11
(383.7217104422671,327.52109444193655) 3
(445.08674033280784,150.10752363080616) 6
(896.5696862447375,128.79643952596288) 19
(657.1120572124288,848.9340814239587) 13
(557.9738028392406,229.0124822235412) 8
(205.03512772682254,264.0262512776433) 27
(358.14495924004785,497.59727296826196) 14
(635.4202575202792,257.8676801973444) 30
(629.0329252904095,318.74891491736213) 27
(377.01237193083506,36.19875265716976) 16
(642.7643838001054,747.8232188861031) 18
(98.7126488180452,826.2491484715323) 20
(386.36487852564596,132.33053989994403) 8
(942.1908965055216,55.376711123783615) 8
(804.0056422918688,43.62922644042233) 22
(229.7324844979247,833.9180014904786) 21
(711.5295723654286,511.88536951871913) 15
(78.0215741739596,765.3056852316702) 15
(250.7021766783708,103.47230596782542) 17
(6.373654874180401,487.0489293850452) 10
(746.1166359319794,968.5045800979692) 26
(624.6403952862952,92.37434923512167) 6
(357.45995991997006,131.97293377515706) 18
(103.17298437552091,46.22466256851088) 19
(185.2836237141152,426.8667160839111) 17
(702.2828764048667,672.9784360165171) 6
(468.9186740903495,753.4447707060359) 14
(594.8484756148079,744.333877790584) 15
(935.5899281014715,486.9113326301433) 30
(798.8715711342038,902.440693706626) 3
(135.93272453522832,789.1439003419595) 3
(485.97479985057424,182.48429938294063) 16
(31.357375488077267,304.4833426345266) 22
(999.2407565926628,797.31038950928) 12
(211.42616801144686,802.1676350750203) 28
(889.1319441864009,767.0411101902796) 24
(587.8723434327319,410.207114501849) 4
(121.63676691776004,502.0058315149838) 30
(970.6766340454777,630.8638395316538) 6
(427.619695665583,34.056320696304596) 11
(388.290758162565,388.01573682444246) 27
(673.4560324834517,930.2484416144193) 18
(554.3441164706467,284.66122038012963) 19
(10.883803729374808,302.0456563874444) 5
(322.3527904164585,11.318522290491796) 17
(957.5705561337812,891.9981484018526) 22
(469.8054100556517,25.701392299102068) 2
(218.01085905026974,299.3686653221879) 18
(137.94742980274287,389.3128015323605) 29
(500.64859609447234,603.7869621556977) 5
(409.3486126750795,386.7295630925398) 9
(745.4027703077904,909.4080880934697) 10
(1.141136057211889,740.3261267072788) 7
(765.7624623472954,181.63306079533027) 28
(122.85033937437973,472.45808942252876) 1
(707.9001910197467,191.26105419311756) 26
(141.47451792477196,137.94413422874229) 13
(830.8687505675103,115.61791496984864) 22
(743.9580840032486,842.6013487648535) 9
(474.1439797406024,420.08166774278254) 24
(27.37066773315511,264.93787241156406) 11
(401.2921938473424,576.1545592535415) 2
(776.9398206228138,101.30762322465992) 17
(418.74505660009754,545.2948765844734) 11
(44.448877913013554,882.3904579515969) 28
(876.9572878497911,313.46582532817956) 4
(707.5255692903983,487.03985189246566) 6
(782.7025982421474,75.23178323803992) 9
(359.38489545702026,928.8265791560833) 5
(499.1166115995983,526.569658396908) 12
(109.05276111868956,529.3675519126766) 16
(805.3436229353766,822.881996403005) 5
(610.0503956577302,214.4313770138482) 19
(286.6441734437404,415.2803677249345) 14
(183.24600657172908,261.30000769750194) 14
(497.27593633563527,650.1397953820087) 14
(862.1846755234752,521.1227248309283) 4
(146.31355498607525,675.2029052478758) 13
(749.9348522917643,197.33861224121497) 11
(233.17342777263238,351.27546157888) 1
(323.8365540990863,260.3934032393184) 28
(784.3686290880497,380.8897939081304) 2
(757.2771923447385,806.9430650415604) 16
(311.3003104755486,287.0389963506824) 9
(882.1133057394418,983.4821663564486) 23
(554.2446661765216,583.6847790384601) 1
(341.88836035365955,767.6908039553007) 21
(896.070083509916,523.4091105082505) 14
(969.9839145215223,506.4961875531542) 12
(31.557753864521644,918.6306575827504) 16
(267.42484456142256,59.62067033813001) 9
(543.2387921014808,31.40492177787102) 20
(786.6000947035451,140.9962219740697) 11
(670.6222441994856,85.1853956191917) 15
(177.34198182035777,111.0140806029274) 8
(648.5636065440003,319.29040780946184) 7
(228.00803012134196,215.19056384283175) 26
(388.8356985132483,967.8449811451729) 2
(348.87938384385996,518.2774811032613) 3
(500.81358274566065,5.470270811848921) 29
(348.92519180694825,727.346010686629) 10
(41.869994825269096,908.7785094883096) 5
(821.3799731400139,610.7713942858695) 1
(840.047208831054,930.0230726529278) 7
(997.4248159953004,87.58576790128625) 1
(506.72903911872777,845.1374008031755) 24
(251.0595643715786,4.39963841181934) 26
(742.7455690664285,851.1367198005029) 3
(647.3821421756671,253.9762465537696) 29
(395.0129201770787,15.636990125591389) 19
(529.2183419038139,240.60423729984814) 6
(412.94170177939316,368.4121902033548) 30
(876.6365505507017,805.7130055825749) 12
(981.2920712788374,144.44298835346348) 10
(42.18526070123785,468.03086343275436) 6
(486.3875422789933,380.53787997676056) 1
(488.8601508160503,519.8075828100726) 22
(618.4260965149509,54.44002581378893) 8
(194.39308073855642,145.29150110989696) 5
(620.3688323354379,666.2934407438839) 26
(49.36408765480682,742.0592220523592) 14
(312.76013201951093,332.92126354807783) 23
(233.91602151658887,0.5822834314309633) 21
(637.9500309429625,826.4194921449904) 18
(432.425865407015,281.9535715441448) 24
(264.1735494582973,662.5835014253004) 29
(578.2264843781728,482.1467907229331) 18
(924.7054346117319,373.2470827513422) 15
(231.33569984870172,910.9165477440722) 18
(496.55868822745896,634.1467794602222) 13
(314.87823002041193,593.6482789011901) 19
(550.3213102809631,102.11443311575674) 11
(101.27979679614218,901.0882420959713) 16
(977.4802900282384,431.1440187301715) 16
(326.0631849728081,201.43660148840092) 1
(653.0368798776427,350.1605925504656) 21
(890.4887647004887,474.94935757613996) 14
(174.93631011758438,17.51968715714558) 13
(122.52318354367819,767.033619405353) 2
(248.25990136545283,899.9550266613081) 2
(879.2514714608488,180.44766086156716) 15
(279.0778831479045,801.291372441719) 14
(957.526398076184,821.0634962647638) 16
(768.8179085616188,250.16148689053176) 11
(222.7828258925113,182.1670707537374) 7
(822.1450102426547,849.2210480288235) 3
(945.0833347016072,523.0409411452756) 30
(171.38273787664338,556.245698650473) 12
(636.5299015479444,716.6341319032566) 25
(680.8473912732205,498.5472441146363) 3
(914.3875385044383,571.4139593089939) 4
(991.0349426482036,720.1940053385401) 18
(177.4184286949002,231.25362805135896) 17
(940.6236735711459,947.0167183968979) 9
(414.8694956907588,129.05777320977097) 21
(693.9430944764448,595.4636270760832) 7
(859.1163886656643,994.9439688030636) 21
(127.78871595078245,428.5693965511168) 27
(411.50729140989995,426.9986819902267) 16
(719.088771470567,374.33402082637) 28
(813.2482218973155,654.5578021642765) 15
(165.8292128953518,904.9113244936023) 19
(898.8456248501806,238.6345878323699) 27
(190.4479604449706,628.0165997225378) 7
(999.3889580147994,401.8527546195826) 30
(267.6666714083216,399.9336711618958) 23
(120.6311480389456,144.989326206435) 19
(859.3907781680044,397.65305760461933) 21
(847.9694820394217,49.04762490786929) 19
(909.799913480998,748.8532863009403) 24
(965.2034456501469,1.6298691868944504) 28
(152.02673466016492,651.7841715551298) 21
(622.6373761494634,803.1416633563821) 25
(981.1560064759373,623.2330346504391) 8
(627.7150096351602,35.40185621287928) 17
(765.0937731128281,69.2717501232446) 11
(652.2512418239669,528.64793045006) 14
(653.4688068039795,565.1092668287893) 7
(282.0733603934087,517.0349748766924) 23
(241.76580115843592,755.4986832465356) 20
(70.09271126999094,483.23649408103444) 8
(829.4078847097462,649.2903623010162) 9
(659.2681273949298,534.1295845666821) 24
(316.4635193651031,328.30624141168073) 27
(630.9967385158703,758.1334486521746) 10
(983.8677835582845,31.38825384650734) 19
