1000 1000
30
(0,0)
23 80
200
(453.6559920938055,245.41991940300656) 10
(947.6432895196936,772.6128149902577) 27
(190.12570677368035,457.7662054745958) 12
(449.0357060147154,116.42638662384897) 8
(256.0403423543938,594.8477333267866) 28
(890.0185713277178,393.5568433320178) 10
(749.1065079665802,41.95199999668431) 19
(967.2557478089763,314.57805912774774) 13
(257.53001823781926,887.4032385100206) 14
(298.6914132394085,546.7342171940671) 9
(974.5091938629083,760.8262505565096) 7
(864.4461323455705,293.7300862230743) 20
(736.1540861801539,818.0779556879585) 26
(988.9117505511894,897.7068717840107) 21
(568.5122383036924,602.9111276155395) 13
(616.0128629640201,757.2246430636712) 18
(609.3733457582739,734.3755158166801) 6
(20.065194211996484,380.4206747252928) 20
(832.3680864480592,483.05036029393756) 4
(569.9988398366708,711.969579060231) 26
(20.569026601809703,7.533030900615634) 5
(321.5016312940654,332.8844131231625) 4
(533.3076429327125,726.9334738291182) 6
(995.2218886956333,473.76908795079663) 6
(29.88393658161881,580.0523012636821) 30
(280.21808587024145,537.6982872602481) 16
(747.6475589661623,581.3248080122884) 12
(168.1990253955048,569.6007953236165) 5
(300.1631110114474,724.8272280334156) 24
(666.673303422741,484.97879128307375) 9
(590.7108960247112,544.140527964044) 27
(130.5236512791167,538.8874287884111) 7
(97.5727147426022,253.38677667896704) 3
(530.0881360145113,479.38512869281055) 25
(709.7516547754357,739.6638982372574) 20
(566.893268335955,787.6397326816766) 16
(115.61976644892613,960.7817399303065) 10
(994.9790621018903,983.5867500509748) 9
(412.64072405130815,7.539076602772421) 10
(826.0354161950148,655.5376302866689) 29
(703.4160985905888,698.2777702161748) 11
(997.1414766703077,478.93402624032245) 23
(476.38066888895224,675.9545936774496) 8
(936.9054890045186,354.8806598124774) 7
(687.2137448412695,885.7662424986611) 11
(701.0876176351381,851.5465518800205) 10
(254.6449644255395,509.64194780455273) 1
(6.212470583754959,76.59548817785667) 6
(546.5385338616513,179.93963681818792) 30
(39.48252441047961,345.7846466670433) 21
(39.717482410155824,492.47751486365723) 10
(266.7440067968374,228.70414289102646) 3
(979.7809931882421,562.6101504989398) 8
(465.22930885729994,29.60719457033367) 10
(475.61421263415724,377.41117955616323) 10
(392.0374672465228,950.2439787095452) 19
(403.4224460191457,674.0395959226973) 10
(29.553951973087855,672.64385928673) 27
(123.00525835780363,415.5586401712411) 14
(158.69334672010015,11.543066066797337) 6
(951.7624801027677,504.04507144619913) 3
(214.90567154489128,618.9850307071175) 15
(32.68693491788921,305.5834934766012) 19
(1.3586937227131335,356.53540144844555) 21
(0.023585263534520173,861.4966607544499) 3
(929.8410612522085,753.1636751847183) 10
(772.8030336571372,460.23714771971845) 27
(293.21398038347814,227.3851643811591) 10
(45.10610098176959,409.12651211338056) 28
(766.0356132117107,286.63478080358874) 14
(605.5327661269395,549.6184680587207) 3
(170.90713786242895,716.8237367356076) 12
(206.12048040567555,697.5335135270502) 12
(240.6887942588848,787.652695348794) 18
(578.2833360070407,642.7631178595017) 24
(720.0508489159608,191.35370762758862) 17
(579.2051466082825,403.9391079413437) 26
(289.55364018398734,963.5448205428453) 27
(48.62185615717396,996.8245551596576) 24
(581.7911235423167,397.49089377657464) 13
(997.8331334779527,999.4232138785554) 25
(323.7882860478657,787.4340908552604) 18
(953.9491373864,383.5354840363878) 6
(574.9429686108977,102.34720042928424) 5
(482.19159016747204,461.80946500048714) 14
(765.2147256065645,655.8663463790201) 10
(278.1849051499788,790.8084468231472) 30
(790.2987931143022,349.8157906368523) 5
(177.4710318154975,845.3064863868509) 15
(704.8535511958709,163.2410150572008) 11
(885.7689364901407,146.44664768013848) 17
(489.5564362100309,853.8143270507057) 10
(891.3975053288865,232.05763636771914) 11
(326.57068919189425,705.7097578852147) 15
(521.7979635601176,285.989861019437) 3
(816.6179422524032,484.8917622503296) 3
(914.3252161599576,697.9143648016445) 16
(779.754618985276,317.5024246366799) 20
(34.91003575719142,672.5868197580294) 18
(375.93473650726327,227.60719707907973) 10
(120.92066761749432,717.9503224925146) 10
(25.432107738273647,326.61923953229154) 3
(464.0216427386815,404.66226553734174) 6
(572.9944766404057,556.6700300424802) 11
(588.336344582834,93.58112156152254) 19
(715.2756568844377,409.985188482764) 21
(557.3063299313709,861.5441000890871) 10
(424.92742356164626,927.8565616120575) 20
(584.4754314018206,833.7959187067939) 25
(942.9846873062797,834.3138867813202) 20
(512.6100974250725,33.85094114369258) 12
(223.3188388149776,877.2213049128299) 30
(379.100709496218,67.96004265838963) 28
(736.8272876844219,84.33371269646506) 18
(596.1880014677051,900.3116430933273) 30
(573.3937202144814,481.15231783695543) 13
(657.4346965547494,323.1226872971994) 15
(812.6246250131785,259.0596247087863) 14
(565.163261904268,752.6730415519752) 2
(406.53054099361077,534.9649928368167) 12
(642.2611463810501,942.7007390505674) 1
(183.23785725626274,345.5073450749184) 21
(223.94087361741933,135.44994361708908) 5
(923.6157716053191,374.12611068867454) 25
(718.0339590306414,232.92387329918884) 5
(829.8510023581333,970.6608256994192) 25
(586.8560602925709,907.2971113875963) 6
(881.8432306802608,128.25406513689896) 2
(886.7989424694655,575.6311974621216) 10
(158.1342430085958,366.81863430091187) 21
(453.8417965933186,598.9834083026531) 11
(86.07313285073148,431.05790726483974) 17
(664.1015895334388,12.299381046398938) 10
(925.9188498365901,280.1228548990582) 16
(409.6405506257019,977.8712997461641) 2
(991.3080224747856,22.82042996529632) 12
(688.9343920647603,718.4034759674001) 18
(832.7742291056012,273.05201819102655) 4
(605.3150653165616,229.75800510039713) 2
(421.41312615921044,153.4486728694525) 24
(669.3733269139166,351.1593177640754) 15
(513.0185379207365,803.2437716401113) 28
(901.2551758105812,20.230042434805306) 20
(450.85885944757456,879.0654136616548) 5
(466.32386341190477,359.2456982132471) 20
(210.11041649174234,399.0076358872572) 9
(948.4246968761622,155.86011568727264) 20
(477.0644939794413,970.435234708515) 14
(820.4894789058372,515.059778381933) 21
(760.7593956172979,280.1514941294103) 3
(320.1464006288688,129.82910818700287) 30
(170.4796836761676,942.2727212726754) 14
(553.9910178522747,877.9741544764311) 4
(984.5917594234719,175.24895528542194) 10
(506.5110306518631,241.18106353308355) 29
(902.7432273155588,364.8164997494341) 10
(725.8090658818841,799.6222668152548) 9
(488.64574179626374,106.80205663908227) 25
(174.10668095305337,954.6183397132404) 5
(824.633402861595,58.311353722408256) 20
(29.27851419835481,360.6951642033814) 9
(619.6022005640964,834.3538409363734) 28
(24.664007619779603,532.7713458382032) 8
(916.1131977906721,916.3886113605438) 15
(996.1124611705739,534.1897387722627) 17
(56.08149991326017,269.22842011451485) 27
(304.1489704087964,643.1744911124536) 23
(265.51660189384785,828.7746561232207) 12
(788.2092853518037,935.3610228023967) 13
(432.9122317233519,272.857946366994) 11
(328.5546542051715,910.5300777924714) 23
(314.41943802370184,313.9988687974192) 16
(617.6018111221161,954.6826619901714) 23
(147.31741287631905,381.3963720387807) 10
(373.2352113936458,333.4972197988549) 20
(798.6139464049055,698.1035561666733) 25
(376.127468165096,163.9017341099057) 27
(116.90101507110151,741.1305697721995) 23
(281.5811060900958,404.23233496005093) 4
(45.00168813326732,812.9840522676831) 6
(794.9294938813415,163.9922759109068) 11
(912.1632002946284,895.1112112990194) 8
(759.2571972360001,689.8056086067912) 10
(77.77539517968124,91.66864510882222) 13
(361.57614223199477,969.3979539652928) 6
(57.36002095652426,893.8027511389244) 13
(391.77058768415054,818.8794196595999) 23
(488.4260887396757,25.594516566541103) 24
(864.8130246572324,204.30469765626057) 20
(247.206207773504,217.29975295326332) 6
(328.56306021973404,327.63303739543903) 12
(423.24736118653004,564.3400602639165) 27
(350.3258934632581,343.59545995926845) 5
(169.57994882944027,553.8074043838645) 29
(848.5133819305606,956.1375333147877) 4
(950.4101140128553,706.0620775545432) 3
(624.7860398489764,421.79637391524693) 9
(368.08844740851976,871.6440316613242) 11
(438.84745934980754,188.8168067104141) 7
(960.8933302483623,154.01874205109445) 8
