1000 1000
30
(0,0)
23 80
200
(436.4923407471141,856.1576950358238) 11
(815.7091689993738,375.0323519040812) 5
(201.9862776132766,521.0301416020849) 18
(595.3489746934532,193.78418070545368) 15
(431.0852027215778,553.3050725177338) 10
(180.6729548859557,636.6673962053177) 20
(947.2340473945625,375.59559932464373) 10
(307.3740740644999,608.6726897715948) 8
(872.8072690712546,923.9530326022992) 1
(4.972655630780198,988.6206030509974) 27
(59.972242716498926,258.23793748114065) 13
(309.64184030741615,748.1028825372678) 29
(634.2008738927361,190.83453381866312) 11
(333.5113582556784,86.32696780294091) 17
(914.6225119062177,89.88001455341255) 13
(716.754761920209,22.101524491250135) 29
(96.17115808242649,73.00255816158518) 7
(53.877342490036504,243.28546517161874) 11
(869.2221406457119,335.51729136867567) 27
(799.7796596374191,650.7154791072107) 25
(879.4082602767044,94.09550540115397) 5
(458.3312481614098,122.27442841464631) 2
(278.2950222042009,993.1046718497795) 25
(477.31401302556765,251.97453219762934) 6
(1.1200137622334738,446.4063659136579) 13
(872.5361471093513,199.2938625640467) 7
(158.49933826668718,900.8149975055303) 25
(758.1222804615276,646.7156503123107) 9
(446.5941290239158,886.0921208914482) 1
(350.1725064209238,176.6144097672284) 20
(922.6955126632128,262.33883472553197) 12
(742.0072034954744,709.6168511240388) 5
(265.721281035177,425.73758502852274) 23
(4.855919116602436,572.4422330131533) 7
(236.84720268069682,644.6710001561632) 17
(315.3054976198847,143.1872135034954) 1
(573.5832912705811,547.1950309277515) 12
(180.05736002795757,64.43412692044814) 19
(50.01047800262326,552.0470651114963) 3
(469.0009679845809,602.9439404417734) 7
(243.5203924836803,663.6994456596982) 8
(939.0774785660108,877.5775699450116) 12
(542.182894330148,240.9657311698027) 18
(971.9669279425929,349.65275480500134) 25
(320.99228397188085,310.85304856184) 25
(767.7428093301329,747.3896395210148) 2
(423.20713111538424,349.0456968908656) 17
(627.3132692806225,756.2550127078703) 29
(924.462905196231,142.5361156476931) 24
(892.4727794316099,755.2822096403199) 24
(999.6199461888914,392.9449435235209) 8
(507.6818529882654,517.5525169890843) 14
(571.3702920947181,161.7915670311736) 1
(580.2405565581895,478.9740915653978) 13
(652.9469291244619,406.3214275760852) 23
(897.8127819273764,449.2712628494086) 6
(292.7015488172781,254.17934671085496) 7
(882.7013666516903,632.8158952390158) 4
(699.932155877227,667.1511065055205) 16
(616.7293842551212,585.8484510029936) 17
(975.6549301745755,22.902811936147405) 23
(590.2528561024732,557.1239262737951) 25
(518.2432909202433,431.2156815381075) 22
(105.3589762690107,621.9368876913372) 17
(855.9289731173371,30.758106324637602) 27
(928.8709189575519,618.0936200558297) 15
(513.8380745456276,684.8894928450461) 13
(191.61686470601268,666.6236083130711) 12
(820.7896334602773,154.92958263593627) 5
(776.0852859426291,953.6584079783009) 28
(565.295856409101,342.6755674476978) 27
(587.7431711918227,824.6257946502117) 13
(433.4137059898127,166.35370409039285) 11
(176.33327029546254,105.29489231893807) 21
(500.95622353521605,816.3871907979836) 15
(808.7771622431297,211.107457308792) 12
(98.82610869846509,444.3597060575567) 11
(949.7575522859726,783.2464720552546) 19
(838.6545530459364,624.0107560146902) 15
(515.9316471632105,723.6952020522873) 28
(496.5821012064069,95.01003461485458) 21
(605.2382161625043,645.8017047696449) 4
(304.20875965026215,359.9958561025088) 20
(714.1171244785626,517.8015010828015) 28
(171.9261004240259,200.74052282885825) 15
(989.0797634411178,180.05678393108116) 27
(559.2867418943399,149.30172660100737) 20
(589.5522876392013,925.9484448034842) 20
(348.199228952389,676.9779069936832) 23
(435.2195401572522,872.305170842778) 30
(756.0769441475583,202.75801088390278) 10
(773.7251323461444,584.2548621987268) 18
(494.8432365336497,76.28588289335437) 11
(532.9740068253774,631.5489130584738) 1
(535.4316865653112,307.54522792266846) 2
(598.9193712153218,577.9786307338927) 13
(211.21030151828634,687.8389649319531) 17
(245.60871438672515,150.83693527777743) 20
(355.6909397903003,17.51018727869047) 26
(836.2789072566219,393.6686711338152) 26
(163.5315104129732,167.51406938163836) 27
(931.6503932433427,289.29374428723753) 26
(369.1568483946762,496.9277675976399) 20
(746.7687437081606,780.1363225703295) 27
(642.2438189455073,476.5014013221679) 5
(155.70862526030416,892.9652397518098) 13
(240.17488819074205,329.9849159020294) 8
(166.27388096350103,811.433337224285) 9
(163.24907262647426,60.15569292929479) 26
(90.63645991129088,394.59424310816036) 14
(450.34071753130576,822.5849987013712) 23
(286.67525388889646,586.6091693751192) 9
(369.4407953964631,610.7425256632105) 28
(230.66797363561753,892.8585589110207) 20
(923.1463290494798,510.3149389391003) 19
(183.16295201708323,403.83706286369636) 25
(150.7449439201445,913.4383248429303) 23
(230.85387976631532,223.014896124752) 28
(277.1024011107661,455.00313791019073) 27
(536.058054446618,660.0980548886033) 11
(701.348733252944,705.9743164086914) 16
(451.0031854629989,438.9407381665261) 11
(763.502622438339,887.7356908370028) 1
(449.1897323997952,506.0766192303894) 23
(449.61594604892406,548.5833580327374) 25
(647.8330398221597,191.99811112046916) 5
(964.1003471803358,294.89814659148396) 30
(876.8626147838924,11.237770750703756) 6
(946.0772349600683,573.0955493626157) 13
(419.18185876417533,952.866213240951) 26
(719.7401067032199,62.59260414835089) 28
(249.12701215473555,357.62682092938644) 13
(93.21571381643568,528.7541772244386) 24
(184.41627741165223,152.99899774761016) 12
(869.187837900343,948.8782147327067) 3
(929.6269582936192,90.63162702912508) 11
(965.44750593853,873.4110813291467) 2
(843.116963367198,143.34853168102867) 29
(133.49073577617133,713.2268629634267) 28
(911.0120491452502,473.61332905469266) 16
(583.3328732654787,463.20109630221464) 21
(565.8535747612043,503.9474546107723) 9
(976.2443469878502,907.8348211206377) 4
(467.71792275555845,584.9140408946186) 10
(39.506973199700646,998.4987399218383) 10
(201.96165910805496,693.8717292000294) 20
(580.3565871131476,655.147170785244) 29
(492.6217019339075,669.1659374810512) 25
(477.6331160097306,428.6305054300966) 23
(117.80488882182283,599.1994454007354) 20
(601.7509295683941,164.73610681546424) 8
(943.3524270494694,512.0848123460102) 1
(105.60169994480862,791.2112150609842) 17
(76.03745186084154,765.9760785106552) 23
(732.0448190087808,525.3458076117905) 26
(606.9336964717901,931.0693251974385) 13
(102.91143326569474,491.58217264086545) 3
(807.7532445694541,542.519943253926) 11
(574.9830895505204,166.67045896729638) 13
(734.5309286787133,393.41378699318386) 15
(729.041224829191,467.1739193885901) 10
(319.2091185132533,319.5989376949194) 3
(429.0611716134187,183.16874677123707) 15
(271.84015023677534,168.37098119416905) 21
(793.9883922841619,734.7507923777677) 2
(395.82751474262,60.668839264372274) 3
(841.5212650574415,210.61767478948568) 12
(777.93253794337,296.48527925795076) 21
(203.82349680580992,866.9375984608755) 23
(401.20412514366257,823.7616125496525) 28
(289.53376960737285,932.5749374801444) 30
(493.9474384413559,299.55186786870956) 28
(228.36197255623068,865.0241235288543) 30
(343.359251928668,221.0438118418625) 29
(521.6984790206498,807.4879378522785) 8
(801.6589025507838,206.7397342049635) 4
(758.1537833236448,532.7323306675706) 11
(681.3901627379465,790.7870992557805) 18
(909.7018034820627,520.3919506327159) 14
(492.39134951794836,458.78749408364183) 14
(334.55100816851933,835.8250141868123) 27
(792.3193318989214,546.870277093799) 29
(163.8910833234025,475.27327175829595) 7
(953.6790099866215,150.40861648910274) 4
(493.55236463234564,150.2157575737586) 11
(313.3846788921966,864.8437214167525) 9
(166.42100312970842,263.8610693361381) 18
(739.8600721815308,712.8734587026981) 19
(346.9571472509212,685.5112739492736) 7
(387.27764751801055,800.6332276812299) 26
(160.42680072154536,663.5849861266881) 3
(981.8728695065481,943.8122353176552) 20
(298.1285599990062,265.4415501394276) 14
(478.9135901379219,740.4689802076866) 21
(26.243594178863127,888.0517140943895) 20
(751.6941865572721,632.8199261402247) 1
(577.262759794776,806.3662862803395) 19
(795.7987757462081,803.5012255909054) 15
(357.81012240159606,573.9842734183) 14
(702.9079955098925,145.21050140502467) 14
