1000 1000
30
(0,0)
23 80
200
(131.39871518401003,538.4326675424796) 9
(289.3918120656845,518.8394056625876) 17
(259.4787555950757,194.8060809301565) 1
(381.95564696965437,957.2013392295024) 9
(994.7795428680172,77.61718812237628) 3
(328.12620415752957,383.448146659066) 4
(286.9262371809179,97.8405430625261) 9
(718.4383158950395,117.43072589874137) 12
(994.8905364298621,466.502944711601) 27
(111.2871114956887,16.20906712500925) 2
(308.0842873533987,388.6546090163006) 15
(102.26226855609366,278.78511180978626) 26
(822.1503444553692,791.6925071267696) 14
(42.13630769439158,668.2734912316666) 17
(386.16270842857404,285.93590698601724) 1
(812.4992951132605,282.4918363059534) 18
(153.34947377372364,385.4732850079105) 25
(430.84403006522996,697.9690815101843) 9
(145.65090620028442,511.85092131988995) 29
(266.4992913734321,703.4983911127086) 11
(338.81081115728864,763.6056710382278) 10
(48.514503204861285,585.965683031871) 10
(806.9717647136848,188.48411531488983) 20
(988.6675326123884,228.94386271984) 8
(341.4468127914859,791.6534445788972) 9
(584.3974537710923,98.31384700354428) 14
(215.7828454945949,615.3674450683814) 19
(975.6498433116416,537.7270852951701) 16
(645.0020070314822,246.40707594416088) 1
(580.0285433171692,819.112153715445) 13
(780.9960856224181,193.96790722146451) 9
(664.3216799516355,404.999497771109) 5
(909.3636464662751,38.34849772243765) 1
(833.549571828572,997.9131472859731) 14
(978.38507548313,346.6502850663512) 17
(274.78641373726975,980.1450732001414) 9
(710.3342894018944,187.90046524894277) 29
(494.73627637877325,188.92696138137921) 29
(349.33439377162944,687.1675814716577) 7
(877.9761263336436,702.7878977932942) 24
(492.1988290532785,9.071003163048763) 12
(258.2791074943365,341.66939756130455) 12
(533.7088752286254,471.47844831558905) 27
(831.0894721545693,249.7596106013361) 5
(983.8854922653302,900.451319141825) 21
(532.018003910345,854.5773021385527) 27
(599.3066374993483,404.1066191638124) 24
(954.0800697569179,825.4710227212823) 23
(747.8407760700857,123.62030982764193) 12
(86.6303540964537,529.0686309939767) 3
(43.6018310805587,183.92971007718006) 6
(598.470325029965,910.856215996381) 12
(777.8187141279429,721.1269626628681) 10
(686.2617583254525,334.6664527729516) 4
(531.4826126923483,677.5175073695267) 24
(316.0173433942181,424.64568451444694) 12
(105.84192050752472,15.72412303536086) 6
(129.759817544543,19.74180794692959) 19
(810.3689210404477,407.028482717389) 1
(107.22495991000925,529.5539834090082) 3
(279.77763287694654,212.200957517651) 8
(535.7449473143254,723.7635893862241) 9
(911.9369582752497,737.5657904680346) 10
(700.6117720890267,330.08601884496426) 28
(892.4526332114873,904.2496348178302) 8
(223.91456498704198,406.97820383845163) 19
(22.464375904494126,98.37417909255142) 30
(992.2728177710227,540.3979211016145) 29
(459.76241196775015,531.3853193900421) 10
(360.04954818557167,869.7231295748435) 7
(360.9519746455898,549.7878105868868) 27
(75.5314280519761,145.59217348857) 21
(100.43098005380135,831.7303565099551) 29
(899.4465707115039,503.01478051600515) 18
(617.585645356409,404.60523672083883) 25
(347.8763095895409,618.2621162767707) 8
(642.2344899421762,493.83058963492346) 8
(408.60219728067614,262.8150751772396) 25
(490.66787709610537,433.46555401331443) 30
(705.8109024309948,397.2123692742593) 5
(537.3355392887274,359.1875090728589) 25
(462.45373875265796,791.1595240055934) 13
(598.3759812986291,534.2204501098716) 18
(946.682264027118,179.13252015035374) 11
(324.6604434960436,527.7915036156811) 26
(121.72221308956377,857.6734002918001) 20
(652.1073638793825,533.937132852271) 11
(997.7309619723937,84.36676008732147) 24
(739.436141537503,455.38439153784935) 12
(431.0752252883068,648.7536523274795) 21
(241.20246893307672,151.14753462818763) 17
(662.2558091154995,657.8663260432631) 22
(127.21175588728373,719.3198183948352) 6
(646.5693007553269,347.92318377325125) 11
(886.0691510071883,786.6061607769801) 2
(980.1360257840594,658.2370386294846) 5
(465.0360186359389,405.8123649991653) 10
(795.8788831141469,840.1439630467638) 16
(28.369213432456796,836.9000404094774) 4
(597.0570687269533,617.5171076352137) 21
(816.5720362641208,273.333858244583) 28
(888.9138741612593,743.1106385087638) 18
(228.92856513272486,952.5900514718098) 27
(309.33754280924654,150.85423150266098) 4
(177.09241264857835,760.9380866287929) 7
(85.49492719319385,535.7963896167952) 25
(262.3724007876278,722.8015979052415) 25
(204.8221683357454,773.1502395613547) 6
(522.047859712508,157.99366094423485) 10
(156.82518269286106,114.41198071356395) 12
(499.195316939246,666.5860380092993) 2
(254.34437612181415,360.2549326308062) 2
(457.8699722965137,791.4770681826224) 8
(469.17295077059816,623.7340565379516) 21
(940.3853719689782,777.23267563271) 4
(468.9467328842287,652.7128225087237) 24
(793.4013209316365,992.7988067552286) 27
(162.15673921133777,325.4300207759846) 13
(588.067671996066,716.8613674887399) 1
(244.8082233614962,997.5813613795791) 7
(318.65129249725163,611.842298877171) 10
(819.1657449386951,571.8624141224738) 19
(772.7985891029475,491.92847940321684) 4
(523.5377463019094,82.67417030754642) 2
(440.10032150244973,825.0893219537073) 19
(520.7428871233709,843.7370314418647) 30
(948.8424782387186,463.8275259294131) 4
(683.1939173597071,102.5549875759264) 30
(396.39182669441095,814.5125461069551) 22
(419.81314786347536,239.13540459380457) 11
(225.11829060109122,47.289366464909556) 20
(744.5318583128224,892.2428418715299) 25
(949.8323913868437,553.7775478538266) 22
(248.6683384571573,603.9880940242348) 22
(387.3474796757821,609.5948125683962) 16
(767.9216942539414,60.36651704858842) 22
(294.05440891171907,426.7415364434021) 18
(489.43907545617225,911.13659690227) 27
(778.4560642892131,193.77800147009472) 14
(610.2485518204002,335.7643746187685) 14
(446.3116637026536,903.0936243136023) 11
(16.068467469522062,966.8181638728367) 8
(820.7564048277623,220.76055249856608) 16
(141.31372469130633,494.7476442641712) 27
(378.1838483556208,478.0896574850114) 27
(551.7572656249133,257.97643828830076) 16
(994.0841021707633,525.2323862982121) 27
(784.6349060601752,660.0879852486188) 11
(730.4419374490959,465.87367169662355) 2
(207.6318231959562,306.1730414058831) 4
(195.03359629513295,515.4616548116242) 25
(226.34833451972725,344.3691233868671) 18
(751.8727408156069,969.9036600957852) 17
(936.7269691058611,342.45859290452216) 19
(321.68214505056756,156.3335149761901) 9
(887.0740012728654,864.8845662964745) 5
(41.69819243015349,982.9912597168578) 24
(670.776698225285,670.9635178122146) 21
(357.40245988128197,829.9226708361199) 11
(435.1575045991827,513.3459682691172) 30
(241.72559267594596,1.6111498794760815) 19
(898.2023158786016,609.7055327819961) 4
(475.94481476093375,941.4535547894462) 22
(113.20943230966496,426.4536475974777) 14
(514.4039434210405,533.254958198396) 27
(142.05870587378067,715.9318290557221) 8
(201.39615235409357,478.4083773227531) 28
(122.94478326317471,344.251800231413) 2
(313.21664182307364,904.9779014988063) 10
(629.7325829418553,771.1557068658088) 3
(263.17200616627724,920.7770297015865) 13
(283.9097659362145,247.9328382878322) 9
(732.8194383153507,634.5600328556383) 10
(697.2117589783916,385.3944853420924) 6
(478.1622616304444,512.5265473064511) 6
(108.10516098176515,52.345609614493085) 30
(924.7215392485081,374.5819798983938) 1
(806.7057591267816,219.1887234460227) 24
(183.07847954992107,58.958984065963335) 28
(844.802445810961,899.0822144460764) 1
(587.476105213008,356.6467718098135) 7
(85.99981497749599,653.2208253293628) 8
(517.1269838150338,525.6833532493381) 16
(603.0090508327263,721.1922672342164) 7
(548.7295531763904,395.91626994343585) 10
(42.581369399372406,358.71085355028265) 28
(761.4431165946364,400.75775703599095) 17
(482.82116283148025,843.3666647441136) 17
(439.4944073455835,373.92758731335607) 3
(590.5868331107467,259.7589484723117) 20
(230.32651369910627,504.9743530727416) 25
(952.2763474558807,18.357341841497956) 6
(0.9978697304454665,948.8099080615112) 6
(675.7453929081728,578.3323235995382) 17
(802.5869016925809,826.5416216086139) 25
(197.58164894044117,305.30026092309225) 25
(896.5897358179479,303.41605308958043) 13
(511.3435758344378,274.80067610449146) 29
(402.4339925754681,663.4021538875412) 15
(186.6163303024575,99.5378277076876) 20
