1000 1000
30
(0,0)
23 80
200
(264.4654954268303,712.3506588679106) 1
(922.9175616459928,641.5688394372038) 30
(41.73885641413722,390.8073023405271) 21
(792.0160528784502,752.6255127228593) 29
(179.27096317458614,248.64247612822686) 4
(165.22740688370575,408.182399417529) 13
(653.2563123407296,503.29524328025576) 29
(440.92307353849355,795.5664992780163) 16
(828.0765805274831,957.5136617677895) 19
(54.91925044795376,163.52178051241927) 10
(749.2374224616992,352.9553745121199) 19
(854.2371790633872,425.0333554814345) 14
(803.554120919,879.7077943650465) 6
(320.461592830685,945.3173924596449) 8
(230.934452330938,792.0259118624612) 27
(239.52988538233345,312.6329241604594) 20
(238.92433770592623,705.1058203242883) 27
(583.7872064905583,966.428802399875) 29
(149.25668248752987,549.211792967606) 1
(90.31836134196713,154.33747935335495) 4
(220.91933325713742,511.4400626534217) 25
(208.59159980136133,393.21113364423996) 18
(620.0590361367994,379.611830342897) 14
(359.2447957942181,854.2517890528111) 30
(455.1393841999398,609.3100171653498) 24
(269.74599647644993,690.6912623883424) 12
(69.08225762257103,821.9052583987868) 16
(461.18295120138595,719.5620501622755) 11
(164.4109538769888,324.6038172617154) 15
(116.1032177272554,750.0513362234424) 20
(759.5743161954521,578.2676393556555) 15
(117.5003111836056,116.10901720453182) 27
(585.3558897714901,445.2592709233071) 17
(386.50917266096076,146.66405693531337) 26
(691.8424035312422,105.30840167737409) 10
(160.03246717573083,903.2174306278973) 25
(467.8700890866688,948.8935958410206) 24
(543.6586745878122,465.7700113312381) 28
(790.8272986487154,258.6566320230148) 14
(602.5073807274655,528.424199955412) 26
(359.0072293501314,741.114016102265) 14
(861.097223063326,801.108461361659) 18
(72.813513832238,409.4230733820179) 16
(231.5227196093711,876.7176510269851) 7
(385.356963187543,71.29806546993834) 6
(51.59252952331528,437.04079607986637) 5
(39.09709869602973,290.7449053124589) 25
(827.4822709999617,420.2569790770876) 3
(47.917245709915846,906.6679618838333) 20
(422.84904448303905,529.4129875355942) 19
(913.3642754176315,346.67977636834667) 2
(335.9899777604968,111.5835176253307) 11
(526.6159336804274,407.6215045352285) 29
(241.13137512953264,44.19461598382291) 23
(283.41147916910245,579.2643300346826) 13
(271.96150151975496,688.0684813470236) 8
(42.55859988629651,176.27838951719554) 27
(552.554213572035,232.31819707292877) 15
(191.18083937051566,317.36051681684387) 15
(991.6978635259519,79.43271355487246) 23
(846.120227195891,744.3091057778934) 27
(553.1271967622187,271.0709573510104) 20
(186.44754204273272,296.8166705343166) 11
(615.1061729411657,547.8829818803594) 20
(17.50102819332988,176.3844877052283) 29
(389.34255288300267,342.05287894521916) 26
(793.7926000716747,657.8002120722402) 25
(820.7792087829814,558.4846565680242) 21
(515.6467259334431,778.8857361133314) 2
(545.9372540486053,911.5384000395649) 6
(850.0446045864339,522.7450453083911) 9
(296.51236555668027,21.253084245653863) 29
(990.0405288081686,765.1011638769039) 24
(974.4899614452057,214.91334948194452) 15
(63.097850887357865,779.797234626938) 16
(298.37996984770786,114.1257670017125) 18
(789.010345348126,782.0953383276508) 17
(706.3725698807456,537.0289632659922) 7
(679.6353522146871,584.9762115479012) 8
(484.9466949161253,144.72378917217532) 16
(390.36735037072754,121.1096881141983) 25
(18.764799218421444,952.1506305437432) 30
(948.1355673291825,272.5085588649927) 24
(724.9667995610212,839.390721159949) 22
(216.17461834120465,837.9567186992535) 26
(660.5229123829408,688.3362600022551) 14
(513.7150526148838,294.45850022375373) 6
(986.0142190882318,810.4138880182575) 10
(157.3665976338563,202.6591364038661) 18
(192.58099555882623,503.2378825607413) 23
(700.5934658860551,490.66572978411494) 19
(284.7515764451097,218.44874716074702) 11
(535.0648176520994,280.4439548144417) 5
(456.77960749108945,2.43207189718031) 24
(375.969735006058,286.81116327408563) 4
(983.1694269826936,738.5888531760751) 18
(598.7559737270146,917.4315950510436) 23
(666.4846730040917,338.89450163442046) 13
(967.101583316924,847.5179389480039) 14
(459.60993029431427,236.8739088829499) 26
(186.14831902579522,776.0985919769305) 3
(567.7226682972838,29.116109163443316) 5
(845.7461882656385,218.9996107471749) 14
(913.7998806596813,280.23961987331967) 15
(925.3214377451537,539.9649264637904) 5
(602.5723743673512,784.6399287527555) 17
(123.32690739630469,857.519326318281) 21
(351.27453335837134,350.0877159371276) 9
(726.0631030748026,471.1134765357231) 5
(698.0640070548385,429.3081468064889) 30
(762.3306544191188,26.808411110373463) 20
(87.33479509436116,395.6508907111049) 25
(3.908948366390108,933.8562096840986) 5
(200.09731975185608,907.0886553530166) 8
(995.5260570655113,202.69016612029344) 13
(544.0572707024779,756.6510974575993) 28
(28.802586059749945,146.06073068890768) 18
(160.21514332155596,152.9569367018144) 29
(165.46988271740227,749.3733696141866) 20
(681.3538672297489,846.1320825414363) 27
(605.6227670488137,531.4505856931913) 30
(653.1581006572983,175.13284527975625) 1
(322.5479241816651,854.8599799563694) 27
(223.7311989291716,685.8702123317845) 19
(937.62210897883,152.65722756857326) 23
(650.4790428975143,929.0549233809755) 18
(736.4674879161452,987.7960344592535) 18
(670.2284686696632,544.3330581780433) 11
(882.2403586405027,365.6123544285922) 14
(178.63817021286832,642.2430240828804) 9
(990.9652296938636,16.695369108314374) 6
(580.5254000446735,479.4247212035595) 16
(834.5804546708137,400.9388703569501) 2
(71.04119150017907,300.31087651700517) 29
(679.2451367423372,884.6659380298646) 1
(612.7614174383751,941.6052803653926) 16
(366.8306611031857,258.2347438106678) 23
(981.9164289435937,714.8006497198932) 2
(12.617141007961852,354.58710592933807) 22
(108.37763538381084,181.8757328314379) 28
(552.7121091058459,200.74582618432203) 17
(207.3173443003684,737.2392268239246) 16
(553.992499856696,174.84014674941838) 13
(45.21594510220306,552.1821740609867) 17
(599.5145740265967,150.23463261593307) 18
(337.5771769915302,263.6126631400296) 29
(501.63657399792186,744.28474816148) 10
(507.61605820966605,483.63009499379996) 8
(299.6197506699557,485.5802727003483) 15
(788.3158303337019,994.7726625717316) 6
(914.2971955571983,583.6635347334062) 16
(605.1194039480217,284.63925876434536) 23
(769.4603729690349,936.9357563194018) 5
(835.0207189658076,453.6362495618249) 10
(647.1687844164045,408.76335287981146) 4
(431.33370998642107,189.5766600572245) 9
(790.5415775451335,446.13434284344146) 13
(690.6067136786777,663.9280218169728) 4
(377.2883948240968,56.6087196852062) 10
(905.4919589444477,630.7079104549863) 19
(141.07735410314348,467.285372915349) 29
(877.2885990375244,890.9463688336982) 30
(155.81381575912866,226.17319848598473) 21
(127.14280922669762,816.0635302475607) 30
(338.62495936325985,375.47442124769015) 2
(81.52564084096758,217.04507458991907) 9
(585.4651724900478,648.58879960115) 10
(480.9278757914927,602.1869685194209) 4
(205.12993710220562,472.15518737547137) 27
(155.96719914152735,309.8864543259866) 5
(356.81860851793266,526.6606592450988) 12
(994.9128391971169,606.4844993613258) 23
(718.9403310838475,462.5126346434514) 14
(471.16255560578026,485.25050795298887) 7
(367.5620730793865,997.0951729786871) 17
(884.8157970305407,784.2563068603049) 2
(851.0696473293938,633.7772879678005) 17
(117.1267612081468,526.3583553036178) 21
(110.22562769723476,210.82103730106138) 11
(205.45559360734512,388.84342758611336) 23
(17.97145859922655,589.7916748841299) 21
(676.597231102517,636.6545815093065) 10
(673.8883319347382,849.590629086944) 6
(420.4623895364128,821.7022810676526) 5
(666.5770148592719,543.7090435111356) 8
(410.064336358823,519.1806727798047) 15
(210.10283976414357,853.9397867476567) 12
(734.0327180212374,441.0601503794853) 9
(168.2727748793572,710.283819884862) 12
(924.3035174700289,663.0643077258813) 6
(840.377082248091,291.95746699921153) 24
(219.20066354912993,697.2531253831069) 30
(878.2638211298147,658.2448976441211) 4
(238.77502187148315,645.3847301066791) 8
(944.8346333845866,562.6584646572649) 3
(610.6787524353451,513.0450699183384) 21
(374.3276773099755,594.9384573174958) 11
(119.16434119715957,930.4859584670503) 10
(652.7982738460008,234.93692317285496) 28
(875.5350013258839,621.2614969703504) 3
