1000 1000
30
(0,0)
23 80
200
(787.9146757729195,441.3726370677821) 18
(779.11354837185,281.5998593195975) 8
(242.9078462562734,386.3706995384112) 13
(708.8958207781106,561.4158129067997) 19
(774.3351310699755,452.9545677631146) 21
(319.61009965570173,630.9976323323384) 12
(18.43580671179734,680.2621898872965) 7
(335.47189127697874,515.3772510479098) 24
(817.0918857066408,527.555028662644) 16
(997.5951615039281,156.55565233247393) 13
(962.6068156508138,407.47929510355453) 20
(936.2684375533078,191.98492970665538) 11
(782.9560212560608,964.9145003878043) 28
(433.42678178519265,213.44629070824584) 3
(495.7891719680314,905.1679592739549) 21
(896.3415963066169,595.5774454290894) 18
(639.1505195863533,746.9266841127397) 9
(367.18087478199845,348.67211543848475) 27
(302.2974157418825,207.1920700010894) 22
(840.4133202580782,543.6087288990693) 3
(953.244180441477,550.1704511802438) 7
(492.30782360527036,981.9759423181227) 28
(128.21722314790185,692.5120167199668) 13
(719.1183522676116,620.2826778683803) 1
(829.5956310986978,781.1277346778654) 19
(353.2416142848117,504.66161224187744) 25
(252.80242049731882,293.24506692561283) 14
(53.076045694309016,189.36726843126795) 25
(182.75235935965063,468.61783200098273) 21
(71.24674630279327,329.3550386477999) 12
(334.34038306284106,583.185569445375) 6
(298.8602409352441,157.41834587459414) 17
(993.1222015219697,679.7329077704146) 20
(675.6660332785829,785.0537338766064) 26
(90.93714189004653,121.9916731484434) 18
(98.38786596962356,136.06821130241985) 23
(7.862206217824075,579.5113687826085) 2
(891.1916290148218,871.0338720651876) 4
(126.88292245942546,309.48373305053036) 2
(774.3371446787465,548.1108103499214) 24
(501.05757031975605,974.9066422114141) 19
(452.3095937134325,400.07311770001263) 24
(129.17346785838257,942.7918683298997) 24
(118.08631862736141,376.20463666508175) 15
(934.7383158333871,729.4157961106494) 19
(523.072519199177,532.5897457896195) 12
(9.394299582817567,164.83896337564275) 25
(14.334809325672992,214.3462499453229) 18
(61.345980001443536,467.91739781840926) 29
(132.45093912799632,231.2913830528095) 9
(491.29512403013877,129.54398957833425) 3
(530.8791720023512,292.07021630696363) 2
(739.286843139731,287.6924071875534) 13
(59.08282888815308,154.2621535994151) 10
(70.60270282279546,636.2091396956683) 17
(159.95370532123488,728.462752214602) 16
(137.25907554016348,399.2907354191577) 23
(985.1188733351721,905.9762374037903) 12
(769.6218858094433,186.51588869530022) 4
(976.5872755006526,710.1689027441415) 30
(681.0972697480375,666.8618624459388) 26
(218.9367445854823,760.5288429163825) 18
(719.5256954931799,410.0184407356452) 17
(322.3355480940967,244.92764518657495) 28
(873.4502174760918,269.93741875270604) 12
(381.22134052059965,945.1180525885998) 4
(294.56569911694163,281.27823346719083) 7
(676.753767145035,850.8581722202907) 16
(152.90556378197007,858.5102435855803) 22
(639.2093229806075,55.35124567867089) 17
(922.0069821278541,87.66669041195951) 26
(483.4726424959137,29.10226482010847) 15
(571.4841295283137,10.961847582611872) 16
(429.0711980288234,488.6411642167636) 2
(40.645383708956764,258.31818055102707) 17
(315.89199750051597,312.76900650911034) 28
(596.5976351154169,248.35651877010469) 14
(190.09163988504773,855.8590226546326) 30
(648.1506121690031,789.3206396402004) 18
(180.2740411119902,505.4060216984726) 10
(884.2138428172235,726.4866471432688) 26
(492.32330668571456,13.0160829473297) 25
(429.9373791038578,802.8189206194826) 24
(207.65266881098952,88.08082002685002) 21
(122.16890081256027,150.90858392177242) 8
(226.37300068610077,592.4670132960149) 4
(728.7758765760556,719.019438092942) 2
(142.55213171781222,924.2573284853713) 18
(15.075791075470303,163.94534575366083) 24
(268.9986711767387,232.22203204682978) 23
(60.57077106763187,502.48127559152977) 28
(284.05879127295617,216.67537063960162) 20
(490.97703133123014,5.906405903493339) 17
(160.67976698214247,860.045879601446) 8
(189.99696129351918,342.90635771700727) 20
(50.79996579786861,471.8392036413801) 15
(736.4016644081807,745.2063915545599) 11
(297.37816597080325,841.5757407995706) 10
(619.9234448569911,508.0654272326679) 17
(412.40782085449814,474.62476880783476) 1
(550.3447148607521,388.3138708045328) 2
(261.57495346209635,645.8916138186569) 1
(593.3431024003556,474.3242772059714) 13
(14.309097109813319,741.0099966131135) 9
(547.6889342379613,793.860794746409) 10
(219.6215998365384,373.3828138385427) 28
(987.9571079024788,18.46081162261126) 28
(261.90598482246276,203.24573868514307) 6
(374.85442482118094,684.8989562704984) 15
(46.88034936412255,984.3598430036955) 12
(102.68770642241432,28.881749504722332) 15
(834.0657210596659,2.609472218668585) 25
(991.626363207979,283.1877997080595) 2
(714.0687293552812,718.5365109231946) 7
(205.37554356062037,574.075983397777) 13
(819.3903676772652,910.8976974081305) 28
(28.57797639952009,889.2619085035253) 26
(837.0684771722244,864.6843757665434) 15
(341.27672960858024,671.4058053721767) 17
(289.84073162368605,287.9294082413467) 17
(223.3365928318941,241.58697274865747) 4
(940.7919829365901,504.4748033401445) 15
(582.6662404861664,817.6307595275275) 18
(999.4950236968033,523.5513288184849) 20
(272.4602446923473,757.6594661924479) 20
(165.4476712979074,55.81246741400469) 22
(184.16700955686593,589.8076886879098) 8
(9.169263039315423,20.31612619433798) 5
(934.9238652303519,516.9820061916786) 13
(363.9474004347903,625.7823128408846) 25
(603.1544128059095,847.4241161797944) 7
(991.7187821994332,671.4818444442996) 27
(820.146312813108,955.1748217523711) 19
(405.72238783070327,801.4913810316771) 18
(59.81817347699647,442.69920706365775) 8
(574.5656059580297,655.2376238219591) 4
(577.662386929836,668.1899119694162) 4
(873.7678875381345,190.404903414642) 27
(510.567357309773,345.31616624378614) 8
(688.250172984933,814.6219271573201) 19
(7.118349969533533,831.6473756867938) 22
(932.3472221852545,705.349718912969) 26
(918.7696249841538,918.0867411529885) 30
(178.31829370829044,108.84223896427858) 6
(270.19528245129163,894.74929181064) 2
(284.4625978841808,521.9221133551628) 7
(85.60761395538164,993.1990203005137) 28
(598.8766723194444,559.9425483259892) 22
(459.3751219156803,473.33446145718284) 29
(749.4255649019436,659.7279148973903) 15
(950.9394059265778,516.1909782495105) 4
(649.1217650877891,209.57097551471182) 12
(433.01050074059333,166.10332915389625) 13
(81.93891333332026,221.34568018781098) 6
(448.07603726769685,545.8862830729452) 3
(529.6446325701123,318.55339344055386) 1
(821.4112708700422,537.1650002856722) 14
(248.36427671479387,431.57628526680537) 3
(73.16154767343718,161.93645829809168) 24
(526.9139848650908,219.7893071875966) 6
(323.8623947604208,185.12938117410638) 14
(289.0378727858385,384.59560755440714) 14
(402.41922965401653,527.5286323527625) 4
(420.173488514532,594.9802031314313) 27
(700.4055215483427,709.3948791107754) 26
(254.48687564196436,621.6399256526599) 9
(160.34660588713467,414.2906893908926) 17
(184.14025110915532,868.7189720877351) 27
(272.95996914709906,218.17137316089773) 19
(453.6362911670112,828.0139840075343) 29
(40.896132751086725,307.8977677038984) 14
(562.9995038801703,575.2352080730601) 14
(818.749716126068,828.79250529951) 27
(614.9444486363324,399.87731720312405) 4
(232.3885677242289,431.431990964097) 19
(1.071976713064915,818.4205332993575) 22
(834.707168052345,900.8953718149776) 19
(935.7449420203765,663.2399083702082) 22
(369.63295120803895,404.9740157735331) 15
(437.14147498814526,770.6937354569362) 14
(959.6075448439543,708.3605802630291) 20
(83.67317082273318,524.466556375394) 15
(247.9280255828128,613.8564298806791) 16
(973.2537900614293,108.73257466520015) 25
(466.4639297215825,76.0411788346903) 7
(911.742270240188,850.0237341319549) 15
(240.80220336112257,559.2903064773471) 8
(373.0953491207186,849.7602875124943) 13
(266.7929204069136,571.1024237159093) 4
(900.7917668766141,157.23163849155264) 13
(151.19991270540078,173.8799596420466) 30
(324.49723257722997,957.2629208860837) 27
(336.05825216876593,826.6161757833823) 18
(710.1111485256662,984.2364748991644) 3
(992.9020409935296,712.1659030401399) 24
(739.7000105844384,187.24161846385135) 2
(39.370148380725276,822.354063109337) 16
(570.7963395315935,486.0180790812871) 29
(154.14818804056273,593.2520105808413) 14
(594.0575721644119,307.08168508175413) 21
