1000 1000
10
(0,0)
23 80
200
(0,460.16857266912814) 4
(746.6947754539791,404.2977852459395) 4
(381.232925383494,525.916384327538) 4
(0,437.2973671580058) 6
(481.75589649932164,16.236695938613366) 2
(834.6267020978119,584.4939137551203) 1
(1000,0) 3
(61.30608878327536,94.66132913667781) 5
(510.8294927908517,388.1402323026501) 3
(401.9929284230205,640.9271116633535) 5
(618.407376678101,540.3990050948668) 5
(663.8099762167327,388.60403669180346) 9
(315.530303032098,516.8662186189516) 6
(779.0224907366248,535.3870442519975) 6
(429.031476340127,569.7440417838735) 4
(780.7476510705721,1000) 5
(480.21149006888027,317.4215288019635) 3
(521.0467075489289,259.87495876909844) 7
(66.62807006606681,298.33074675383085) 2
(471.02164261174624,782.4988769418466) 1
(0,124.16515537678993) 4
(0,91.90092828225346) 9
(210.62844820409265,262.16941706287423) 4
(342.9109454128296,717.0146698155297) 1
(501.1733100024425,245.4977817503962) 1
(203.09116716928958,926.9042647149844) 1
(507.4937361639709,225.4283589377673) 5
(310.9175952314141,715.1493279092858) 4
(503.33253178890754,283.56111610969623) 3
(454.50567244701386,233.76122187907862) 1
(376.1266632479462,161.34567226694134) 4
(494.0269123148802,751.9352483011806) 1
(307.75654225488114,476.67498507438233) 1
(524.8451849825276,497.89023876118637) 7
(569.1770831632543,106.38960009595462) 7
(67.68361857843212,437.5348134028957) 3
(237.77308313286022,828.5280267636598) 4
(366.3990469140001,445.6878255008304) 2
(450.2525247577438,633.4955945184563) 6
(1000,513.2163494088992) 2
(619.8194831196655,327.28301465859835) 8
(607.1838373847221,369.45754665658757) 6
(574.8037390439863,689.0080386654308) 4
(494.75667317141006,813.4811264478664) 3
(314.66363589941193,611.3689798801199) 4
(655.8627150587718,1000) 3
(594.8162850951039,439.75254938309155) 1
(0,520.6698033197785) 6
(832.9738336946095,70.01133716006473) 1
(644.5359145134801,81.99419180523154) 1
(33.72220842560705,687.5679126476548) 1
(966.7718302735935,299.8483860312294) 8
(431.14819683004805,603.9285689984277) 2
(463.8972679880353,721.5325368056494) 1
(685.9415101975617,244.56015101169817) 10
(0,292.7759937954754) 1
(1000,546.580837139947) 3
(603.5558963367819,218.87958376868255) 3
(651.0843882398528,469.3988411435075) 5
(1000,1000) 4
(0,630.8436546769092) 2
(531.1552289724676,236.59280219646888) 4
(573.2411955100548,552.9580913552015) 5
(427.69713504109814,827.531939734243) 6
(422.2531951897971,794.241856131021) 5
(312.1759478575499,335.8647414432843) 5
(783.371143447449,262.89518020243224) 4
(428.48442312278473,925.8311397510348) 1
(522.7879486477611,900.8861528670368) 7
(908.3372697685554,800.9482402957847) 1
(542.0321290450781,467.8410428037784) 8
(0,388.04828803309744) 10
(138.70718283467636,808.5243888077147) 2
(504.6156501625289,814.7846901649298) 9
(527.06048046818,651.370017397542) 7
(470.61322636653284,758.3814704236003) 2
(123.73484755753566,0) 7
(439.5641140837218,405.32764454135275) 3
(411.8698146420105,667.1698673898591) 5
(406.7130963072319,315.0886143036555) 4
(683.394568009601,626.1212376251333) 4
(442.8146598579509,574.086759741572) 6
(601.4415463678947,323.08414106220596) 3
(215.17517425096582,954.5316455654413) 8
(304.89515454218736,435.2663118470508) 8
(197.95863724727047,501.81407582440306) 7
(446.4383994114483,407.6381252877403) 10
(237.92240449905518,0) 1
(293.0614712555689,939.8090589656892) 4
(480.6819190826795,493.6141461206461) 8
(651.7667495051481,0) 1
(421.40872536472756,616.2488438814742) 5
(504.94989689285245,780.4182891591502) 10
(36.28178074463,68.97665374379778) 8
(690.1130928543181,242.605689303036) 5
(1000,105.5278666052501) 6
(654.4363853507023,932.5889613725669) 1
(430.8248497276657,1000) 1
(542.7654100488593,200.31881933275997) 3
(256.47795917329415,605.6559419202215) 6
(401.6021689361522,579.6075438588982) 1
(605.5292640169027,745.4701696988145) 6
(499.0934589795796,719.0434631471189) 7
(713.7926972604978,436.72350294831585) 7
(165.22161473923876,748.3295045890349) 7
(609.4606951960842,331.1168300411574) 3
(217.81969668183245,1000) 1
(219.9838549414224,302.1721769739138) 4
(989.3168200061909,699.7634713429245) 5
(149.27853671419018,1000) 10
(288.14991562618036,165.05492180545252) 6
(822.0783554284524,245.4344101481785) 7
(154.52156120454453,0) 10
(1000,81.25478686128645) 3
(1000,491.301284249411) 8
(0,356.9514757811271) 3
(85.57255263812431,728.4790591445637) 4
(414.0135375285595,115.64333133838846) 6
(546.6904779822528,583.7162955169281) 2
(400.560060228156,586.7198825099803) 6
(479.8570621653714,468.1498727939011) 6
(0,572.6099299022843) 1
(345.4408498389455,350.94386794961355) 10
(196.0028755710316,770.5771360099059) 1
(0,931.9555134466259) 6
(530.2393497206083,428.2558257577509) 4
(1000,274.55923722684804) 1
(868.6789682216743,1000) 1
(624.843857672521,0) 1
(0,771.5898123416209) 4
(969.3535633810852,449.30166924378534) 10
(543.7492700927394,342.68047534184296) 6
(0,480.48926993932275) 1
(0,648.9367494860285) 1
(1000,447.8323002209786) 8
(773.2478754252174,0) 7
(7.246141515759689,447.74927580876965) 7
(1000,622.2418112312416) 2
(633.5364081311396,463.4966125606661) 3
(486.84334604318855,540.7335411548597) 4
(726.7385622345923,209.81689189681902) 7
(861.88685343829,540.1806599279541) 3
(36.806168693162306,456.282205638126) 1
(1000,808.4472267589706) 4
(971.6441448192307,470.03094191288073) 2
(921.6576631765613,283.1526465186614) 3
(525.6235303203503,912.1399450866694) 3
(79.78849966168531,371.2899674015326) 6
(691.9242123516834,193.75373140322802) 3
(1000,990.9413989819395) 6
(833.6178966166528,377.6536580739436) 7
(837.2202940481228,490.1868364269497) 1
(215.17573162944478,710.610191954131) 7
(434.1851800070756,195.68728076321077) 4
(1000,575.9592876166868) 1
(661.7456027675805,0) 3
(758.210291893613,327.7185036150994) 4
(203.95949021690274,876.5744220973602) 3
(477.59688498036445,0.730968402467397) 5
(230.55870927745315,775.9636057923506) 1
(138.57803599905594,141.03835408180709) 6
(689.5332605358418,681.086176285846) 9
(330.13387596696384,784.3590284942934) 5
(304.1468994677499,129.96753298607655) 4
(970.814122628386,332.84953813844083) 6
(355.72573704330784,323.20634202997286) 2
(320.11349219443196,371.8386564963525) 7
(242.56567434388853,164.41865737521226) 9
(279.814825881474,440.07458158786716) 5
(673.7686878604668,599.3522137693026) 1
(525.1384158198837,341.1591824518848) 2
(419.90193409118956,967.1778537723601) 1
(0,383.09637183808104) 1
(220.1998280605809,659.6625513023087) 3
(803.0516759695884,190.76927914317088) 4
(612.8547774982665,752.3337790386829) 1
(656.1225214897144,16.695482930614048) 5
(391.5699400251848,753.8494541065867) 2
(988.9607393616166,591.4649914587105) 7
(685.6487666190985,242.42442509724947) 9
(19.4372974752211,250.27247861674988) 9
(526.640184759198,304.32860536482144) 4
(1000,653.3579280012494) 2
(678.6316046729434,416.4968211188453) 1
(638.8938737919108,0) 7
(657.8502179817191,667.4318095758259) 3
(60.34979472074076,93.4598192379114) 10
(584.0282813363299,25.870271253747035) 1
(313.2610981863171,1000) 4
(795.9859293771165,701.3533565654487) 3
(1000,687.1277021494907) 7
(52.0053579532788,956.0990166872782) 1
(415.1049436585771,823.5318241697926) 9
(558.7312218069382,506.22158589571245) 6
(936.1546423382817,868.8651426388953) 10
(942.5375927663529,753.7477913717988) 4
(107.58142977112806,683.8253215351218) 5
(335.68090181778416,673.952616894134) 6
(415.6563962624703,861.4032972114767) 4
(804.8515388350863,0) 7
