1000 1000
10
(0,0)
23 80
200
(38.77115064981581,44.8651542686564) 3
(137.5665292306033,354.14879075461295) 4
(0,869.3226280010676) 7
(491.13451500453823,938.6191365660356) 8
(485.9513498501217,969.9651704121343) 2
(276.29222714656987,685.3980038259022) 2
(556.6778574251888,1000) 10
(866.0253163555367,463.9671289375378) 8
(888.578384435835,741.3061920766975) 4
(531.2237255427697,537.232029256368) 10
(445.00682048394634,271.21792135239275) 6
(441.01124678826307,270.7288670010556) 5
(77.65650707570063,109.46840332035259) 4
(540.0379013035596,643.0255995446365) 6
(454.0316808805802,454.39421736530164) 8
(1000,408.5351911386149) 7
(795.2139429374338,568.4674333017911) 5
(410.4400658365157,431.75435032416493) 7
(979.2071252647954,817.1279276239168) 6
(635.3044384053271,418.93948464937864) 3
(613.3513948395084,120.95866473672885) 2
(0,497.85384418265784) 1
(372.2100577533656,457.871415290752) 9
(728.7413608061698,1000) 9
(323.7211658238213,334.6803368153105) 2
(240.9947335281966,574.5366463921728) 2
(648.7229934040649,1000) 1
(755.3391711225847,0) 6
(32.447269998424815,547.4407088750412) 5
(767.690320786056,450.09216651021995) 5
(427.8533677198417,523.389557952656) 1
(578.2938487080165,1000) 1
(478.57493403452145,616.3830472396057) 6
(886.228516438295,246.51679766820294) 2
(362.58925113088156,0) 2
(649.9871571142196,385.85146725155795) 2
(253.4065980155249,892.8568642907413) 1
(945.6555582552905,740.2202302687062) 5
(231.66604961063564,569.1711794870223) 1
(935.0109074794457,454.7824714840372) 5
(215.9634314410631,202.8306711819692) 5
(207.1922410272325,1000) 7
(245.15452677943725,460.4079554417351) 3
(200.74664463754334,1000) 5
(562.0766963328039,560.2031470008469) 1
(349.6062677214616,849.1485291718383) 4
(344.66969262706255,438.02283393397664) 2
(975.724173686171,622.4039723214713) 4
(641.951663832103,706.446637507467) 1
(261.88662735760397,1000) 5
(0,798.9508930750997) 4
(441.4649430274894,404.8025616011065) 1
(46.701801421107746,534.9510819457039) 10
(850.6230313956898,545.7588990698083) 3
(475.6126869290266,586.4922109423054) 1
(104.97249062497997,843.4614301003012) 4
(265.8148642285332,400.54306012742217) 1
(540.4196819118265,799.6898682182973) 3
(319.55385740142174,604.0240702811868) 1
(868.9955754530059,231.4879155725144) 2
(66.16080339624858,944.4933292379892) 2
(740.495691192157,111.49189513510902) 3
(508.01735168639897,0) 8
(472.03282939566014,416.67397953448517) 6
(639.8177200961394,172.128412112997) 5
(639.1710615396271,151.1810804590986) 3
(988.2396321910048,830.1528175092999) 6
(775.7249144094259,1000) 9
(620.6568600092864,0) 1
(447.5571087425689,429.16552346373817) 6
(185.51641798265757,338.5537247835876) 6
(570.1929608839354,227.31122372113185) 1
(449.6859260964264,611.6145359587032) 5
(40.656337573542146,304.77581192119465) 7
(655.9908511944733,596.8273190256613) 1
(944.8979174516592,436.69310814730767) 6
(1000,311.7822133240585) 4
(752.1067268647494,427.91839872922475) 3
(884.4094833820201,157.70104849787634) 10
(464.62002911913646,0) 6
(249.88670331206995,1000) 2
(442.99470751737203,451.44176605307763) 8
(0,0) 1
(505.0930669042818,854.0562629333297) 4
(518.6557944421498,961.796900624574) 1
(302.0439266896712,494.1594327626894) 1
(498.27864067476787,618.9234955838011) 3
(530.6375097221187,680.1475832163294) 9
(929.2036066655844,872.0852450304887) 5
(448.3891012365247,392.5694010145213) 1
(729.057481982844,376.01562281348447) 7
(417.6617978204056,248.8789595446209) 3
(166.54399182381684,605.9063251269622) 5
(320.532817609886,310.7590824467026) 4
(219.2466185006029,674.6346770515986) 10
(554.135042834199,12.77683434009441) 6
(591.1032752223766,0) 6
(439.1406836501426,299.4595821584164) 4
(290.3234729307,204.0899945475494) 4
(601.6221320928862,404.36739028089653) 3
(496.9605068647751,0) 5
(633.8702543876047,813.9351115551837) 4
(0,363.62988683554215) 3
(260.7861789825878,232.9822525932899) 1
(464.8611778467239,576.577998935534) 3
(816.6962945134404,664.0514477307095) 5
(418.5501820232584,311.3541766559731) 5
(151.1805373377199,551.9433898023702) 5
(887.0379754008654,1000) 5
(1000,1000) 4
(652.1882756434679,441.8803805454998) 7
(1000,595.6660197507598) 6
(118.4740563789785,171.26143380455147) 4
(1000,137.58662131501086) 4
(0,517.105138681635) 4
(513.7583603335046,337.11907236628304) 6
(941.6340842695588,614.2850313245992) 2
(865.8680213003751,484.8183847784131) 9
(1000,576.5435627776043) 1
(716.3168753901613,562.8886032755128) 3
(764.6803294807297,101.10935005853179) 1
(377.8583152273762,202.1759804805056) 2
(367.0753307197333,595.2278919454213) 10
(806.8288215459762,387.69495830220364) 1
(524.911259653023,195.42413119682334) 1
(0,115.87749500346331) 3
(0,220.13517168089976) 1
(511.0875055693671,671.5529396601164) 3
(352.54390941605845,266.1618815615067) 7
(662.4182737023714,781.1663223449068) 7
(0,609.0841264982593) 1
(359.3348134917916,664.8346918334114) 5
(755.2849893361713,240.40028939460979) 9
(689.5161667766247,312.2944267709842) 8
(720.7108889908661,711.8394890854664) 10
(846.1279039172143,475.3515381106474) 2
(351.2612460691665,601.4919590581718) 5
(0,902.9025444461461) 5
(848.0521609904877,1000) 1
(657.1076458485255,884.9948063897998) 9
(747.8539492024067,486.8038221672467) 8
(470.5411150802803,244.06321165012983) 4
(51.32519369880441,683.9274924525405) 5
(210.01769856742652,713.472695411894) 7
(11.050733952396513,247.79808628408594) 1
(247.31732866190853,632.7172249017689) 9
(637.2471525024087,636.611891046854) 10
(793.2136649447118,547.324742066663) 8
(759.2685335858041,290.559997274275) 5
(485.39475660829464,812.9040527695643) 5
(264.44297251627245,132.7366112057881) 7
(540.6521930225316,441.16582750732994) 10
(316.40254952010343,1000) 6
(303.0562346480696,52.89156303549464) 7
(334.76476260514426,924.5543551627632) 1
(215.2058547351569,127.23657923659283) 3
(838.9695490218428,585.2824028453538) 3
(514.4404406820627,1000) 5
(437.1734104322747,542.572518532803) 4
(703.8420046783571,495.7885675011968) 2
(935.3249725123453,1000) 6
(488.2757897403772,1000) 4
(0,810.0956530903645) 6
(457.5506394648318,527.6818262434174) 6
(266.85835752333287,926.7924083811752) 5
(179.11136087633622,902.3086050007216) 5
(822.780755042252,0) 1
(420.02013932505935,271.0451625714645) 3
(800.374205059365,142.34099984572185) 3
(467.5953329976352,398.96765033525895) 3
(560.9592640308952,148.11438621253006) 8
(436.2994997450871,390.9794013866648) 5
(672.4939793573908,795.050946064486) 6
(0,707.2685193391669) 6
(533.9198264299731,215.7110825262351) 2
(120.87249235650688,314.79671936521584) 4
(759.9412718229962,676.2437658924089) 8
(616.3189005963179,480.78176487389794) 1
(131.47441606823895,541.3292827206927) 2
(587.3574139014777,292.0808594439403) 6
(435.77459738931367,979.2753220801313) 3
(0,628.1104704740516) 3
(524.8533327576083,441.3673707149526) 3
(426.93389527236945,767.7520754977841) 4
(964.5336085568131,914.0565064489917) 1
(230.57803368098854,388.3693479613766) 4
(0,881.1350262037757) 6
(1000,786.8750105487342) 5
(272.8166626161461,612.5600063783626) 7
(135.12305462770922,500.3867730300303) 6
(1000,60.1435668841541) 6
(239.07003309416393,147.14985481557454) 1
(1000,538.7165645199174) 8
(640.9317418596937,114.6110424516632) 10
(768.9079857479813,601.5884428529457) 2
(950.2689686405736,29.414895543336513) 5
(75.40186879343742,1000) 9
(335.5558165035812,382.5060087092861) 8
(324.94394692818344,611.8219870271505) 7
(77.04886647397103,52.08920318153787) 6
