1000 1000
10
(0,0)
23 80
200
(484.806353348566,999.2112114082024) 10
(89.87967625938381,158.3821525274751) 6
(167.5987794272893,780.378493700744) 5
(651.4909052448563,1000) 9
(379.86619854624263,955.2161980287726) 8
(0,473.2070051336984) 1
(446.3285880661233,681.9265826544465) 7
(335.5123566221049,715.5319746825332) 6
(234.43424090334673,84.54711871206945) 7
(547.8413085170523,425.6865640798247) 1
(480.68945641172394,738.5444926298019) 8
(607.5146465015395,353.41276013407776) 2
(449.8897322118217,0) 2
(879.9638129112519,349.4017840820178) 4
(837.4237809184172,74.33023878684685) 6
(662.7563937604929,18.092936007840137) 5
(261.89484819539155,479.542215915256) 1
(956.5175679761073,834.6915477327741) 6
(122.07238265886093,499.88946851718356) 1
(452.48580959183573,642.7878467608491) 5
(432.7373876534963,125.62734427424465) 3
(282.0471009520348,713.0216112092514) 1
(563.4346169730544,828.5537007902255) 5
(733.3544120083405,159.48617465375554) 8
(952.9548533478733,670.6578381794576) 4
(367.7216066919867,911.3318736398637) 1
(162.65675689238492,496.5856349894501) 4
(348.6530624842683,23.68831345204427) 3
(720.469431736585,922.6355775094939) 1
(374.5069962005731,603.466362630814) 6
(26.125886429698937,1000) 6
(434.24942620002474,741.7963237780828) 5
(809.7067174930135,221.84533141677753) 1
(824.5479726585381,370.8828627989249) 10
(559.8110361407573,112.02020754227931) 2
(50.59381081491529,950.7132175762081) 3
(223.55206339713953,612.3074168989024) 7
(733.4596955332131,467.96194541533356) 10
(92.3257174045873,186.35135442603047) 6
(1000,898.7759209422471) 1
(299.2912332460059,329.2637995247311) 8
(362.0681353709151,499.5147470848014) 3
(505.78392243279336,332.7936724072341) 2
(622.9618922587952,319.61043455971515) 10
(874.3151942509346,664.1080166928501) 5
(442.48599486745854,1000) 1
(408.92961070366357,0) 8
(1000,0) 3
(712.9501030896892,657.85721578802) 7
(584.204495883738,967.6875283332747) 1
(173.9348819648418,367.933278395506) 9
(107.05101923995284,640.2275525240766) 1
(29.660303036813787,34.26765931146821) 2
(352.63520615900313,469.9747969808995) 9
(1000,535.9571862543127) 3
(586.0742874433952,358.9572294491289) 1
(0,471.1777437599006) 1
(539.9083967607945,362.02897672049045) 4
(71.08378532905124,310.09114392233846) 5
(242.89988971118174,513.6024075228629) 7
(462.94542305974267,463.52017495351026) 7
(641.1797272476094,442.3412513983224) 8
(1000,422.8439574377687) 4
(521.50794879238,474.5381423144913) 5
(616.8853528602212,632.419975787233) 7
(527.7387650449089,327.10478837105677) 3
(329.40971635994174,776.1478561556827) 3
(591.9373889558435,212.25937333316455) 6
(497.8455059134288,801.0478869365086) 8
(196.2595525889621,1000) 10
(941.7886621314974,751.851174672061) 7
(831.6140167767401,273.92184798422585) 6
(0,598.3266641205396) 3
(388.63359766046847,550.8351357410031) 1
(565.7813869946356,461.2188771703129) 7
(602.1181878727657,0) 6
(1000,425.8700935135046) 6
(0,1000) 5
(27.60835040428009,147.34651233720382) 4
(663.8542792561157,319.7092134638094) 1
(0,567.1858862273152) 6
(377.73805564392734,219.72457432010555) 1
(962.0234824201552,293.56602104685567) 4
(926.1306221536325,497.4548435406498) 6
(779.9014967449614,671.0126527095625) 2
(361.03016102787797,413.11180442870227) 10
(753.3725495798415,616.5987117916153) 10
(629.306262725595,877.9857588419325) 6
(600.5445544825411,618.2161839879357) 1
(299.20633279925926,395.0850907057307) 10
(185.04705124219453,391.45761486057177) 10
(495.3415003228489,847.3712246319861) 7
(689.8646627594937,599.7442361073703) 7
(1000,465.1929547735102) 5
(431.6757861163044,947.3226728219272) 5
(443.0127125994641,333.5584676012994) 10
(0,0) 10
(375.5445068540479,426.164972990809) 4
(570.173124227061,130.36210130902327) 3
(170.67998166091877,590.1043803769877) 2
(274.15325864723377,526.4414184465544) 4
(1000,345.01849964059346) 1
(518.3738048036018,317.31291032846246) 1
(404.8491192185294,565.4523066252472) 2
(698.2264382370196,801.8531403421941) 7
(473.39196318677926,1000) 8
(1000,323.87140697234804) 1
(793.5272100440567,447.14696431100475) 6
(125.88630439780223,320.512799126075) 5
(482.5875412525311,571.9831968871138) 6
(655.0863451356455,896.0243109980761) 6
(0,125.0650058251428) 1
(679.1080168823922,428.60017307816685) 3
(548.3520938299724,536.801293741498) 6
(0,431.18219666949943) 3
(404.7712379911338,584.1970961994945) 3
(237.23637790079795,633.3481457648911) 5
(542.1018578889331,694.6246964523989) 4
(250.0885900948792,631.0726387939824) 1
(1000,794.4831924435634) 3
(111.04965906914333,377.80962826299555) 2
(619.7492796729659,0) 1
(430.8169807035404,290.19038197383594) 3
(675.7738706090207,0) 3
(339.9961963713914,0) 7
(0,48.97216004074528) 10
(119.49834239347541,859.4488670227622) 5
(149.56056294002934,631.0375394457861) 5
(705.2464987905776,518.4178808795979) 5
(386.25625423273124,619.3647405579553) 10
(466.2353767957379,631.5678050770971) 10
(519.3311462316103,292.40924347923806) 10
(535.6157044934522,264.84591160059585) 4
(971.053938132846,1000) 10
(7.61481582213537,746.5258785867165) 7
(988.3477166205676,755.9809167341089) 10
(352.7252827535648,775.3304477701611) 1
(429.8739561884235,793.8310728350039) 4
(47.19582741678545,520.8264971927142) 10
(42.95715745999729,924.4186283718071) 1
(1000,733.8488495729287) 6
(994.431329668584,597.1335528215131) 5
(844.8604872383918,28.749668567654908) 4
(224.0859812253796,967.9230797544922) 4
(204.98986862471764,150.12333140124457) 7
(882.3603079387074,596.7453498036429) 10
(563.4024086655122,555.3966307555386) 7
(1000,293.32948969146634) 7
(896.9991035196131,691.9010118824003) 7
(1000,789.9076262561266) 4
(1000,708.2840009546373) 4
(729.2042642398831,271.13036713535087) 2
(389.0718130242115,329.6448966336028) 5
(869.293609006327,145.4789132099744) 6
(490.9668670176901,0) 10
(1000,1000) 4
(293.26672315603525,593.7282460324815) 1
(688.3892810332402,29.28830516377559) 4
(298.4258195810413,560.5410115515247) 4
(301.94183528691224,391.9082451011348) 3
(1000,431.58828277939494) 3
(519.8648162298185,153.3865291540734) 3
(303.3665985129088,212.70196528005425) 4
(642.0284358590161,404.2640744658557) 6
(392.4860869360317,593.6825320392771) 8
(684.481078325864,238.6368547164139) 8
(750.5989333073661,663.5265257830017) 6
(141.96311753253428,523.3827215840433) 6
(304.54796414948464,75.66770611263098) 2
(554.1008513037103,579.8564727895871) 1
(734.150868194512,276.10584800889035) 2
(375.8669047084199,351.27488352007845) 9
(270.280810418799,820.0963854010222) 5
(188.5672960394524,540.6179851965298) 10
(1000,669.4635128396964) 3
(914.281399588865,436.7966510078962) 3
(1000,494.1032623512546) 7
(106.73867756937909,0) 3
(558.4917174028521,777.632835276299) 1
(435.6214832750015,454.6830393158737) 8
(464.0036788978725,279.9690846344984) 7
(866.4598409724784,361.82527819553917) 5
(628.835476834843,381.73874645987974) 6
(0,590.6653734372967) 5
(901.2315556070998,431.4770155800029) 3
(277.5116569695708,576.8602281555177) 7
(576.6376335303527,938.3662771500517) 7
(188.08452312401755,127.69653674864884) 10
(923.6795066468251,669.6079999857943) 7
(298.51900522578086,637.9851691590136) 10
(255.4618039974103,748.6115573747285) 5
(519.6662639423718,474.46935656892305) 7
(437.7526871179567,764.4661037699079) 2
(91.25532461029206,1000) 2
(882.1229942424494,68.32514379890483) 3
(61.68730360297053,309.8643812550405) 1
(544.9962263580088,416.214204254522) 9
(241.8221380379885,0) 8
(745.8262304642695,691.2675443352633) 3
(295.56037625913586,22.95986872074667) 4
