1000 1000
10
(0,0)
23 80
200
(29.67614164109949,464.71759998083724) 8
(294.9894079065125,551.5851915763953) 5
(8.77866362679498,924.5125838062643) 3
(291.50290486539296,160.59683668198204) 10
(0,807.0848437392515) 1
(530.1813963128395,122.03684826234047) 2
(0,529.4082082055544) 8
(308.05765449002814,882.6159228388207) 8
(651.759922202214,0) 9
(416.5651089534082,233.75082738080624) 10
(336.43368296583634,14.1225430154675) 3
(944.0259790513583,428.7641174924886) 6
(588.5832997792251,593.6109846324434) 2
(801.8914153269998,431.34340677257796) 1
(213.66924588644554,142.51179799291873) 7
(175.2667233915409,0) 6
(215.48696099612482,421.49765805500545) 5
(344.92236749383005,265.4924966258341) 8
(747.9735967017052,521.6811269198137) 3
(1000,604.7290581410224) 8
(247.12375063537996,345.58364773655626) 5
(1000,801.0186436193917) 2
(1000,0) 6
(858.0834037472848,785.6237478737884) 9
(165.0491237592973,906.0357558243286) 5
(543.6204756454167,587.946166717813) 2
(821.5105150041329,609.8729484616299) 3
(57.136345548855104,482.3151998293211) 3
(1000,499.20942001355644) 1
(639.9030757022983,659.2791800853049) 10
(0,791.0384217688015) 3
(565.7711225736945,600.5397911616205) 3
(1000,440.4915136407733) 1
(370.76751969753326,613.9447826599402) 7
(223.6186520289143,989.4470846922712) 5
(612.8119726290561,801.8204270327747) 6
(0,0) 1
(908.4632289187833,841.3257177250111) 4
(505.6093162485879,957.9289330238655) 6
(699.4493623633045,395.736806392961) 8
(351.0302345502897,182.31230564531313) 5
(1000,141.9122411400745) 4
(626.7550750981691,268.5629972902209) 5
(541.9717616321581,1.0051439605735482) 9
(922.9146176337315,276.62386935712016) 4
(681.272378025994,965.88008864728) 10
(257.17329438529885,282.4004145442233) 6
(545.2553067504952,753.4255340848949) 5
(436.7808510631419,303.6903701928162) 6
(590.408889529411,308.4153051331963) 1
(605.4879414464767,416.7884391664963) 7
(588.7786920309477,773.583051652726) 2
(1000,365.8820499911704) 5
(563.5280540581434,330.4931500501507) 2
(397.6937656013928,683.7807162941899) 1
(472.9871653693317,371.67666732526015) 1
(636.0418195439659,880.0958381393617) 6
(101.74049200555572,412.71459649802205) 3
(599.061519179264,394.0127148013229) 2
(432.0444847157261,0) 4
(443.59206267420296,1000) 10
(390.99046522194783,509.6418646356317) 2
(424.13076041815526,38.12492198598369) 7
(745.8869333575099,0) 2
(632.8421949941464,490.3478246513908) 1
(470.2455287442641,184.45285704673256) 7
(207.34933750103215,864.4795436848628) 2
(357.96158302512174,759.5086031892154) 8
(776.0272956658921,567.9806328921451) 5
(1000,848.8049068194628) 3
(474.64413553472417,229.83796899284414) 5
(725.214126838981,555.9490368303168) 1
(967.9710484664799,0) 1
(0,215.51547077004767) 6
(489.39586731878416,288.3409731811878) 10
(943.2326496218012,0) 7
(971.405261288842,0) 7
(248.2770953886529,333.0872796959211) 3
(624.482785287405,693.1750306598715) 5
(469.3747842595292,333.35665106972993) 9
(694.5833461841827,401.0641819850821) 1
(42.74971637065994,278.56068463377403) 5
(36.015996197724405,821.1772361562719) 1
(676.7929935622851,1000) 2
(541.44488515794,725.3923445454888) 1
(0,236.80744532788646) 3
(418.3786551592344,840.295254365604) 1
(777.1283192118851,814.4772238961369) 2
(286.97561131160467,413.0032954766883) 5
(0,259.5780413730721) 2
(0,642.6989589484153) 4
(547.3072612908431,558.449513868758) 3
(728.2654636269496,633.6491721286981) 1
(647.3560790307632,714.6767898013354) 2
(546.366300294792,144.00297141571696) 9
(141.44450738619412,0) 4
(603.3638157059208,61.06069175905179) 3
(238.91855893753223,182.08771322983625) 10
(57.0501684807802,795.2250430717579) 4
(693.0665478858085,968.5048265309676) 10
(626.5922374204214,498.5898676774955) 7
(689.1685919434459,731.5448614664397) 10
(499.9627475290302,236.39920853223776) 4
(518.5836423884246,334.4356119803608) 1
(374.04888115159855,242.32048435072784) 8
(108.68358459821303,744.2284824087119) 2
(579.5565736897371,390.5408659525008) 1
(586.9489697806004,625.7371348273014) 7
(391.2656335341909,468.1755686598806) 2
(72.68825458932321,1000) 8
(58.889316949609736,559.4503369353557) 1
(571.4978294849808,294.59551828942324) 6
(782.7416879929374,765.2334216776501) 4
(411.8404799584913,0) 8
(590.7761282875279,1000) 4
(49.57111156352477,345.4207232546901) 6
(958.6167843024741,851.0584420362252) 1
(199.9504175976918,448.79847932009784) 2
(698.0867313379106,393.3665801216806) 8
(315.26131702118965,549.0614855686226) 10
(1000,159.46525459359168) 1
(943.8501331589914,0) 10
(715.8194073272779,803.0158969359188) 4
(379.7211915349094,427.0435284206502) 10
(301.91442757774536,1000) 7
(835.2769115928028,350.09365155127654) 4
(454.9539609799253,569.6528562192) 6
(623.8006279207531,727.8857144406127) 5
(494.610329709905,895.3561424894411) 7
(277.89625724662073,567.0663459208735) 1
(101.92307533080282,0) 3
(519.437134463993,625.0437357074536) 9
(872.5606929516644,0) 5
(1000,715.3425080260596) 3
(1000,46.96456980937779) 3
(0,750.1324914124551) 2
(415.94263952354345,0) 5
(511.1122935208908,171.780761602653) 3
(142.64442623098535,665.5331214897193) 6
(559.1454454229577,641.1730587544764) 10
(384.01139662198636,585.0124692408588) 5
(462.58765884575536,624.7597500463011) 1
(703.7725463740729,689.466508028778) 5
(76.5667586993809,773.5567763556353) 2
(418.2451919154963,534.8241471794951) 4
(49.05319064021239,405.14213889382154) 1
(580.354826885461,0) 5
(240.70084720950945,102.18001326733327) 7
(101.842286772117,316.21345802014525) 5
(118.23769239186947,481.221188099961) 1
(835.6857184851418,566.8665065275133) 8
(529.9509747966728,134.1037929471335) 5
(1000,679.0487401136071) 1
(902.8424585690047,253.37730218573344) 2
(523.5904305905468,0) 2
(874.0491083183063,420.2937966290447) 1
(0,868.3582426354503) 5
(0,644.7469575891754) 6
(943.8506783400585,681.0241092109832) 6
(607.4301239073033,227.12075748059692) 9
(664.8641712360296,405.4941148028898) 2
(235.35995137165662,651.4500788849642) 6
(529.7935448889335,432.43843217855175) 6
(129.46916814909986,569.3779706217281) 1
(640.032840515112,754.5972658940196) 4
(549.9097272515141,36.95311027095539) 6
(773.102193020635,707.9028914042276) 8
(118.03513439706887,218.20261563811334) 1
(315.16083033407824,814.42458589149) 8
(765.349579488006,826.648432605728) 4
(426.0662476393179,767.4751412997413) 1
(1000,1000) 1
(848.7323563285141,618.5616183080473) 7
(410.33951468412727,757.3141507970753) 5
(326.14570312464946,732.4818326004346) 1
(496.9483102352991,991.2541041520931) 4
(468.47210327185803,744.1612203111325) 8
(506.0781087110324,755.4037757965477) 7
(308.28447045961184,915.6233408067213) 3
(559.1854728969065,0.27947321318174545) 6
(1000,752.3201892454891) 5
(189.95733405154192,127.96994856000032) 2
(449.5395832900744,809.9244525595451) 10
(376.6218284503555,1000) 1
(15.851019887486359,369.0285315396734) 10
(599.0703635841126,500.5116810659009) 2
(348.7757847647455,381.6695568146566) 6
(388.33941889472817,450.0353646374382) 7
(350.20734687687354,610.9473653522841) 2
(423.73219382350845,606.2313040243143) 3
(661.4387763948166,301.44478564559046) 10
(611.7250655722004,804.2062510038452) 2
(616.398081652174,101.84508044511199) 5
(684.3093292345213,809.4114363318967) 5
(1000,549.9863411172979) 2
(752.7100945528546,0) 1
(764.8038432331991,412.6935503561817) 4
(675.3003498635584,262.1065835307854) 7
(256.61290530861197,816.0834915775395) 9
(706.1997555891032,394.99841822839846) 7
