1000 1000
10
(0,0)
23 80
200
(25.639709897008743,896.9394847447165) 8
(310.14702109074415,172.8217839192459) 3
(1000,1000) 8
(960.267136457615,352.7495940268251) 3
(715.8998558795013,772.2781854011146) 4
(896.5230012307093,155.47341995116642) 4
(379.99073463966994,575.567989379888) 4
(416.73657718098974,797.6125151887941) 1
(421.263492956821,253.50459082134893) 1
(514.2290560762146,23.740874344855172) 3
(617.9890221955138,679.3261149004296) 5
(118.95339946229052,81.16602415327168) 10
(776.2392777763589,289.2734300163159) 5
(533.1599365710955,297.60921218907055) 1
(399.18924501483394,508.8699631815172) 8
(161.6610049513207,869.9111015831695) 7
(0,565.2068389352366) 4
(153.42565532667987,423.1011220026152) 9
(332.8596994018892,739.1108882077906) 3
(425.05571902828774,553.5916231248004) 9
(0,481.74550585212756) 4
(864.7811237642084,663.0186723154709) 9
(42.331407010600344,1000) 10
(209.20712767943206,632.5746958932275) 3
(125.28726558072793,425.43223536937546) 10
(0,489.3604172565078) 1
(419.88983163839407,1000) 7
(304.0129653253616,463.63637022217597) 7
(910.5800699967748,592.4112636476841) 10
(468.90449679314463,294.45223074496005) 6
(547.3179826618023,0) 1
(8.398299091424349,56.777016508974214) 10
(221.12272400910638,440.23960945418406) 7
(119.95115642271418,320.77942699493065) 6
(525.6870635821338,474.95694518233336) 10
(408.2633040556842,215.779648912264) 4
(653.3434755963851,172.9369859393077) 6
(889.5275908187483,448.4838001003614) 5
(574.6555663588815,0) 5
(389.88814675441347,337.9091213360809) 4
(333.22284539857566,0) 3
(434.6852174969914,208.48291882866346) 1
(598.3259624277041,390.9908451994536) 3
(665.6259049832995,0) 5
(299.31273787323516,751.4684935993545) 6
(481.4982494957936,203.1315998699414) 6
(0,152.03006544241725) 1
(505.3274420080569,616.9320770257123) 3
(321.01668247036423,520.1533307713293) 5
(222.96907480463244,837.7052399367747) 1
(200.0127291392701,1000) 6
(731.1845413564631,934.7636449057803) 8
(528.1232290083259,486.63932854148874) 8
(768.1938820783662,0) 1
(607.8540932282106,260.6799126100276) 5
(71.23181897125386,760.248302591269) 7
(36.56033026087732,382.0681911110254) 9
(491.5658182189065,186.0815190533561) 3
(811.9055185216914,898.0850349062) 9
(477.74637553240154,260.7358945317791) 4
(980.2802820343875,348.96264389521275) 6
(212.85407469328106,935.6112904576594) 8
(756.0360607151019,537.719089106507) 4
(751.87810826749,515.4615971580284) 8
(313.2762436551417,388.437132793078) 1
(413.09829511844555,779.2841462830568) 6
(862.1758144014175,230.5839382726939) 7
(375.390464399417,72.20691936054067) 4
(491.6757433482029,59.891141078967564) 1
(872.471384572903,591.0288849188564) 4
(620.0383347827695,221.68827062373663) 3
(618.2925260539105,0) 7
(409.35919082505114,0) 1
(0,1000) 4
(0,205.8975074888799) 3
(453.5234516137414,30.486934879411194) 4
(528.1263126368142,0) 7
(177.63543054192797,405.26617872411134) 7
(86.74009515205154,639.7195587687459) 4
(665.2373742660805,600.096273952188) 2
(489.5382218270578,685.9286871726174) 7
(1000,625.3139104919028) 3
(903.6725607948101,766.2519817908676) 3
(285.13099875606866,630.7920924208801) 10
(996.2072243366212,283.70250020556904) 9
(142.36599376440148,937.189061758452) 4
(590.3054608837369,807.8199980020895) 10
(297.7633524387435,0) 1
(736.2177219920484,714.126802572911) 3
(0,950.064514175394) 8
(412.34404924904516,101.36911687871543) 4
(181.95387859855896,455.9703512001996) 4
(585.6994819666254,325.1064177007479) 7
(911.0797746259634,129.43733070836436) 2
(481.1572664045427,620.4619197548604) 6
(701.7688076604071,203.48111462990067) 9
(393.045590839964,429.27821837185513) 3
(570.3708802662629,795.7166394210706) 5
(0,0) 1
(706.0443574947392,208.8975812401403) 4
(326.81219431917657,391.8359301923755) 5
(59.33587965362926,428.4341833261304) 3
(241.40161630094588,409.9086666893961) 5
(256.2204419701735,607.6577097026122) 7
(652.1620070316404,792.3232597813262) 10
(98.92475579429941,170.6114781874192) 8
(36.820615985668894,62.27769948427192) 7
(0,571.8598363469488) 5
(527.3895248501057,398.0687330723426) 3
(497.99299526699923,0) 9
(333.06850041754933,684.1560891329443) 8
(589.2931594995814,806.7886509579375) 1
(1000,335.1782025971444) 7
(1.6868153800616597,291.6985295859646) 9
(790.1446300226846,161.5374649711738) 5
(753.023283196011,243.2253970426956) 2
(363.938579327194,198.26490531591753) 7
(649.6287774899901,0) 1
(690.3557210984603,350.6806393151983) 1
(393.6733369737024,406.48348893104765) 3
(382.83641518351203,447.5916193294747) 10
(0,648.6546251663042) 5
(410.1700070786551,392.5336318198032) 10
(606.5976030533875,869.2541913290623) 4
(186.99125959109125,962.6143335078403) 4
(358.5797681832297,156.76293139016286) 1
(14.118371868634824,493.93659741538164) 1
(142.71382067738898,630.8659107767302) 7
(209.77588161792477,562.296325565755) 10
(243.47411786471224,786.8083429039762) 1
(312.2225506867676,884.9299322758757) 4
(631.8963965717747,249.49871782721132) 1
(0,462.9894230957575) 10
(775.3713115196733,867.8765650315474) 6
(701.7149597599137,649.9098184499644) 5
(382.3174655259324,674.8466056290262) 1
(542.7671198810249,870.3671921077243) 1
(498.3528308778004,201.8643481297563) 6
(310.9386985920054,778.8452068973661) 7
(561.581219093948,126.12500018704401) 3
(1000,429.27368820577317) 5
(258.9945721296591,602.9735978730569) 6
(351.9291808139824,233.20264402539823) 6
(857.518081976214,562.0983382931329) 8
(761.2059971847866,0) 1
(622.8035356216058,396.42144037651474) 1
(986.8572602000572,701.4985411739742) 2
(775.0831039125828,0) 2
(735.1281458733114,322.78550211553926) 3
(316.56818267254306,234.21828232533431) 3
(359.78630974639225,877.4492872011309) 8
(456.3520955654851,776.827055808076) 1
(179.46499088467607,634.2774860011077) 2
(85.21861511975322,500.2276238143111) 4
(248.36486647332413,291.47728552607146) 8
(894.0344761312176,491.7038470404146) 10
(430.344301610823,707.6068739641241) 2
(790.9903757576507,963.353154126906) 8
(433.91304657253863,594.1483058236474) 5
(0,627.8965043434545) 4
(403.17933647807786,730.7634428526411) 10
(316.86907788692565,596.2188130872921) 10
(0,727.4141260115547) 6
(291.27710216475714,995.4714510051219) 7
(923.9298586060529,872.808123582289) 3
(495.07617994400186,0) 2
(375.76147606228284,681.711764889192) 6
(421.98412439656084,417.6402142257838) 8
(539.9378560709481,1000) 1
(642.4081810400241,834.8298726656565) 1
(620.4856155651088,544.5405278913307) 7
(852.761279442848,438.0108298814063) 3
(463.8737999195225,232.37106535876103) 10
(314.42901827614827,719.6229626529309) 7
(525.7372894711818,826.2966130853769) 4
(0,737.4792104157526) 2
(427.05690962254835,302.7114612055115) 5
(796.5346044290445,427.189712368363) 9
(623.6729143066395,687.0914159096006) 4
(283.01746611433276,144.2642530413849) 1
(424.01659487323036,633.6797298789531) 2
(848.7161086574271,184.5572474804551) 2
(487.47268943896756,429.65342087489313) 6
(224.15688981778254,1000) 4
(1000,684.1473650670956) 3
(516.6259468700491,99.66174420161519) 1
(1000,239.1350414983653) 8
(691.4974450094714,503.3639195522493) 2
(367.549060159679,392.4883708040932) 9
(900.4415903446468,222.09922597378528) 1
(0,347.53005400162783) 1
(445.8995075410735,109.92637781540634) 4
(534.8133036416584,281.45246615890755) 5
(397.0462944920886,0) 7
(749.5033142219422,995.4300387205926) 4
(485.3990257856934,819.5716316273201) 5
(36.50786733168104,668.5494688223504) 2
(581.9079647181131,521.4157280740963) 10
(578.7574755394991,120.87207990583926) 6
(661.4951308869371,280.84524884768314) 2
