1000 1000
10
(0,0)
23 80
200
(755.1841573116349,1000) 5
(582.5374104790133,659.8553513476438) 4
(343.9248741747392,484.35303525011716) 1
(698.4478353912174,141.9172221566377) 1
(714.8734534945892,662.638956972503) 6
(352.3235232168513,219.1402674604177) 4
(1000,294.317474670896) 2
(0,644.9658376535742) 7
(0,1000) 4
(29.08642904229697,506.16870210299226) 6
(415.78691112315806,0) 4
(634.1418434451043,363.46596105407707) 10
(1000,379.7455434145887) 6
(325.97763710887716,371.40032489277365) 2
(255.17483595955974,319.3953966107882) 6
(595.5044753691437,564.3707836774188) 4
(370.89918545718285,433.9060590107874) 10
(848.3264406049364,590.4902244145604) 9
(185.0252543193838,348.31460318876566) 6
(210.2676838631537,0) 8
(380.0528505888665,540.0941377415878) 1
(692.7344582816363,44.07849790031838) 5
(863.8909847379949,623.602705041397) 5
(89.63776233732227,181.19344177758938) 3
(193.15162763408546,489.65941955912103) 6
(841.4262410163884,486.6719337699076) 4
(1000,299.34347769942366) 5
(73.50219784173163,377.56332055963355) 5
(7.5257506392111395,228.61977502809464) 3
(454.3657816039661,484.5953613345858) 6
(777.8533730388062,526.0652086868349) 7
(770.2607832336996,721.4602273102776) 8
(289.53024222188105,334.246977248331) 7
(455.485161883456,562.867544574251) 5
(759.3636613516882,626.2921341955115) 4
(373.5077026584481,942.7903305815612) 2
(364.28743279614196,688.04231422105) 10
(320.6639647458851,16.51891295848486) 3
(611.7879236838867,160.38109295800268) 8
(429.85245326633975,607.2703358106583) 4
(484.6676212802984,801.6490929596373) 10
(578.7739262662085,938.4289360511174) 3
(447.558373613222,121.30466853858087) 1
(532.6765743667485,403.24411458959554) 7
(0,736.2091235092114) 3
(782.4964212341822,137.09736764595078) 5
(1000,872.4477317301038) 2
(734.7822988105055,73.97708028461398) 2
(584.3928771030354,241.53625861269467) 10
(385.62676101480946,594.4614041784159) 4
(707.4309524557436,1000) 7
(1000,392.8443352665377) 10
(103.81594716901981,316.8144703914552) 3
(560.4740927092245,282.9308176097718) 3
(222.45536576476957,839.426979640073) 10
(730.8991508474603,165.97419562104875) 7
(28.518928582912622,0) 1
(378.7975150532777,1000) 1
(0,14.302652817804699) 5
(770.2382853991802,917.063914354929) 8
(575.0213311816947,897.4577172978954) 1
(553.8788062230716,720.7369581516492) 6
(803.8534036187805,601.4673787722202) 1
(1000,367.7648245791162) 4
(857.6802037123341,519.0075129271738) 1
(186.97674163500517,450.5871587796215) 1
(847.7516926983974,808.6151981293863) 5
(626.6918545206713,843.9716796166246) 2
(497.5865544063751,799.3652693519605) 7
(998.4801638728576,426.70044014347354) 3
(690.1894597741552,686.2214968837773) 4
(498.26397220272537,225.84564911705183) 9
(786.4099721770849,313.02616309914106) 4
(366.38976593056003,767.4744407481239) 5
(990.7339319546793,830.9264460720117) 4
(832.5398991460518,722.5963576922834) 6
(530.8095384437204,689.8898857299205) 5
(0,0) 5
(616.9700868155201,428.8123543180799) 2
(660.5242240799938,509.7831227375294) 7
(316.7327654907263,673.2606914284249) 1
(266.4993223414764,183.7323337193571) 10
(415.12234732117463,665.7048060402174) 9
(681.3458386319305,202.31953317749162) 3
(0,344.07541319822514) 1
(0,666.8170703132271) 8
(198.4546945016366,399.64838739531154) 5
(1000,481.6640947929084) 6
(558.1060753266553,678.8367500309694) 7
(311.3819275416844,569.0644460897755) 9
(363.6816342143217,304.9656443341996) 7
(104.03628648014114,609.2511846202162) 4
(469.7229040465588,673.5625884645616) 10
(700.895169723484,799.994628599101) 2
(664.6238097159024,766.0714629296084) 2
(335.5613670111493,925.4675496349787) 4
(1000,539.7992316739367) 3
(126.5217692555695,719.5610362573703) 1
(681.1294847679873,986.0225830240286) 3
(770.480178105693,0) 7
(269.80888027274136,465.75540329512654) 10
(580.7268434955726,122.0713387280357) 1
(105.4796939394065,819.5235572658917) 1
(1000,472.0753396111871) 2
(31.41093017618516,705.316910552758) 7
(1000,718.7470788999647) 10
(0,672.4646202199281) 7
(890.5040734225086,440.43399583241217) 3
(1000,57.175773870891646) 6
(0,829.3482784013961) 6
(786.9767059295116,923.0064039990533) 6
(864.2342372122877,215.93665046272218) 5
(942.5225528321209,213.6410441661062) 2
(339.7423395182574,32.48122053342945) 1
(81.78401415719946,447.4426952987702) 9
(176.41282984029294,501.25241008445215) 5
(272.7091836265497,1000) 7
(214.59582005845704,202.65852814424142) 10
(117.10651340280458,243.72075596099063) 2
(1000,870.6768245130859) 10
(158.47793296508183,1000) 3
(215.56239544783273,281.31012248840875) 10
(506.89093143766013,198.69900805432775) 4
(539.3314296409399,574.8101088442172) 4
(616.67761642101,573.6568085262134) 2
(418.78385602645017,677.9041266452497) 2
(975.6782768066503,676.613360261684) 6
(824.9845716417981,496.9448582976897) 7
(609.4058642125452,262.9140819451113) 5
(277.68012081207405,869.2236973137476) 1
(37.56728650590094,664.890077544774) 5
(1000,89.04495174224093) 10
(302.0091732049593,0) 7
(592.1000528074951,687.2837510421537) 6
(370.8532264048456,584.020208518634) 2
(546.6357634600612,479.8129104799453) 2
(438.44841925703946,190.45239212901816) 4
(248.38682055621757,1000) 3
(1000,76.36792955863638) 1
(81.44058265951202,377.5787219651303) 4
(197.0738290029784,369.8071092097075) 1
(1000,1000) 5
(0,272.13454357283) 2
(269.9911462122509,874.0434196553452) 9
(563.0550499430439,129.26087595761624) 6
(1000,0) 3
(0,454.3450806310417) 6
(671.1450721598071,438.0111717114139) 4
(329.26255288538346,847.6663400583859) 4
(703.2620782924276,740.8979407077359) 2
(216.0896843707048,715.9794936486932) 5
(769.4273842547661,955.5429384602567) 10
(322.62034804950883,0) 1
(0,386.1558374711216) 5
(717.7204936987422,1000) 5
(583.204459026693,378.9693712933927) 4
(1000,622.8112064840375) 8
(31.942073130173412,181.97933525688762) 1
(561.8092092682932,389.8350728382951) 6
(284.9084896690516,710.7060255637712) 6
(0,393.5850373899787) 7
(11.834584502120606,0) 8
(541.5720052572977,602.0479330084739) 6
(457.6210595563995,549.225512882883) 10
(309.0810198635952,592.7305825567764) 9
(766.6469169537078,549.5025414578737) 8
(1000,473.7331396300237) 10
(0,347.00033415291534) 8
(1000,621.0776819236756) 7
(544.5588008593969,276.37099595458267) 5
(362.1253756877863,624.1812388510699) 2
(425.3107536239514,127.48049662369925) 7
(544.3770836739374,884.4506110660186) 7
(518.796905433172,0) 4
(686.6798702985654,1000) 7
(429.497876350468,297.51785712111086) 2
(426.51580333560275,567.4991872119091) 2
(366.0910519991728,0) 6
(761.4560980171441,615.2476272499473) 10
(0,386.1242597776205) 4
(652.2012078336894,6.976464938863614) 5
(304.1460581169724,209.31908089579565) 3
(636.9918824568774,613.0041717722656) 9
(366.86402040699363,701.2257243399023) 4
(328.52992051427566,1000) 5
(98.89805481036473,663.1680361804474) 6
(422.7688310057187,1000) 1
(574.9367102056227,398.8948413281264) 1
(730.1335957895949,0) 4
(283.9970996143396,815.7154914328819) 8
(346.95818603379143,578.4237292299517) 8
(288.5549452271299,92.00239541868189) 10
(894.0261035855337,209.02733194505748) 8
(434.4573555103351,495.1280750627267) 1
(473.8469472193475,1000) 7
(291.67201995366554,782.5600866348573) 7
(570.2289007766999,828.218563435988) 4
(445.2178709078367,336.4861967007131) 3
(405.682276989026,532.5508934918605) 6
(213.9936236667179,321.1459933918594) 2
