1000 1000
10
(0,0)
23 80
200
(1000,286.1138032438439) 8
(388.99265383539273,153.75959764145216) 7
(727.4867557485046,544.7942806360642) 1
(655.747663589297,144.31667477987685) 4
(1000,793.7678421084147) 5
(325.7277427303761,235.11004606297644) 1
(819.584722820312,332.88195001024985) 8
(605.9826537308356,498.48950423881814) 1
(0,208.7595404927933) 9
(728.7965880575011,1000) 3
(206.89558546110516,688.0003420763923) 4
(987.508246496093,947.7188277930816) 5
(220.65511773110313,0) 3
(998.3293571575176,600.1760389455767) 3
(702.7182257895943,1000) 2
(84.04797572712039,761.7876263233669) 6
(235.53891657190843,99.4045814979508) 8
(860.9869657319864,1000) 7
(224.7187324648704,731.3222090883394) 6
(405.89243851084944,33.01146441404626) 4
(590.4631900527104,591.5440763418031) 5
(748.8957243828834,92.42344606092831) 7
(659.7139450613735,475.7070176465823) 5
(278.2226936688995,302.6383801118186) 8
(492.0856409978631,957.4602196394276) 3
(981.1527770829615,463.68283670413507) 2
(23.947652902142465,413.4857084532698) 3
(293.9167192629692,256.62067458091536) 1
(714.3284819046526,0) 5
(827.8681779022452,309.7986373343966) 1
(1000,364.7812050427477) 4
(820.4278281057459,773.2954805413971) 9
(1000,216.42535115738593) 6
(111.022109881402,347.7384204866438) 1
(887.2439659203151,695.5967183962443) 7
(449.62591886278875,557.9340371100925) 5
(352.73494658802576,1000) 1
(1000,205.0437514034702) 1
(260.56236291317464,592.5497803363126) 2
(528.4015237416424,465.0146041825543) 3
(914.3160263953853,763.2399623879439) 9
(303.8494079238742,680.5117520113088) 1
(432.52800220340924,723.7449866139372) 9
(96.797346968265,487.90190570535543) 3
(283.45097535212176,247.15527469081346) 5
(361.4829444250558,671.4917667943263) 1
(367.40445882280983,468.73948120336644) 4
(275.62697523268235,0) 10
(59.628979536710744,471.9164527597909) 1
(365.7163863018018,503.4553671091946) 1
(836.6708114511271,554.2491137863307) 1
(292.25799026763104,320.8101012834471) 4
(372.33103107948966,405.5075878724085) 5
(983.3595876658135,690.8379473371733) 5
(0,0) 7
(451.4211116902953,604.7238215232351) 8
(360.25114406676204,922.450463000703) 1
(800.7108085169976,927.8831085832584) 5
(234.0303579486009,487.39658311592643) 1
(135.609828153771,387.65805700264883) 5
(936.7397807465605,797.7906211677575) 5
(0,565.9306557102593) 3
(925.2642518974344,361.1586143084875) 10
(719.3390043743264,0) 4
(669.0892078080184,223.48376490199894) 8
(822.2727548726256,998.3676206947684) 7
(364.60669690482877,560.5991750001764) 7
(71.50061833502821,513.4679138445563) 9
(883.0102974427932,899.8088308219255) 2
(664.1161450403296,466.9398628595965) 2
(222.52934550382832,496.65114417889896) 10
(307.8511115965954,736.234920414388) 8
(662.4115232165218,384.4743953840331) 8
(194.54811812399566,318.5768193137948) 7
(300.9731256570087,0) 3
(254.93822422559313,517.4797514027296) 6
(1000,490.1292849720306) 9
(84.12759729871937,609.1648631293782) 5
(528.1001424421116,547.9704486905312) 10
(700.2555418438039,966.3104997839903) 5
(792.5761984098556,445.369585626083) 8
(350.0022724081631,478.98958078792936) 1
(922.6393008668081,410.8186989608985) 1
(617.0768340683454,557.4645157504534) 1
(860.3089725275927,351.6803511980329) 6
(712.4701145159204,657.0995942759826) 4
(75.26925403858053,410.366169726506) 4
(308.86166554750923,347.3441467544001) 7
(1000,389.4247010716146) 7
(276.1727620955527,941.1754274487937) 3
(693.7362433344181,729.5717689241636) 9
(478.6006961469448,525.730238203459) 9
(922.3188910789106,407.08336106243473) 10
(807.0267762332296,811.5859808505475) 1
(902.4011672144336,294.53877257037925) 4
(173.60242047587298,577.7513243515666) 6
(394.21348411577924,746.5612018381769) 6
(426.17906176759857,450.91727152969366) 8
(0,385.5298489480537) 3
(0,100.39629505273672) 5
(617.0439030628193,105.60399664954059) 4
(500.47352984826676,422.81183236777343) 7
(779.4245738138047,355.63680143975233) 1
(603.0771103026135,836.3515067325111) 8
(215.71210938143884,754.7299328821865) 6
(129.09010918960007,124.30607165109126) 1
(0,636.9803004158572) 5
(970.9195378826485,22.76663101353131) 5
(236.98741549160695,0) 10
(614.4956965131994,54.542849301191495) 7
(805.8233833727446,598.182549632169) 3
(420.72620822390496,0) 10
(308.68360509885395,251.11380896280153) 2
(375.36428812985025,173.17401643145445) 1
(313.49101706543973,633.1110303630226) 4
(783.8188142085132,507.4383899951604) 6
(236.5810483738278,115.17401859168723) 1
(431.07951605993776,644.4481333876731) 1
(316.737848961048,331.76252726416766) 5
(542.7437645156177,827.9801591424065) 9
(0,167.92935575859553) 4
(836.6497963803232,387.1368479110467) 3
(215.99052143161924,765.0370281434366) 10
(413.9523255584981,214.68112120566906) 4
(843.290569000985,587.383787322319) 7
(1000,1000) 3
(904.517750210603,809.1324949237937) 5
(330.87799414759905,731.3855533047317) 1
(123.04290877502632,393.52649711979154) 3
(273.16422911806137,770.9501928803126) 6
(411.30972746715753,1000) 3
(658.6874005577938,167.78686488870153) 5
(39.34821000274644,130.00596529901003) 7
(200.30999893922422,345.325903565678) 5
(914.0920862067155,423.11118186552653) 5
(134.60732938440458,25.401666800195756) 4
(0,958.4956778610032) 2
(273.4612329181265,168.8946811490141) 2
(505.9799660406639,855.5844939970822) 9
(415.0585774597886,409.3499655968684) 5
(901.4101612536094,431.26814391520236) 1
(642.498858865211,54.57316982161501) 3
(640.6794675133935,451.8321959202401) 3
(124.53948037699911,0) 6
(734.6598831889103,452.66947678817496) 1
(324.05553722880717,6.5992445194151514) 2
(927.4091643020448,834.5912488675385) 5
(497.59084266190615,760.1229798391257) 8
(326.63230855191205,1000) 1
(937.558915902195,338.9126715411317) 1
(817.3601500570827,239.03386483777717) 1
(260.7374055794719,1000) 1
(220.05215667435255,413.1944159222428) 2
(919.7335526532828,578.8021322414786) 1
(0,210.23042860166674) 4
(563.4859815128257,332.26473844713615) 4
(477.7300527205981,221.40432502823393) 7
(298.012720313743,268.8632044648999) 8
(1.1495866468351323,1000) 2
(794.4783012852834,0) 7
(725.2522024586885,389.63408575664766) 4
(200.03121190953112,1000) 4
(329.06127551510417,914.770354865324) 1
(0,471.8967617105319) 2
(15.083514940661644,443.03086816400753) 7
(907.4526850845377,462.3640039774224) 9
(399.1826302053125,528.243279837896) 8
(250.3342729387547,616.8395277714548) 2
(970.3284992658274,316.99880682155344) 2
(798.6422429072175,506.0058524282592) 3
(204.01111507666326,262.373853879231) 3
(0,735.1222035034139) 6
(0,863.9743891116794) 1
(504.034187591448,565.5078453147485) 6
(675.3299234222102,344.3882209928163) 1
(766.7443003953861,238.79202717252775) 1
(0,376.25569625375346) 4
(834.0420507083616,1000) 1
(313.3224811150182,366.90788374083604) 8
(694.7516947836435,352.179490475131) 9
(894.3666196230381,801.9299885653681) 10
(554.7779020320174,748.4420050769018) 1
(582.9352490480084,631.9756445688428) 1
(1000,550.8675722957364) 7
(0,599.3437263521736) 2
(682.6375444187844,1000) 4
(0,217.12256680340545) 8
(128.022087274767,63.38676993538206) 6
(301.70592059510307,1000) 8
(754.8359281320422,410.83046176147695) 1
(127.8037522953349,202.09005784436005) 4
(92.22226467325964,195.1622020401344) 4
(663.2539881956037,1000) 4
(388.00278056546165,754.2158089840144) 3
(323.27681464925433,260.4508544646831) 7
(194.80367784460225,682.2808575668963) 9
(491.1469604367598,713.6441230149934) 3
(886.0944017321917,571.5407096697771) 4
(1000,38.4636485892168) 1
(368.75416977972384,362.0729782245265) 5
