1000 1000
10
(0,0)
23 80
200
(377.9277082529434,754.4485787099011) 10
(302.0953837483068,700.3254807229829) 6
(393.160065770046,1000) 7
(810.7327078992605,556.6500907968921) 1
(486.24790781285213,0) 6
(505.3903007371106,235.0487034870996) 9
(1000,519.3034368499578) 1
(535.966476541278,304.0325896612859) 4
(677.9517289948069,86.80018956210841) 5
(714.6068004110209,164.74579525659192) 5
(262.5925762553639,227.21165020468732) 10
(565.0099038040917,0) 1
(518.3931338729077,272.2869866300894) 5
(488.903887186914,575.2989507299071) 6
(795.0281503272597,0) 2
(576.0437749918545,389.7591089656866) 2
(187.42447493118908,276.92396322425975) 2
(429.57998121561826,885.2412805333192) 7
(275.67592238058967,156.16673805350206) 4
(575.4052004043903,472.504310592605) 6
(1000,622.3873812741849) 7
(480.33423599099774,602.5648604873302) 7
(596.6165492482442,598.6918806746655) 5
(370.2107274170487,1000) 2
(1000,44.98028014964666) 7
(147.40871676081724,660.9205970961077) 6
(430.1444279105359,483.5590979375938) 2
(986.0778175719906,1000) 8
(809.1034440947722,746.5512829381674) 7
(306.97461371620875,707.7945187145435) 4
(615.3320196581369,0) 8
(853.4641343724718,535.9896239191485) 5
(442.42279944708076,785.0709073763653) 5
(220.2357639828242,692.5417755674622) 4
(117.18336982583787,189.07084348273276) 4
(400.7108190225642,606.1779173822732) 6
(487.639144621479,529.2055913176921) 3
(286.75015190520116,86.80452276992014) 1
(407.2232323033395,267.638438062065) 5
(110.48623516508172,725.7306549905999) 4
(503.9745249956593,873.2703251184076) 2
(435.472125190668,223.99172655437883) 9
(483.9463391430148,463.4395204137767) 9
(501.9149052163337,772.1355123863882) 4
(181.79765202689424,459.71551834589) 1
(1000,817.4807696853999) 7
(198.63072732111317,683.6463639603965) 6
(777.9428142614634,627.2004027938589) 3
(756.9414110401476,234.71598616294904) 1
(166.5692476364195,144.5134085920829) 1
(6.778652919497176,448.7130091856633) 4
(283.6454960583749,635.4023061747048) 10
(638.4085917874942,536.6678368429389) 5
(606.904549926053,652.6020983001367) 10
(803.2759539927165,697.9279393072222) 2
(856.7352003548294,1000) 1
(0,618.7171547369571) 1
(777.9188765805274,213.40121654475365) 5
(672.6835907831195,24.142955349838644) 4
(459.51930160922836,255.58113843417263) 5
(947.3932700740293,203.073028629963) 2
(131.0702190602621,55.459961218270564) 8
(72.92730159764005,625.1584552388882) 6
(411.72849984164355,73.49348859293735) 10
(285.7883262221901,373.6907624588872) 1
(752.2237509266523,1000) 5
(1000,809.7874775034923) 10
(580.2076039445017,988.6408144190724) 3
(579.4330699437221,0) 4
(32.291925211175055,724.764736452564) 1
(491.454107732214,507.6868714362336) 9
(652.7775565832961,0) 4
(254.17537564984553,934.176915206999) 8
(449.1116189519077,824.3221515629418) 1
(321.76083816135696,67.14056629333646) 4
(433.62890939923363,73.68990142463468) 1
(538.249830320231,1000) 1
(533.3881343778521,0) 9
(744.2316343412057,0) 7
(720.192458830759,644.4615317779775) 3
(95.86852716274996,825.3549953042259) 3
(507.4786397050626,1000) 5
(292.3812181414838,962.0526146688537) 5
(0,616.9657382720436) 8
(474.0091719703308,574.1506897815703) 6
(606.0222644378728,548.4886884392436) 5
(560.3611540619287,457.9782327446456) 5
(534.1173619309311,610.4255310090758) 7
(19.98287833295251,183.44847605520783) 5
(672.6191300593503,182.44702662309732) 3
(430.38952639559784,337.6123138380548) 5
(197.87911473316274,1000) 7
(627.3105569154601,9.91751304931671) 1
(475.6558913564063,488.41171666652355) 1
(565.9150897591127,724.1486077036386) 6
(309.1162140653138,380.3666219137871) 1
(881.0845247512771,327.33725308494354) 5
(563.9730824171852,0) 10
(0,428.48878464815374) 1
(1000,1000) 3
(155.34550020256006,0) 1
(162.3943055540953,648.1571010692628) 8
(489.422200623273,665.2371060986259) 6
(540.0965897866954,580.2988281998754) 5
(1000,486.72769150826986) 2
(522.5769938206961,621.8223341065471) 2
(480.5388942258372,1000) 7
(341.26425808144586,1000) 6
(550.6236169456784,1000) 3
(363.83108426997296,277.79775014257393) 8
(152.42136307024475,632.4028212930984) 3
(0,21.45218585315149) 10
(777.71330266896,304.1510400029915) 9
(368.31331181961946,236.64709394391787) 8
(118.7174102379957,492.6252359751053) 1
(574.7465683345825,620.2212175370374) 10
(738.3392966480352,313.73691537584546) 2
(281.03660965794575,187.62227487720395) 1
(285.9712933399113,345.8444477014592) 5
(250.95451537877238,87.5629919285359) 1
(290.26698753585526,327.5767431340307) 6
(726.7380716471536,453.2503729425513) 1
(623.4510327360342,660.8518290001215) 3
(804.7908051908404,211.23062233899077) 5
(640.9536470358437,231.17444475596545) 5
(0,147.72921294238745) 9
(1000,383.4150064811218) 1
(1000,599.082762623179) 8
(472.49911448545913,71.5017161226819) 5
(921.8811694880828,478.0132908743249) 9
(634.4914783374923,0) 10
(404.24269116303105,632.0025577186792) 6
(150.39586303627465,222.64043559586736) 5
(569.3240726144783,0) 8
(740.9595254610614,377.7198260705053) 6
(1000,439.9417706251217) 4
(108.3782163724714,205.42589299592998) 5
(676.3473948425788,960.6232283012469) 7
(388.54102945114437,97.46323472230085) 6
(826.3180140925998,203.1042772347335) 5
(551.6965407763083,631.4817842951625) 2
(480.85705828580956,1000) 1
(354.54495198676005,293.58244609242854) 3
(143.64160414822197,770.895975851877) 4
(288.5356097690055,0) 2
(299.9083058085462,424.77311985979543) 6
(130.56031668264774,236.9519730250143) 5
(613.779181342747,196.68322852554473) 1
(764.5532612883774,533.3487147099564) 8
(528.9427150890945,829.5568978253875) 2
(712.1903407237626,66.67926457094023) 1
(398.4145043049158,81.60308302623588) 5
(942.9563280311327,710.9786843884542) 1
(207.95617326203518,474.4383395509484) 6
(313.66142244664695,941.8167587378775) 8
(294.6999898078874,0) 4
(319.92634983903724,291.9735199815233) 5
(482.57890959809635,419.79298868978975) 1
(646.6406100598589,810.4729386298595) 2
(0,1000) 6
(728.0199543813104,58.93285734416639) 8
(340.18116317919157,747.5411962037981) 8
(109.83530994826856,547.3062124291115) 6
(171.40658863031206,1000) 3
(637.964575149376,213.96723234045504) 4
(171.91924497510166,1000) 3
(428.247613267878,879.011594346309) 10
(83.52516541241528,764.4364756441294) 4
(0,579.512302249906) 4
(970.3730950700963,196.9908829962198) 1
(248.87069588945948,0) 3
(234.4457244122247,600.0456918352022) 2
(1000,308.9256150456944) 4
(731.8200322019668,378.4183236918519) 2
(240.65451316954108,1000) 1
(367.4294420197333,665.1636588956521) 6
(406.1934148299002,0) 1
(247.59652860008768,571.3128036462637) 1
(798.8120512499172,792.9849708745726) 9
(976.4530886906653,541.7961358711501) 10
(489.80412123486184,550.8080547150129) 7
(736.7185929846119,415.6947689257456) 2
(555.6006378336596,1000) 4
(996.4128974236712,652.9616362269098) 6
(835.0176674833647,250.02834232875824) 4
(0,374.4600372435539) 10
(304.6775437359156,539.5283642974474) 1
(694.0029564511175,827.5002823624379) 4
(428.3253827803506,663.9083974157845) 10
(723.6166261885309,346.8234460878592) 7
(304.1209616626134,1000) 7
(485.4044359828534,555.5974682744423) 1
(393.07761971095323,869.6399116932821) 4
(680.4038538856809,516.3187165296225) 7
(840.340768499809,725.2988984678855) 10
(838.9354044536999,528.6033522612635) 6
(609.3265070727739,281.763434275935) 6
(674.7825028953787,335.5601135329291) 1
(410.5258572064997,125.72021843936432) 1
(0,816.4741883520487) 5
