1000 1000
10
(0,0)
23 80
200
(824.2734354785732,108.41343555759425) 10
(618.9112944708987,870.0147866873615) 5
(830.5220623006417,671.8819940092269) 10
(353.3206875502076,0) 6
(632.2288570323792,804.5124630326029) 2
(222.68179860200308,1000) 6
(367.301700220067,508.7494005096259) 1
(0,0) 5
(664.1023159849033,572.6477993975752) 5
(0,775.1441869928497) 5
(269.3093088169305,0) 3
(684.6850436728229,795.0454660072678) 2
(291.9808136980151,490.3666190792713) 10
(387.76089029587865,450.61255033171386) 4
(214.21075004447545,0) 1
(51.038866625568346,690.5044548216379) 3
(1000,678.7658522671119) 5
(839.4477001290663,161.59878753139844) 10
(1000,272.8790380825445) 9
(1000,598.614827728577) 4
(185.08970009478105,601.5258374692219) 10
(65.25827908282082,0) 10
(546.8939600968654,746.6878841337482) 1
(563.5097086699255,127.02975794163308) 1
(848.3880489609583,718.2787092474132) 6
(0,552.9743427345244) 8
(561.799483569846,65.92304774022568) 6
(380.28491548460175,408.19640412565116) 10
(946.0282400080932,616.3748454922892) 1
(664.5238257808943,937.7875480365296) 2
(77.77387852194045,103.66529890306742) 6
(1000,1000) 7
(970.8192884922098,551.6390059503447) 1
(483.17252932710875,0) 1
(190.10613300672867,0) 7
(494.957400246539,652.4091377553301) 5
(0,360.0662018283338) 7
(365.83235082564875,412.7885871154188) 2
(360.7048004385314,753.0448045344378) 5
(658.2138294979303,344.34250755074504) 1
(398.2078697899924,620.9274331818251) 7
(250.54763791666295,418.8197574198384) 2
(372.7016112466602,565.3171282122269) 5
(63.60306256542361,578.0916383873084) 1
(275.3532515073065,966.6451612843641) 6
(70.72342989717947,424.64104330887375) 1
(734.2780239705204,569.771994245805) 4
(1000,149.8981748656787) 3
(363.12707343326485,907.6416035693994) 3
(0,754.8252129608006) 5
(514.6374578937316,318.021012575996) 7
(807.8937762041838,812.4226947290622) 6
(132.26192128009666,660.5056827653725) 2
(629.1009947014223,306.0580242951981) 4
(447.87399426429045,207.1417411667054) 1
(15.588671359866055,103.56267677582122) 1
(496.74231847862796,504.36152850785174) 10
(376.4153771144017,533.6831263814959) 2
(429.50623782269304,1000) 9
(1000,732.1213036836705) 1
(78.39177723170877,219.81859020777523) 6
(0,664.2215929864759) 5
(756.383312956051,773.6563603181785) 6
(446.82360308179324,530.4935052275946) 9
(175.29013728545044,341.73863601315855) 1
(0,998.5484045810117) 5
(670.0143567321329,693.6981541965132) 5
(528.6886490722546,1000) 1
(392.86522309940335,1000) 3
(322.83087618871934,295.128058215829) 10
(443.1099227846504,654.4584767076649) 9
(691.3024632120924,396.2035782642715) 3
(159.51735265988782,366.23976709914893) 8
(227.66161916844618,930.6479196383327) 10
(299.07719557919205,0) 9
(442.6710601374885,390.0219274515256) 3
(672.9490996101717,417.59447684594033) 3
(406.70364995008276,333.12037240330784) 7
(232.83921093356327,562.1538697060147) 2
(0,629.8585234947733) 1
(506.61574823143536,761.1322874944578) 7
(666.9170764515724,0) 1
(559.4167965635456,194.66698773325186) 2
(1000,675.2933989881489) 3
(394.1015007046568,0) 5
(1000,395.57028052428575) 10
(292.58187604399006,468.122967472223) 8
(297.31153028913786,448.6571907933093) 1
(494.5161192748771,493.5329492859641) 3
(477.4260024966147,669.2004298063055) 4
(533.9081042490953,823.3031151231193) 3
(0,744.3275766153353) 10
(563.8203855995686,269.0539378111017) 5
(707.4002673506243,930.4466548666609) 1
(431.99729011687873,557.018568598172) 6
(510.8742942017055,646.8109856921844) 2
(900.1077824532697,0) 2
(368.57525934054075,1000) 7
(802.5581998290166,804.7513516735792) 8
(433.52315525235724,439.3269435817882) 3
(257.114733237559,646.7846815870241) 3
(379.6476280599711,0) 1
(915.491051807641,1000) 7
(498.13318748295853,752.8735632971171) 5
(84.27226768661518,501.7798103469708) 1
(0,291.6657129771197) 7
(588.9107594692944,0) 10
(978.0852046200749,1000) 1
(249.11458836630723,586.2824040107091) 5
(189.1549973644423,801.5398490033906) 6
(91.5425617699052,716.7904856280165) 3
(1000,651.5730747200548) 8
(240.22671434000802,581.6996056698603) 3
(693.5120465542326,625.7340177345521) 6
(0,70.78487576414591) 1
(523.0520105800003,1000) 7
(715.024629759586,394.6472299072992) 10
(23.364204631614882,1000) 8
(510.22696251594505,592.6905883836156) 10
(596.9937388077215,814.8929384208507) 10
(0,140.6315421403267) 4
(549.8178189246,790.2416620719753) 4
(68.92096916444882,103.85347555764343) 7
(967.9543530442693,865.6453250755727) 8
(246.12042065951616,363.7687836781918) 2
(1000,194.15642809710369) 1
(719.6128942540705,657.0657916039635) 3
(503.1399277524358,1000) 2
(662.5568381275498,83.44443932820116) 2
(833.7395351467114,355.2228029271621) 6
(38.27404396766116,199.8935343334665) 3
(536.0501101200375,1000) 9
(350.2564096501933,887.3268679095538) 10
(1000,269.7213324424182) 2
(915.4568525299374,977.8723148043872) 10
(346.47390025670757,432.9416267832266) 5
(1000,871.1335804546695) 3
(524.2935446790517,268.78251629071406) 5
(79.59287663535059,735.068687993492) 4
(591.8281528146713,1000) 5
(977.991121681682,503.10253958838877) 2
(572.5233199531647,0) 2
(714.155402954575,0) 10
(1000,672.1055886546602) 8
(506.67823436898897,106.62759640169725) 10
(322.3460448643036,135.45562334496356) 7
(739.4778633200231,333.1920813356935) 1
(405.6856335415897,250.59976804232898) 10
(543.826166338907,521.4304412629496) 2
(42.44396396838249,574.131880270284) 7
(549.2036490732396,405.75230731076357) 5
(923.5771036286096,598.7270171778778) 8
(845.2163781002957,593.7520346010867) 9
(664.0099373726836,642.9170132777442) 2
(687.1525167078919,696.7065156063074) 1
(303.51013500197644,504.2490296876191) 7
(609.5040538690074,543.445582518765) 8
(110.95863461080529,153.1830609267705) 9
(362.13959898192456,0.645703948668654) 5
(851.5774771623983,857.1050030380386) 1
(894.7091259389289,598.8527828074415) 3
(739.6615544572433,425.0431470577832) 1
(366.6103977951284,605.0232741154925) 9
(847.4923364497272,1000) 8
(381.37302641187813,406.67037252747684) 5
(651.9577960196497,948.4932324558407) 2
(314.6997508588793,870.5394705544143) 10
(635.9406426435592,1000) 5
(520.2493705135851,374.5352262675435) 3
(397.0510607276788,387.6566941311236) 1
(707.0899776451611,700.482973763585) 1
(0,185.6329555687817) 1
(67.97461316495009,288.51507355276044) 7
(328.51380559600807,629.0201769287999) 1
(614.6918559219052,256.8864287810624) 1
(258.8376516485108,1000) 4
(459.0457214743593,172.3515594905154) 3
(563.2530601763281,406.7911026419484) 5
(405.2849005566715,0) 7
(747.277448271851,455.72969572991565) 6
(658.4311796336991,0) 7
(1000,641.4063576865242) 10
(640.0632117367119,668.1470914753857) 6
(475.6300293281187,889.3797363272058) 2
(577.7236728286824,702.4515522741005) 7
(1000,96.55607590833364) 1
(1000,384.6680918284653) 4
(468.1773204183244,465.35301601177804) 1
(168.4175743959541,1000) 5
(122.36244734787442,261.7159829178565) 6
(0,855.2412445074558) 4
(248.6941824339143,291.60932704347374) 7
(0,537.638870153503) 5
(1000,717.7655037995003) 4
(956.7856003946563,308.6400289798674) 2
(438.0754500361049,320.00089335325936) 2
(558.7746776171135,864.4947158303498) 1
(134.59651572425042,625.0453768553463) 5
(153.70105010766144,804.2480384435148) 3
(93.2588960724147,234.14839986677185) 2
