1000 1000
10
(0,0)
23 80
200
(0,774.8882609985925) 5
(475.1144359896463,101.36670834108764) 5
(66.44878829089618,412.42744831855384) 6
(805.3381244299412,727.2676522142564) 4
(189.56767847079755,0) 4
(395.92517043423436,949.9928063955745) 8
(242.53725870756108,410.27962346301484) 1
(585.625930708241,0) 6
(589.3725815244934,243.74731810725984) 6
(77.88228291647539,770.0713232218085) 3
(754.4050451047476,526.7972784275444) 2
(546.4416230145529,668.6228940535933) 6
(758.6823672929193,542.6472085689568) 1
(232.6133036290061,305.26988951639464) 2
(585.0181479567259,706.7517559251114) 1
(275.95934225994665,836.2709281070408) 1
(0,397.345166468364) 8
(316.3398788683778,842.4526445217512) 2
(670.289101190562,335.81734280751766) 6
(224.97662852538895,0) 5
(682.7654001451986,350.67011586331233) 2
(354.45035473687096,139.30295270754596) 1
(231.1370310595874,789.085933521759) 10
(196.83663102634603,824.3551693190936) 4
(109.54180667380746,269.901438396589) 5
(786.0653760352666,297.6877274888308) 4
(617.9138870398124,288.0632440040653) 9
(35.05642647015884,557.7849350724582) 9
(266.0617900107387,572.4710310819479) 3
(189.84916814696044,0) 5
(967.1149755122956,294.3813644554922) 6
(399.61766118406655,535.9613400561723) 4
(676.4873494326399,868.3157798919276) 4
(455.79032030944313,608.1429403334056) 10
(236.29338977812483,424.54145828279366) 7
(668.522387855362,421.80846612133996) 8
(617.7714312427017,791.2147697303221) 2
(661.0646411186691,340.79278686589043) 7
(749.5234964789354,635.4058132201534) 3
(400.2794480653587,979.1069950639733) 7
(455.2235485465163,987.4287479955799) 2
(608.5416205239551,506.218733328033) 7
(485.4826751758338,576.385244317109) 4
(507.526736426946,0) 4
(246.7498534906905,791.0622443740642) 9
(404.48458293116374,396.8488074764073) 8
(565.8317863530942,350.41495016769977) 1
(914.8984534837831,314.7798844723359) 7
(368.2685161905225,522.2327794213255) 2
(846.9601745491088,688.1905218520202) 8
(302.69834773888147,546.1013754225474) 1
(520.0151282455045,431.2174414493716) 3
(627.8201030234472,302.87004252538986) 5
(557.5393564423921,1000) 1
(510.57001964771655,952.1188842428768) 4
(880.0531263409371,243.3324756081513) 6
(333.923791564418,524.42406478751) 7
(516.0510303502883,116.79652055119698) 5
(217.1793419042636,290.58243239874986) 10
(637.2182949757165,240.53375739349843) 4
(1000,0) 2
(423.688604292614,775.2566252000954) 9
(1000,513.4544045647923) 1
(750.7450187158685,579.1708846721879) 1
(0,0) 5
(293.78713644410095,198.53251864799307) 6
(877.9919695459541,395.79911876346137) 4
(906.5298240492198,897.5245189736725) 1
(797.930431784676,644.9256281156045) 5
(40.97005147177447,897.4766208430708) 2
(847.7978471433759,55.75819574232389) 9
(74.95335830074129,563.1507611277619) 8
(756.5860808323744,260.7716986062277) 8
(456.26783256592574,819.5440671039482) 6
(797.5057954072558,140.18646121862747) 3
(766.5508275313257,646.3233912884418) 3
(615.3703638520547,196.22634234957565) 2
(434.816725786499,509.2705170603959) 10
(416.60589232355585,262.7028601111832) 7
(519.9617477356545,962.1573999585855) 2
(366.9265714570324,333.1081471634447) 6
(365.9416252076662,1000) 1
(888.3445828315607,1000) 2
(177.70713497703076,983.496989477891) 1
(1000,567.1918543310446) 3
(237.8656515809398,935.9869455353077) 10
(27.228319010420137,616.2481941214527) 4
(749.0079248668728,219.09157614930416) 1
(577.3818639065462,177.3169155697605) 2
(358.37327700113036,97.04909861089607) 1
(175.24067556996397,306.85515105352715) 6
(609.6673583073718,375.8903216219545) 1
(488.8202779519797,594.361475945915) 4
(0,459.5654128605621) 1
(772.1117881792898,248.34439828698822) 5
(153.31032257551652,188.51207379208705) 5
(422.63467452107056,117.44150836873291) 7
(1000,46.533910174838184) 9
(0,600.5787795540967) 6
(571.1334985823526,610.17165865828) 10
(235.4740724314488,176.2725678847193) 10
(273.8556008879624,423.1121865940752) 3
(645.3633627436657,617.072452927552) 7
(966.2808440320555,1000) 2
(454.44514247360564,781.8477512293374) 8
(699.0827003331032,678.9723364800265) 3
(411.94457085734086,221.92097736227282) 4
(817.2719259593404,919.5176957640708) 5
(435.818069824245,584.4911379777976) 3
(655.2153956478239,666.5571048577954) 5
(641.3529259031661,748.471508626687) 1
(513.5470401107659,469.5832364906322) 9
(547.167234529618,497.87794035683277) 6
(722.5271088845059,444.77838171547114) 9
(418.11988612752003,556.9674773881536) 9
(383.34253724129815,825.1792974162306) 3
(379.6893598382469,343.8298187566561) 1
(366.028891759375,1000) 6
(458.51173129705194,430.83330155108143) 5
(268.83453285647164,444.1081697997851) 3
(277.8350150225283,224.32533690493472) 5
(633.3630251160736,320.7997667799589) 6
(698.8277294180737,645.154745046604) 4
(639.3683564885537,548.1935707207072) 2
(641.1167598171357,637.6946603068714) 4
(0,198.49022424184) 1
(155.5806954181774,443.9830549872178) 3
(714.9345277740192,769.1837207415344) 3
(581.8712197932432,494.06545567503133) 1
(406.84671997706977,0) 8
(182.1405722197859,735.9665222678743) 8
(852.1827709709682,103.0864380401872) 4
(0,142.1337687664397) 10
(669.0123717807568,946.285547346642) 10
(0,304.8764217112935) 1
(866.3040904694119,843.9835272361488) 7
(340.12921748528527,529.8448598631878) 6
(402.79703078342607,1000) 6
(940.6961250783721,0) 3
(729.7973615437111,492.5442104571773) 3
(546.9167494359426,705.8721478436586) 5
(0,884.4551829818543) 1
(1000,617.3578312354609) 5
(258.7476508704839,317.279857590023) 3
(1000,569.3953018372388) 1
(836.8864460326122,349.0474144654777) 2
(1000,374.8959380225759) 1
(621.374031353462,365.5237041813738) 6
(688.8323388924556,499.39210211188197) 1
(355.64276259774647,460.6433109487) 1
(487.3084169965714,127.93954198613801) 5
(599.2149958745031,332.0116449404534) 3
(852.7630524298677,349.69165431861336) 7
(157.42472945741707,182.3339758100086) 6
(335.9719395012341,646.4348487250575) 5
(599.6758663410322,859.0396261132958) 9
(18.900752508044775,281.06167541649256) 1
(301.55142699590914,672.7652339410961) 3
(585.1879881400505,865.7223539661792) 2
(581.9113683824373,618.4020126326039) 5
(544.5902184908543,681.5482848683864) 1
(413.3297484899617,881.300108548812) 1
(705.9453728501094,581.9842879380137) 3
(553.76654306575,875.5971685315258) 8
(97.07086035675428,413.5758955350332) 10
(369.00746345578864,875.7850835896018) 5
(103.76004072576836,404.08921348762624) 1
(1000,883.5838639743854) 1
(774.6517569685252,679.5612584183552) 5
(746.2345606245756,422.93996306121085) 1
(874.0188856026282,639.3241802645897) 9
(498.4260212466569,629.0547422351756) 10
(765.9896488621193,759.511997319066) 1
(0,556.0377550957193) 4
(40.256619463671655,0) 4
(0,522.2102135563129) 8
(1000,1000) 8
(216.4287122259716,490.6021975601799) 5
(789.3820454519619,640.3247346553871) 7
(364.5382563717068,96.63008862624326) 5
(702.9809044785435,612.9605480938556) 6
(980.8479679653849,674.5728759811632) 6
(433.23027377438666,826.0092878532093) 3
(498.1863324541426,891.7807603085707) 10
(312.583083505596,878.0775770568738) 3
(967.2668654986619,633.8577573793907) 7
(1000,711.5904767872439) 1
(874.7322885904615,83.85392615313151) 4
(0,734.8257351079775) 4
(630.0149972961192,187.67631877739285) 6
(436.5733592906252,968.8382713218621) 9
(254.08175071851895,597.7734619063183) 7
(655.169618188662,256.2099541142162) 7
(1000,213.50624524004155) 5
(634.8368904398183,680.1625355169158) 4
(1000,622.9547641343266) 5
(337.05824782657646,113.13891010219169) 1
(396.1514491274248,872.7871420012145) 8
(414.4720881094055,813.4522812095433) 8
(187.28448032942146,142.4215364551511) 10
