1000 1000
10
(0,0)
23 100
200
(910.2877060095527,43.47996764450562) 3
(1000,687.5152653511163) 6
(239.57585795425962,564.0341252198111) 6
(426.15899157756553,634.9010359735446) 3
(887.3543919943875,650.1605064044952) 1
(279.98367154645973,300.9845450512179) 1
(108.89083907151297,112.71815670062051) 7
(189.12921026104027,584.9219870197194) 1
(558.5496730567901,777.6932125479792) 3
(705.9169830558781,198.08297788820607) 1
(230.55555606910383,342.83306035346175) 8
(0,597.1181751338504) 1
(483.40670576595124,377.0979062955312) 1
(518.1221068352294,433.13579606291654) 3
(280.08485883128844,242.64230309557632) 6
(560.9958280991775,338.6373505021902) 5
(1000,883.9571911102848) 3
(485.22742981653937,767.1778349134133) 5
(162.1269829058013,0) 8
(0,513.3846608990099) 5
(120.91846980532881,421.92771993341995) 3
(477.61121142825,117.34454065779846) 3
(775.1017315598929,0) 4
(171.3567681508228,1000) 7
(938.7240751566978,270.8853946513398) 4
(1000,296.1247139672722) 10
(743.9109535010507,739.8130739911542) 6
(408.3868730781137,525.8079090488545) 6
(337.8560510833465,371.3041085837391) 5
(366.7203758597211,731.2702732580475) 10
(0,820.397130666673) 3
(194.4412789859433,180.58738296160732) 8
(816.8219339472856,0) 5
(568.0112424125058,163.0256150045036) 2
(426.80010011390584,263.30448193176414) 4
(387.4147828742641,1000) 1
(886.4404141712728,715.4828656923249) 10
(262.9402506393417,683.7922236498789) 5
(198.16697304776358,66.7362577829009) 6
(281.6536950381594,1000) 3
(275.3589267042869,823.0165442975024) 9
(783.2487192611277,405.0828454813612) 9
(944.7524147400226,879.5008142511485) 5
(353.17035276384706,420.8397215846067) 1
(360.33784521407466,121.22972222990995) 4
(973.8376601615626,993.9688170973384) 1
(510.11698907073946,307.1806484871803) 3
(525.5764018610487,638.7234364321471) 3
(256.0405482934946,0) 8
(0,328.6253504415813) 4
(191.57698763315722,173.8287957178125) 1
(923.4450973790736,717.4954341131238) 5
(676.4123949825471,0) 4
(125.73289356667073,529.3947569564484) 2
(442.3212329471536,883.6703398073287) 5
(412.553053191726,1000) 1
(271.0176649199651,1000) 3
(848.7255757086248,541.5741105914267) 10
(817.8903541520749,689.6587833520036) 1
(433.8881404314853,662.1699868962902) 2
(316.88255304012705,438.0069734675525) 5
(316.90638921472515,555.2610862978147) 2
(270.37006373167014,0) 10
(292.19456570506884,298.87885023219116) 2
(667.9562720527615,469.27605283135154) 9
(544.7206039314614,532.537190200368) 6
(768.3065451462849,201.7883620988673) 6
(658.6089732405862,577.1244548965003) 1
(396.13951016941576,868.1621578897164) 5
(427.9231919730958,634.2517983895035) 4
(984.9035619266874,941.4892183416937) 8
(0,698.7022808306725) 5
(645.901609129669,543.0636097037458) 10
(506.9807640340677,1000) 7
(551.3829046790535,1000) 4
(602.2058589588593,550.6373863466484) 1
(1000,533.3505374399655) 7
(108.16640514490769,223.6091485529218) 6
(379.1072320091928,692.8390486183025) 9
(0,497.46858983732477) 5
(1000,43.63920246458531) 7
(924.2995987135829,1000) 1
(257.5833398721611,585.7238273263498) 4
(871.206661426075,837.4493183436178) 1
(3.837199610481548,661.6806508099851) 5
(471.4670939522664,240.69616804914847) 3
(104.7042180134988,184.0433984851345) 6
(680.3559393515126,221.35688134815388) 4
(520.6359390108541,390.8066977905968) 1
(774.6526082795274,312.56917174480054) 8
(194.3326561070046,566.6278114180863) 6
(338.1101534308418,221.92646472658254) 9
(677.9957389176471,264.3828897631671) 3
(517.4550418472847,373.0652475086838) 4
(550.9067684950757,350.61439376275507) 1
(708.9684370465079,0) 3
(494.8057702005016,53.97566582478714) 6
(673.3292106321335,271.70299117337504) 4
(552.8380166505951,505.6556907500862) 8
(0,94.69288390640838) 4
(409.7139404793005,272.3560909533255) 2
(760.994044104798,231.07253637540873) 5
(620.7667688435918,0) 8
(498.15423972306445,935.5752891920365) 4
(9.50261492050953,858.201829990096) 8
(0,1000) 4
(546.6274490529065,248.94886697434123) 5
(341.12642911401304,164.80506942712282) 4
(639.3308866449493,886.9312827155024) 2
(664.2551015404724,787.1211527613679) 1
(1000,367.2840015703023) 6
(655.729348861088,1000) 9
(704.1660303978412,461.4451178053209) 1
(1000,247.57924133064319) 7
(277.5760464809688,545.1064113313731) 1
(683.2640642330323,380.53848780304105) 1
(929.0861701597619,787.3353580725287) 3
(243.85872156386768,576.4171270370039) 7
(0,463.8983475612735) 5
(1000,770.7778515122375) 1
(0,924.441507619747) 8
(1000,356.273815423775) 4
(580.0451516854279,669.5496471602366) 1
(794.7661353146489,957.7522135935319) 1
(1000,293.4318619191811) 5
(993.7456999103488,670.8316319238648) 1
(325.23464908015706,300.7565721263993) 2
(401.19325390309217,123.93131933531009) 5
(830.9579727460583,733.287145054753) 1
(707.8413532238903,323.5762968719665) 10
(919.7316407564017,731.42633860305) 6
(182.76071562282112,295.2411319284446) 2
(839.8516234850196,238.82475995794124) 1
(712.5032763084545,1000) 4
(165.00826087546693,747.8685947267231) 8
(757.9284803576957,299.99804918584795) 1
(867.8451954105283,897.8432576702029) 10
(604.3736578820814,383.6600168954474) 1
(67.94525429713707,0) 5
(1000,197.90950883662532) 3
(619.4252723335161,133.34136373229734) 7
(990.5672053158687,0) 4
(521.8091821203137,184.45031938725538) 2
(685.5277748765383,393.7789967559478) 3
(546.2619056034507,664.1043814937085) 9
(592.987797589324,990.0435308322815) 1
(494.05361167929834,388.15054555696884) 3
(721.7046759734183,732.3197080599545) 8
(103.04118274711294,1000) 10
(1000,216.53970215924204) 2
(491.4504479591985,258.21412543635745) 10
(892.5508718031408,248.56082409160499) 2
(713.5376731313677,728.4880819864801) 8
(217.00142001555787,184.9307907295297) 8
(653.0589870176965,355.20670995461467) 6
(703.0696312603452,520.0541346494533) 8
(849.5688959227035,703.4078709003994) 6
(249.99887911170293,358.8456468110917) 1
(1000,817.6689677407369) 7
(506.0250861672414,606.7666365200799) 2
(298.73501329340246,0) 3
(831.2336249059986,517.3696965613057) 10
(243.91189556995965,1000) 4
(83.32796132373807,803.1792151635286) 1
(139.61228963762346,529.1123402104067) 3
(0,93.16256183026172) 3
(287.03026430139937,1000) 5
(763.6682506089428,699.1026446068936) 4
(507.6266814216812,394.93489081551047) 8
(748.9382766017807,255.74512722622717) 8
(375.1988015733417,1000) 6
(675.6687888085648,249.18844807216436) 10
(829.8328313663935,377.84582400434203) 6
(641.4248683524239,485.58716585816387) 4
(899.0300923913528,445.40640428072305) 4
(0,359.27389937615146) 1
(785.4758050693033,387.67914209408127) 6
(438.7106627070532,278.3776440790939) 1
(587.6693603374005,771.9850884335096) 6
(742.4689278758344,786.803397389863) 6
(763.6874020561912,943.3505140146937) 6
(0,392.1217468042915) 7
(387.130478551098,821.97692340655) 10
(0,457.64918618060244) 10
(142.42396225053494,485.1377625334965) 6
(1000,537.5003007621852) 5
(445.7809268803043,442.9536897125229) 5
(307.26189711394403,104.44400290922584) 4
(1000,449.04119978906914) 4
(0,430.3067972012588) 6
(541.7762528810784,518.8508901860873) 5
(407.41927064732386,220.76385476779302) 6
(258.3548679502172,493.84537049555314) 6
(640.2702597746497,538.5784322122832) 4
(848.6728916320917,764.6466358873292) 1
(499.03159735905825,136.3531011804984) 7
(252.88818467066326,507.8631430251293) 6
(449.48055471061906,422.21949472131143) 6
(183.3680609488398,941.4405166851245) 4
(816.2891685228842,622.8981486402156) 1
