1000 1000
10
(0,0)
23 100
200
(183.25709622330493,597.8485590564632) 4
(290.0060460394707,246.86493357795396) 8
(511.1540367127419,742.5895236310412) 3
(380.72360509233863,238.02426664743996) 9
(473.83467075401535,162.8801806824519) 1
(605.1724237660064,0) 7
(917.3118647216786,606.0286567616838) 4
(539.4380320284282,971.8921038439344) 4
(204.59359609233132,391.3728903004235) 1
(0,912.082970120168) 2
(749.5521405852978,1000) 5
(607.7744290849137,311.51416108382324) 4
(0,714.0799297283037) 4
(338.77160178291024,437.48303889662725) 3
(557.9257792115959,552.2036410543975) 2
(1000,279.8415648064409) 9
(0,572.3357619023568) 5
(168.40009310570633,664.8480154573874) 1
(0,126.15306755932357) 9
(0,651.7030480155844) 4
(552.5822811045597,374.937647981639) 1
(592.8303913375106,438.32465306552615) 2
(302.69500976073164,1000) 8
(764.6904950163654,14.04278643571223) 6
(565.9473327321042,331.76095617532565) 2
(869.3239744034263,685.4681269379134) 4
(53.79485090461958,401.5108849423023) 10
(447.94997008029213,911.4025103021371) 2
(236.4469727281528,1000) 3
(770.4484255420631,306.8488607336014) 6
(300.0878066705707,298.4104050469457) 6
(317.0542255096856,681.3386435146074) 9
(472.91441475877576,727.6440763159637) 2
(0,258.2912425285113) 8
(180.03507543026825,342.89538067275373) 3
(222.27176856070867,815.0425271000565) 2
(194.92739635380588,0) 4
(1000,95.47181002163899) 5
(197.18348772272816,803.7234281098873) 5
(0,562.1501428187637) 7
(351.792089496542,611.3539059536595) 5
(819.0299406092009,0) 1
(356.04852455287454,0) 8
(177.88269633780732,0) 7
(477.40151772272174,0) 9
(261.47452708988436,619.3212061256755) 9
(720.7530835407165,70.1681005486634) 7
(373.17396831133146,1000) 3
(449.0986637125855,555.4425171404329) 4
(0,698.204150097795) 3
(555.2913973673551,507.35506157807055) 2
(0,578.2161334197802) 10
(538.232772960577,599.2029214912641) 2
(406.1273230601642,780.7281807632676) 4
(247.85313142120887,400.3424916380977) 3
(279.5820757125259,608.9856390001612) 5
(506.0351020193832,920.6396702695745) 6
(344.2070839498077,234.88202609288157) 1
(641.9702323597397,4.11481584467424) 3
(353.5657578264739,1000) 2
(570.9391567795208,1000) 5
(395.4218128515394,732.6599957836273) 9
(410.0448950353545,629.8521703235482) 6
(656.0187762983385,0) 1
(678.3842744706529,438.496174723475) 8
(546.9125009144605,683.0596325755657) 2
(945.7327622356793,154.8777899564982) 2
(162.58010017637434,215.70777725527256) 9
(309.42940665824557,353.84596096513974) 1
(476.1283259383905,80.42365776267116) 9
(572.3013726084224,391.7701841073052) 4
(638.2764036912579,0) 7
(343.3791586580779,514.6413783258151) 10
(368.10793919781827,160.1732296976449) 1
(219.9567301670682,797.4268165805331) 10
(493.23600065710883,825.1688773321334) 1
(553.160482439029,292.3472357707659) 4
(615.7378796581031,277.36238143617504) 8
(662.2259890030458,124.83073460765678) 6
(835.3435024852391,941.848875647222) 1
(471.3686995177334,618.5834899581765) 1
(404.32302720971916,21.77477153503156) 1
(282.83008682815637,871.3771651543332) 10
(305.9441533364627,315.91804794158804) 9
(1000,1000) 6
(548.3317841030232,762.7920632108153) 5
(116.29903668727633,359.67399519126684) 9
(534.8218463694892,432.4756820254519) 7
(583.1145217792209,386.99976874990415) 1
(878.7875248743635,422.832032169589) 5
(499.4065948071727,254.08615843764986) 6
(746.6058442486166,1000) 6
(442.8408963611968,593.3816808175145) 1
(548.3941978968583,966.4762177791076) 6
(550.2121376280096,0) 5
(0,170.80189563345158) 2
(573.336859262278,938.2901003550935) 1
(514.7921755739461,0) 4
(943.8582227522211,524.8257026731194) 7
(473.59487710254444,864.656674071489) 6
(1000,549.0509780648403) 3
(57.59821468283491,500.2131719620051) 3
(293.1707819627037,524.0317554439052) 8
(295.0021073554168,767.1392413851489) 9
(333.840777420018,651.7692695157459) 10
(396.08989490989444,407.1106155043676) 1
(405.6460676163362,0) 9
(782.2599671134071,449.7489757896901) 6
(348.1134478812518,994.6729644051976) 4
(272.5726156655935,727.7588982799797) 9
(628.5592961934104,837.6452564989926) 2
(134.33191754528008,768.395396462904) 6
(954.8185118366694,554.628242640641) 1
(1000,347.11488046062186) 10
(672.8407269970961,639.7114967585078) 4
(369.2183257132111,838.819286165278) 8
(1000,57.83776263540403) 4
(753.627963504373,810.074218963488) 2
(278.21326924413637,887.9137475727288) 5
(481.6479716952377,463.019899266685) 1
(439.74586810550755,0) 7
(962.1902351333204,432.8782897166249) 10
(362.0883502554009,547.7581024192732) 7
(390.03276028868123,500.82711346295224) 3
(500.07927864905395,530.147994458861) 5
(1000,794.8752310179684) 3
(389.10103882713184,704.0834014864117) 7
(479.94667564323015,933.9321943149453) 2
(600.3905678487605,396.73137962084667) 8
(135.07173846972336,415.71949056356414) 4
(960.9513694984021,623.8705670997381) 1
(636.9973896545422,133.21712189567853) 1
(874.74330398211,515.329522297945) 5
(834.1788128064579,926.7615663248647) 4
(0,756.9961567726448) 4
(121.04112025544242,2.36731332559134) 3
(0,823.9471304508526) 6
(202.70174413463297,648.1364903494634) 6
(67.96823033395589,475.95260220755773) 3
(495.1782648885702,493.77041555221206) 7
(480.7609337807724,498.22369570498347) 10
(329.9832672511518,0) 4
(134.3169039080043,570.1834782968184) 6
(132.40269775320388,504.0917902327309) 3
(1000,202.57866336034402) 2
(740.5538184936541,567.4805224932467) 9
(878.8931175272435,626.085142090664) 7
(724.6677244957291,596.2091917990033) 6
(394.7352772900141,1000) 3
(923.5093675895642,52.23500372657696) 7
(397.9892133542593,341.0319249990622) 3
(468.767413101964,742.7138746905015) 9
(679.5667429693588,519.8441872878738) 2
(639.0067623927573,515.0641110090502) 6
(153.65703238286818,527.2344344912082) 9
(853.3882384896622,342.0108087010451) 5
(252.5745478654134,1000) 2
(140.72428951613762,629.0303811132935) 8
(421.926444418306,406.5597055447724) 5
(918.27778507323,832.1154923368574) 8
(591.1129916929112,1000) 1
(125.44782088597543,706.7632987966899) 6
(38.34148414768936,905.6541036030396) 1
(772.89097435793,599.6234940625108) 4
(835.4315395856568,840.2411955826406) 4
(625.9876345431973,509.1310727692551) 6
(1000,615.9875902630209) 5
(459.0903728854869,170.69647173868645) 7
(179.73889450680173,732.2290723013768) 9
(446.2724993292219,337.14496888450145) 5
(602.314950899721,263.13009950105504) 1
(0,525.0709596462845) 6
(582.2161285627768,201.7235716778248) 7
(692.9683141716054,269.1419705699919) 1
(403.8251331955812,309.59910485726056) 8
(275.01957697151647,0) 2
(560.8004666256834,753.543830770408) 1
(795.4900192917644,486.19545197591754) 7
(626.514050373649,363.6264132594507) 6
(374.9528276476241,132.5480563585233) 4
(0,169.8170205011727) 8
(482.24542102240895,970.6645733788507) 1
(780.561599918698,441.9628872708586) 8
(0,303.68710016030593) 8
(288.9736160611842,576.7029514822925) 6
(218.76856108631102,375.0521131150965) 10
(979.2219015376927,716.7711077142286) 3
(826.6071653311835,1000) 10
(563.2883894160769,382.4644740011172) 6
(44.46676030680396,5.710736877258739) 5
(759.9840596673961,311.2760356036151) 4
(707.406932391939,1000) 8
(617.676559523005,932.0586967610079) 4
(659.9432448133501,1000) 3
(381.66293476741816,439.1615825058047) 4
(0,687.8973418962813) 2
(410.0951277589121,578.850205841119) 8
(14.943125802423253,372.9885863576425) 2
(767.1796295988445,380.3045045630152) 3
(620.3679645467105,278.7729646408452) 8
