1000 1000
10
(0,0)
23 100
200
(482.53845796390374,7.807274984601804) 5
(593.0741469799948,647.663536428101) 8
(452.0530324617343,792.7946797288621) 2
(220.5243568538694,374.05458299228474) 5
(135.653616231088,750.0162549870474) 3
(617.623068646936,112.0337679198679) 2
(904.521565357893,120.86808479153171) 1
(676.144179702249,1000) 2
(402.26743762930784,1000) 5
(315.99862949505416,480.8443331887475) 2
(405.92137059831407,625.3074673497925) 10
(638.506554421748,474.9296391356581) 5
(184.34832693771352,916.1172879302044) 1
(396.6969255476781,373.8275384635455) 7
(687.750518339095,217.84072388525124) 4
(242.24944730950773,303.7160703763721) 2
(442.2150651167248,643.1519805799633) 3
(402.42797438433024,510.5753634875591) 8
(419.90400665497987,402.1397817164177) 6
(858.4728265428989,625.4077978129711) 5
(339.73914626416763,1000) 1
(753.2072874883413,699.3656203190317) 8
(237.57846056795512,140.7969949786102) 3
(491.28060100577596,477.8491173255532) 3
(590.4088127158894,1000) 1
(911.1079984724311,312.24766317187994) 6
(756.566350032671,538.9342094719593) 1
(372.2862592515505,564.8158087715218) 6
(653.0837784969376,714.501717054532) 4
(445.92426690621335,95.1311960856471) 9
(102.72262405237103,593.5887096685074) 7
(34.708439676845444,870.125426868993) 8
(766.2775030991008,225.25446119716264) 1
(831.2820458143276,50.90630336063282) 2
(260.2540502505557,531.2016376341096) 1
(1000,1000) 3
(1000,90.00278400770401) 1
(794.6130212343583,13.204570348121365) 10
(1000,691.9163128258156) 3
(1000,569.7205179153407) 4
(1000,408.23222568489217) 8
(1000,164.2134148095668) 1
(1000,682.852780449507) 10
(1000,405.0864613295859) 7
(330.72229350375835,170.91294222690516) 7
(946.690805672536,85.20876556876527) 1
(591.9024344448185,387.9808220059681) 1
(430.1966337874885,395.9126541109941) 8
(415.51766752427045,666.3207666841888) 1
(199.60637980752188,436.1637206906987) 1
(801.2067177281422,1000) 3
(260.6505530622148,58.691351956567246) 6
(319.3822433568944,438.8866673304663) 1
(410.76086373504376,410.2931491902375) 7
(618.6977264679323,406.0160774373801) 10
(530.2866409590938,562.3558750934624) 5
(814.2294489005269,0) 6
(915.3912769802376,0) 6
(718.04432072147,25.46227531056394) 1
(391.99785788779985,709.4443963559908) 1
(416.16284731337106,230.86740896140861) 3
(339.66841169153395,26.500665325088107) 2
(3.737844740273715,940.6340234415538) 8
(0,0) 10
(627.2606206367103,869.409962290167) 4
(937.2954387815699,617.5491663230605) 8
(6.92418039511648,345.29382674538977) 7
(671.6258351732055,513.060931591359) 7
(807.5190875452254,489.811541063364) 6
(600.3379317462345,8.973192715687901) 6
(924.680754237485,739.412880100951) 4
(867.7303384593827,759.4809222515127) 4
(547.3808737538237,283.8656660084108) 2
(1000,264.79318548067727) 1
(856.316726665526,0) 1
(455.56434182507115,170.35238069248197) 6
(591.8321322383251,463.89425192232426) 6
(140.56659145932537,170.78468623539993) 8
(190.6119672847713,687.6928944717447) 7
(254.85109676246532,836.0535808301926) 7
(0,657.7515579435968) 1
(423.8240634217074,470.7096927943926) 5
(669.4997689962869,674.2825616196487) 5
(1000,506.6337732006397) 5
(961.2023494486175,443.9359747496205) 10
(1000,617.0249546677214) 10
(502.86462277553915,1000) 6
(310.96012810398156,641.6358370857395) 10
(1000,540.6597311064793) 5
(398.9828364556033,771.8383606327261) 9
(476.72905983213104,432.00094940011667) 1
(476.7153102759967,673.5172838856819) 7
(407.48918755098174,0) 5
(933.1771424423175,795.7011834635687) 8
(278.9105172803728,370.079500800922) 10
(647.8689502416253,864.5272960261129) 4
(371.67907296075157,525.0003806597508) 4
(645.8608765580741,465.7006964643675) 2
(492.3958010297068,878.5957407543392) 6
(328.05877003594605,467.7014403370919) 1
(592.005226494603,772.1807240452436) 8
(597.1991511653646,210.14134159169038) 9
(623.5262223675164,169.05607234134135) 9
(782.9425924285966,634.4951679105118) 1
(811.3891949489278,301.4145662665102) 10
(330.62811699916347,569.0139775168773) 1
(78.39766774395645,380.7733991186064) 2
(813.7571469136319,0) 8
(805.565662014649,0) 6
(1000,124.7871676835361) 7
(1000,429.24537535235083) 1
(809.5450422298615,327.8404576283642) 6
(213.23916654102374,184.26904310529017) 8
(614.7353159029136,388.97795378097607) 6
(1000,715.3844224931262) 8
(875.0641969692124,0) 8
(148.0221893559825,408.58147757056895) 1
(271.4635360052707,575.2277550379398) 1
(856.888910829266,693.2671633955366) 2
(149.79126600428287,375.5465632237568) 4
(345.1182928923007,817.3782834369666) 6
(620.3718653979939,964.0448774749825) 1
(406.9395891015745,504.5250078771384) 6
(823.6078216261549,269.0556627172922) 3
(465.81495296451664,463.7565222826991) 4
(1000,701.8150006243313) 3
(242.9469329081802,134.7850519276285) 4
(675.9910123488789,361.9089044358516) 6
(651.3261342236117,943.7214554046361) 3
(203.86131504589486,178.82222362837928) 4
(432.77637989702214,503.9762924661324) 3
(0,525.912064332647) 6
(567.4883324755776,957.2373535125596) 9
(583.0499837978588,821.138755939181) 1
(212.2140103708959,508.9389934822863) 4
(437.133665617925,523.076026890643) 3
(466.97090325776725,85.4320826091174) 4
(298.9147340100255,0) 1
(996.760500389596,243.93515787695065) 8
(731.1980542732255,382.00002388980283) 5
(908.0292780200843,19.604285383313538) 7
(507.06287984970936,637.2708061275162) 6
(733.0210492981373,454.87647867803605) 5
(336.6315615053395,835.3751854491547) 10
(598.0227546203074,987.6797380586348) 2
(554.9393352860029,487.65917969756373) 3
(542.8713400644526,291.8405170489252) 3
(453.5914992763151,220.6411545546083) 9
(622.0871701118009,1000) 10
(302.6686260982482,793.1904250209461) 5
(245.54543651719206,435.4092040784906) 3
(184.369643485194,539.1703179759095) 4
(733.65087633896,403.47752473196925) 1
(725.3721388951728,203.35081511954405) 9
(371.51467083189857,862.0234984104345) 1
(208.0588853389994,448.319040871644) 1
(410.3715114121601,0) 5
(647.2127551035263,777.2069417881597) 1
(575.0211301725731,106.02417895140775) 3
(594.3056352269994,410.9150736749879) 1
(1000,496.28537254066765) 5
(862.7650859251075,550.4863425756272) 3
(319.6254234822603,330.1864390632155) 5
(829.4955405439376,0) 4
(891.8567100532196,949.3144382184423) 3
(643.5944504575778,933.4525979366216) 2
(9.23184878417186,390.42663555365215) 3
(646.4246913145298,234.9018518362679) 4
(453.8853099481095,788.1937079224662) 8
(100.0727520349883,159.12075285022235) 5
(724.0508153967826,507.02106902572393) 2
(732.832282463899,626.1402038703634) 2
(0,440.5097212874474) 8
(447.7730383122496,485.2418350454132) 2
(327.29065974956416,307.0832552421157) 2
(148.43991920374646,455.6378918299704) 9
(251.608727061706,594.805949435234) 7
(463.7369569234107,453.5770242514145) 8
(534.1991867500047,176.4739383441833) 6
(560.5129335672115,535.6799392948438) 4
(229.46610015731596,258.82229564711713) 2
(0,179.02443680723934) 9
(42.00430856826995,893.9052533293795) 8
(1000,690.1814600420926) 3
(251.5576177985889,565.0678138658809) 2
(610.3486142187933,1000) 2
(228.3764369698435,645.580730179486) 3
(1000,280.81179496313314) 1
(521.5035670501373,260.0429177755585) 7
(521.2638958953505,673.1245416796796) 3
(398.7168318455277,0) 6
(334.3946352050051,678.2660199828354) 2
(635.652780914407,662.5163448589161) 10
(460.67384071424965,834.6525037633813) 2
(597.8762540592259,605.5829061321735) 2
(308.2740416621268,157.2959133761567) 8
(230.85880256312572,149.91651610973787) 1
(425.4835688561391,290.15097715986235) 2
(660.3757890132897,106.2375999238779) 4
(1000,889.7752513736452) 5
