1000 1000
10
(0,0)
23 100
200
(467.43892533064303,477.50346472779705) 1
(789.6983230728147,752.4639017764782) 4
(454.6287769611642,578.6440297697458) 2
(491.5849359091672,585.4915036271634) 6
(825.0923112618178,266.87648331821623) 1
(457.01172643159885,564.9389933259392) 3
(1000,17.065911526235368) 1
(814.3058739843627,272.14999034002165) 2
(20.02026556491029,330.1164611730856) 8
(981.7013806707105,866.4159179364417) 1
(390.76567539222947,0) 6
(444.3199018724116,607.7720542393376) 7
(0,605.9535151408011) 5
(175.50561002773452,0) 7
(397.40340591446363,661.2274379189419) 10
(614.5514021910815,240.38548741761997) 6
(19.538289012595328,364.5211593535247) 4
(400.1262717911979,589.694383100877) 3
(755.4099089596422,810.0125009482265) 6
(696.1081455501569,237.17585842907437) 1
(228.24351859935314,815.802377506097) 8
(210.25834529364795,7.4731072336313105) 4
(399.175528296533,174.65019239411782) 3
(139.45198602434039,771.2846707282322) 7
(952.6271979994194,540.2907932035678) 3
(481.80875394080925,923.1929094850725) 8
(382.1835811943705,702.5443239146035) 1
(0,579.3931101003834) 3
(0,449.68690941340424) 8
(821.2943476419133,729.1044605216241) 4
(656.51734050415,757.6493982012254) 4
(1000,568.1160458485556) 5
(493.22120832913663,903.6266384125654) 5
(599.8396847533973,676.8258893327204) 4
(257.62218644054246,470.393845125762) 8
(826.0313037526594,0) 4
(594.0252744057289,559.680133451091) 3
(270.9656478768294,413.4528824160506) 3
(854.716188056408,1000) 10
(706.3300355023005,367.2115513508322) 10
(482.8781864560569,1000) 10
(983.7688581343492,654.0867485290594) 5
(350.01151715000094,262.18527386884296) 7
(465.56788870277865,1000) 8
(601.5353726562502,774.858396652115) 4
(0,706.1689659980203) 7
(356.8087747075401,1000) 8
(568.2703260645891,560.1361774797556) 10
(640.5687360164782,1000) 5
(556.3700661438842,231.2383675044286) 5
(671.7438785787965,988.5156845926888) 5
(672.0297415593091,725.537816290899) 3
(598.1983307376726,433.58334308836663) 4
(59.8355473133235,185.68923719853666) 2
(200.7533717896966,582.8687152551361) 9
(0,194.55484678098833) 4
(371.50905577259107,0) 5
(215.84881688193417,598.0774017446506) 9
(288.83726536546965,739.2661405536765) 3
(441.87232729888063,712.371675577476) 8
(623.3080623798946,454.3299040635311) 7
(985.84002500928,918.2454676323332) 4
(792.918291991137,755.8221327159072) 2
(1000,163.21181136671532) 5
(0,587.508656315164) 7
(371.51828731495795,429.4019614438905) 10
(646.9392339424297,511.1903253575382) 6
(973.9304348905375,881.1730709620965) 2
(1000,415.76726490874523) 4
(292.0123809888206,259.94010741847717) 4
(582.1897850336017,772.8414020890755) 2
(838.9146140299199,768.2991256620004) 6
(313.7503861950357,675.6488458793691) 3
(414.47357267913947,560.336550264466) 7
(1000,750.46023583501) 5
(246.9171241194762,574.7650756124978) 1
(647.1218756812008,143.58027462252994) 4
(0,748.0296347543375) 6
(1000,373.70181449545703) 10
(939.5592412587499,0) 2
(548.7681348737176,610.6979801151958) 10
(396.0607872762762,232.4708791582845) 3
(0,575.1834575181256) 5
(176.02456736507685,501.5183298856127) 5
(583.1187109254766,197.40186214899717) 5
(470.2706259467496,297.73720566573263) 7
(777.3410265304549,29.502153845868634) 10
(1000,62.61651510896388) 1
(0,539.3178679891928) 7
(1000,575.5654668907736) 1
(496.93832873566816,526.7961591423535) 8
(915.3317708156444,822.9884629837377) 1
(101.8629266074305,184.75383757672557) 1
(0,620.760546139923) 2
(1000,0) 1
(301.2716397767842,499.2286241688532) 5
(104.08825126613687,854.6533183819736) 2
(928.0426396575953,800.0999879547851) 3
(47.62119570055199,519.0708990144745) 6
(614.4901403560748,169.07833129984277) 5
(555.2279540253456,598.731952507053) 8
(225.4508404324174,477.4836037756104) 6
(289.7713199070781,14.009058515425806) 7
(858.8783170506454,178.17492053668389) 7
(699.6482060805216,346.2886677523113) 8
(336.6979349355604,896.5713628374856) 5
(768.767707725856,973.8344111655601) 3
(99.63227735429092,1000) 2
(221.55400937604338,630.6207186995125) 7
(718.5672141500627,0) 8
(612.9145377605897,330.9250664312191) 4
(1.5903416274344409,198.95204393080712) 1
(350.55165044591035,163.73708937996793) 3
(463.3145499130445,226.98008299717554) 8
(394.2988878510909,104.46144582449585) 2
(471.8115961285139,594.1049589027674) 3
(628.9129696500047,237.404382695719) 5
(261.4572586879691,679.2848134246668) 5
(0,1000) 4
(709.5822247934154,449.2939984286486) 4
(1000,610.4996739251428) 3
(533.2820707970541,644.8834377801413) 7
(437.96235658807217,220.4709990928057) 2
(306.7753283404171,583.1814353633947) 8
(972.931679711885,336.5737622675083) 3
(241.68600073482156,560.7929763713599) 3
(857.2181141287656,576.5196841912002) 2
(558.0779092577776,0) 1
(750.9048581136192,901.2214264755022) 5
(805.1040209599712,394.4956227413305) 7
(176.27119789393896,196.47660540892247) 3
(458.1555460632302,16.079000593278465) 3
(755.1693132499764,446.0388582822977) 4
(360.42639332399864,364.6611169806989) 4
(0,699.8385693593085) 4
(361.98174519563884,187.92715918377417) 9
(1000,457.8338529184749) 5
(0,891.9475812522448) 4
(667.4628075455652,317.073802667107) 4
(293.8052961274626,0) 1
(678.5877750219479,415.9851842256915) 9
(481.2643116781825,1000) 7
(703.1511479046734,230.47009575567796) 6
(0,434.8889935382451) 10
(351.27816539030835,0) 9
(120.3429518600401,779.2605225426668) 4
(469.2292355852821,170.3599396690841) 4
(619.8836868685219,667.0059670522172) 5
(482.22693510996953,503.42196924134413) 1
(281.9562199365429,580.2762583423748) 1
(232.70575288956377,82.3385782833563) 9
(859.8156289503007,451.9091901995189) 1
(641.3647348333851,548.8787056023091) 10
(0,0) 2
(880.2835176907349,261.2959026771356) 1
(662.598641346946,45.72029172907884) 2
(789.324672954987,389.1118836222724) 10
(730.8399483287882,371.3902230855549) 5
(353.93880223861834,210.5738360217913) 6
(355.63118186413146,216.94762138399318) 5
(256.6638954080248,721.501905602846) 1
(774.1724601401684,82.6502161166789) 6
(531.226126418788,713.5262005713614) 10
(871.48184061077,471.7519599538905) 4
(614.1431796148064,1000) 1
(0,982.6183694335432) 1
(0,386.92546289394716) 1
(985.3503655899228,784.623487214709) 6
(406.1526925011353,525.0762528830626) 2
(1000,370.90004483019555) 5
(108.26917245338836,684.1120325664333) 7
(491.791013443429,679.8772234672973) 10
(411.5802903413087,690.7912848657511) 3
(766.1425873733493,589.133579052846) 1
(642.757057164524,85.28854885780117) 6
(887.0655617587738,464.64422233362376) 5
(801.8864908947214,421.791169129128) 2
(782.8176497534039,690.5280660939995) 10
(867.4740966892973,74.49702177889827) 2
(678.5478456798521,151.66023510246697) 1
(380.461351029496,869.150612284487) 4
(234.84391326445837,491.78839336529984) 1
(267.14484498463685,629.6864603273724) 9
(896.2899952834364,493.1221390853047) 3
(772.317222260107,67.08066396860096) 10
(0,343.4932613470867) 7
(29.87180656134069,465.4636388062779) 7
(294.97497069321,548.3212983516613) 10
(457.66394615995773,828.8764797799932) 3
(730.2276532836635,379.8824384851962) 3
(802.3651282228516,691.9282560935133) 3
(190.40204851680954,422.6706045621181) 1
(405.0807530747937,403.54544853605125) 5
(950.824420720015,401.2483426104663) 7
(452.243677379586,728.5230285438233) 1
(419.3099093170554,582.4815919374809) 1
(177.18352914795247,483.2121612558974) 5
(213.2106150738175,675.1836542003351) 2
(77.47361871308516,99.19963803630651) 4
(568.6943607228573,562.7112000690154) 1
