1000 1000
10
(0,0)
23 100
200
(684.8551711453725,733.8173535076955) 8
(278.86334189346667,434.38568482975217) 7
(700.4410040215512,583.8491180095064) 5
(86.61307798660357,16.298849336719513) 1
(515.3651050540853,816.2968382763095) 4
(379.2356810619749,586.6777038948646) 2
(850.3583325196373,688.8144461534939) 5
(1000,1000) 3
(0,532.5271372530187) 6
(345.4890055452912,258.8875695581058) 6
(716.8704059869439,957.4774779404331) 7
(769.0685618722607,456.6576446078585) 1
(444.5373815513924,936.7311709667526) 6
(484.0897007977403,416.15783351289315) 4
(1000,231.2415263888114) 7
(460.6595850196632,823.8423951359963) 2
(101.33771755106159,73.82984968482498) 7
(363.18066990419476,670.8934070463215) 2
(733.8662731052948,893.6467920963478) 5
(729.4936229543712,859.1788810684686) 7
(108.64013345394591,0) 4
(428.8964328238711,120.48330439875383) 10
(445.54710573206376,184.90496518965006) 6
(793.5363850312813,0) 10
(637.4621606236851,174.13053812420094) 1
(764.7204873633526,201.64001140443463) 5
(640.2795068796579,712.2292172451977) 3
(584.8315303937724,278.7111069781701) 5
(267.61519620806916,313.4776453885943) 1
(519.2310860155363,0) 1
(625.3902490755593,321.8257826100416) 9
(805.3838119695279,597.0992324455102) 2
(431.29595089696824,272.83477421413795) 9
(617.3526280563794,513.2627617886644) 4
(452.89211632819433,324.53471652804456) 7
(906.8113608173085,1000) 7
(0,417.639013334865) 6
(260.81444438964866,176.07920686198287) 5
(1000,0) 7
(774.3024827459383,747.866987708633) 8
(405.9175434671406,610.2461185923562) 1
(839.9017601476874,249.1918334453775) 1
(683.315746621513,718.3153124072294) 1
(97.7607459880715,929.0010250701764) 7
(0,527.0399011465663) 6
(405.24335211034594,405.76808606593454) 3
(342.28678177676727,422.8974386440708) 7
(0,215.10599392960336) 1
(593.1008335281688,348.4302900969918) 1
(523.8514906982639,262.74637576347334) 5
(955.4139096862666,117.99777902919834) 5
(0,716.7130595383305) 5
(442.0741773465342,89.29499175232695) 5
(3.41650153992731,82.95260835393168) 5
(0,403.04229032187413) 4
(0,473.34861735678044) 1
(577.4118075920239,749.9340364787599) 3
(0,417.9047552067595) 6
(292.148620760497,544.1414316794956) 5
(712.0344023716171,225.69988887203237) 3
(1000,402.4577282946809) 3
(911.4763909972527,256.5103670460674) 3
(0,298.20944056310896) 4
(367.9445106459445,481.0932272455578) 8
(353.411958671399,756.2152320320563) 4
(38.020865043201354,988.878636359337) 10
(977.1461995685977,517.1299612022383) 3
(331.65421723760574,0) 3
(774.1514492412831,51.80740388835807) 3
(185.19584624439727,1000) 4
(116.88798136808703,659.4184544217437) 10
(413.8142203946477,587.6713682933549) 5
(661.4442034634048,255.7320642571057) 1
(639.5199294501701,127.10389794127406) 9
(405.5156120116582,809.1318586263119) 10
(687.7229287745378,138.65455217531593) 1
(833.5157373180399,835.362907776825) 4
(842.3490669956673,840.2760504499745) 4
(1000,146.15330162236847) 10
(789.0507706817236,0) 4
(782.9835657878516,298.4544623647935) 8
(498.49418041142417,999.6624392409392) 10
(0,835.0035244140938) 5
(1000,439.7424253878448) 8
(1000,268.89642848388473) 8
(31.257252344733445,362.6788920687285) 4
(778.7909763033747,453.69045956226006) 1
(434.76385346583214,348.04134340610574) 1
(22.714848252706588,923.6477684489146) 8
(0,0) 1
(349.4227190173722,857.6189473123695) 7
(887.8734669335886,260.9992133030769) 3
(432.1421537039322,737.9882334577785) 7
(1000,65.60363036037131) 7
(1000,414.3715928063809) 1
(692.7841367387532,491.9767188175658) 4
(1000,301.88388764056435) 7
(334.9547289029322,560.7327581965899) 1
(526.3162027360628,471.60362249199983) 1
(723.6928101808548,807.5334607393878) 8
(166.5194463271925,843.2939773914511) 1
(800.0367243593843,0) 8
(647.1781418840334,689.2957647064906) 10
(713.6792811966722,1000) 3
(1000,652.4140982022126) 4
(407.10512105470127,334.1677492469125) 1
(487.6477172630171,0) 1
(276.97614243946146,838.2995523987398) 8
(906.0770074289542,287.9126951713049) 3
(300.52144768930856,560.2024994872272) 1
(259.5825023080313,798.6489111777132) 1
(462.3985277357013,436.01010424291536) 1
(31.001675807009917,16.369037617314405) 4
(114.90578951053959,138.85882093678708) 4
(427.03534782720004,498.249532501451) 1
(0,717.1351677643818) 10
(544.4966295959471,0) 5
(1000,346.1840847283038) 1
(635.8868137273311,187.48639666377306) 1
(256.5838369678704,1000) 3
(379.1706173590887,446.262071907385) 7
(660.509881237362,532.7902525681395) 2
(117.08339117012105,755.5043091479677) 8
(761.4147949261912,1000) 4
(718.5679207409149,426.1382449483225) 2
(457.2160565080941,615.9931053279316) 6
(25.20081847727556,660.5254806504412) 5
(642.4203810036252,175.13742658138648) 5
(1000,707.6542378348398) 5
(933.8890719994181,672.7754674315885) 10
(388.0352229784498,851.2749633490166) 6
(896.3544372011343,681.6017853054439) 7
(617.0070588235527,639.8885213749795) 8
(306.9791812710357,817.4624426018183) 1
(638.1343323136603,530.670833955413) 6
(124.51063759003023,838.6276095180046) 2
(546.8950992591729,855.5363090255182) 7
(536.2885236950079,0) 2
(0,1000) 1
(357.2687617023498,335.35011315196704) 1
(570.0078968131082,314.79449114246836) 1
(401.25698811415765,1000) 9
(744.6088661860799,630.8384742238215) 1
(586.2547570466849,314.14773458486695) 5
(228.89239989563004,1000) 8
(630.3633091319639,344.35218863082537) 8
(172.25101043255847,384.8666929785521) 5
(422.9835277659221,486.6267259617225) 9
(337.9399874822416,146.19133748814835) 7
(852.5494226223099,485.14000627898014) 2
(0,356.6080523119888) 6
(561.6449597188731,603.8411831253632) 7
(0,383.8893854327346) 7
(743.60007601872,985.4936349704201) 5
(802.3677741469884,676.6566709716031) 6
(440.4788864554617,1000) 4
(857.5495579275587,1000) 2
(249.85822593219885,531.8637277941531) 1
(0,282.12908464584416) 6
(522.687673741188,679.9408807277006) 1
(21.920805525805974,119.41624672890475) 3
(384.17194671862643,927.5577100023381) 7
(427.0789573176979,114.98489087242177) 6
(330.387738352714,276.83055182835733) 5
(747.020099485321,842.4604407611619) 4
(160.06046176641365,902.5583056368407) 3
(260.3524142060412,467.46136271242585) 4
(556.7848121477202,529.6868195886543) 2
(0,290.2641639198707) 5
(820.8658896808081,446.00943163433) 5
(520.7051042178019,341.04978392126645) 6
(432.35595380466486,414.70107355312433) 8
(680.6708026581332,948.9279083101063) 10
(969.5464673355705,555.0290982534524) 1
(488.3113209279607,786.8344529235135) 4
(498.44799372540325,340.1827947074823) 4
(80.39854145549072,119.58275318567172) 5
(1000,568.1262421990516) 3
(771.8385692646758,821.548832955663) 4
(430.75358596899025,546.5608991334407) 7
(270.07661757116955,895.2226173054028) 6
(176.31751699211117,230.00697804422606) 1
(507.63625681918023,960.3151397220323) 6
(414.76567663715684,0) 4
(789.144657394048,206.01666338988372) 1
(168.51500279091158,426.75063379150777) 6
(186.47487316158043,391.3436614272532) 5
(471.5849382385348,262.03203627422965) 7
(331.88879014809015,711.4166957093288) 6
(425.7579968881477,607.3042247550837) 6
(844.2064092463271,777.9439061577737) 1
(650.6327598574779,921.012317808418) 1
(617.5333895816234,641.5855168595104) 7
(532.2323079153459,619.1188783045865) 3
(707.7891319679325,564.437013476959) 6
(78.58852187195583,1000) 8
(101.34411968171571,224.7341528812131) 8
(0,51.52422652505953) 1
(697.4181061161911,168.87627154074107) 1
(186.68284392933424,349.76724181820214) 6
