1000 1000
10
(0,0)
23 100
200
(805.7775677719385,1000) 3
(694.9621356569601,904.8964470624082) 9
(501.25863988538066,19.741095240786706) 1
(530.894086774028,678.2149387731267) 6
(369.2039855034899,467.0834287942034) 5
(221.85340035723323,549.3312499131432) 7
(789.9899552344242,785.2719476246036) 1
(457.592434316092,64.58636774406483) 4
(722.7074334734349,429.2130253333074) 7
(512.0585230872473,434.6199641356996) 8
(210.87083395192644,494.62594687105536) 9
(376.80660606677225,94.27420748587105) 4
(504.16441899917936,709.9010569489416) 5
(0,725.6561841619116) 7
(0,944.389565022748) 6
(824.5924985597038,734.2032907785673) 5
(707.8866078211175,342.5472579679081) 2
(436.43170039185816,923.5019732988511) 1
(440.7057296786236,616.4657817370837) 4
(424.2784121067894,710.9361567985848) 2
(0,344.5031135626284) 5
(446.48186054606396,578.1561637608766) 8
(722.0616376489501,621.0175648720484) 4
(311.06750428374846,195.9140844183146) 6
(486.5450282151171,442.20412564270094) 1
(423.94328086861833,1000) 6
(760.1518908573784,791.7301121133967) 2
(721.3116303938107,0) 6
(0,415.1191726982565) 7
(558.7513678737912,347.1027165077775) 5
(0,187.74321485140996) 5
(209.1986927758512,735.3245217871245) 6
(488.1287590440908,749.9492310869239) 5
(150.45693759544332,287.25573184675955) 2
(682.7701059061038,996.2987471527604) 1
(674.7319130032487,399.06670474976534) 4
(425.6083929584091,909.1096674430105) 1
(1000,609.1655382461975) 7
(589.4968535490334,169.09566387209884) 1
(477.766093489654,0) 1
(462.6394690570228,727.5528487526632) 6
(612.5540173559041,675.3028092763216) 9
(356.6382398566133,186.41140167925028) 1
(124.10453754883883,0) 10
(530.9373339414595,414.647331640688) 5
(603.8548600146535,674.7640136120053) 8
(601.5592804927327,483.1920750177947) 3
(75.34744400978553,381.32526404025464) 10
(312.5823745070785,263.59862188154625) 2
(1000,679.2403887010996) 4
(872.4612851293659,566.0714916613463) 3
(739.5431541883627,773.7002089054057) 1
(1000,617.4171123444386) 4
(716.4148622878811,148.23997422717184) 10
(139.25688116032154,137.27849552833948) 5
(355.9002803073109,477.13710686012485) 7
(946.2849237605403,1000) 4
(1000,360.40580471528403) 1
(686.93762764915,675.5160186005648) 9
(616.4198251871836,595.2395191563008) 4
(0,861.1477020712922) 3
(263.0549966604805,1000) 10
(658.5713426345594,240.91208713262557) 4
(0,667.5166677218853) 1
(718.5391406681116,974.5574090593948) 8
(311.11308184520914,110.87662958891707) 6
(607.5502053426009,815.8994926979449) 4
(507.36114421830223,539.5729106449473) 2
(0,397.89073586456584) 1
(596.9490993445518,1000) 1
(1000,1000) 3
(1000,885.0731937620656) 6
(464.0499391006422,183.28144948738503) 7
(691.7549206547478,555.5398924089029) 7
(235.67789846868777,692.0609864342564) 6
(668.0334127266359,376.2940386121126) 2
(806.5198198558835,226.80651301565132) 8
(30.456321536011387,127.56768132392773) 3
(573.8949173659544,753.3580573671388) 1
(465.69305334381966,647.7674635818314) 3
(784.1763620393733,738.5614804242824) 3
(0,122.56778034517498) 1
(0,263.9874714837895) 10
(854.4631187936103,344.45248365224404) 7
(778.5412829789224,491.70509276409024) 7
(472.2803949217624,599.3694003081308) 2
(499.6984042637037,952.7768583732532) 8
(0,1000) 9
(1000,834.9333734290203) 7
(492.847950998796,606.3794942719326) 2
(1000,274.41992290217627) 9
(424.0293496210546,606.7828580503319) 1
(607.1688011304996,794.9553918170493) 7
(749.4714677821864,448.96739824507824) 1
(854.7465265715753,1000) 8
(737.3506777136954,319.4521224374498) 4
(1000,812.0780087579676) 10
(595.9052035994821,215.53367177714358) 6
(696.0281063901898,52.733856061227925) 8
(879.5722059013364,655.445941045403) 5
(1000,713.365411074278) 1
(60.16589694627879,672.4293502484686) 9
(389.73501607697716,862.037884082473) 1
(1000,638.5583076859074) 6
(1000,856.6337307694243) 3
(888.0263141702363,157.67768197782203) 6
(626.937355406891,101.81956726433509) 4
(1000,442.7224502635622) 6
(958.127060720437,224.19026962225877) 1
(798.6516025186038,1000) 9
(845.6961628688514,208.64418906860027) 8
(843.8628232361066,109.97702354519521) 4
(614.5605797695898,556.2455943167582) 1
(0,372.6712994577504) 5
(55.509576299699006,592.4130152182831) 5
(573.3374384000681,891.6818963161702) 4
(715.4460988493793,125.14868962762415) 7
(328.49761493272194,1000) 5
(283.2547249996942,429.1004899022625) 6
(902.2292046217381,195.54116444016648) 6
(854.047699888288,772.8300102141137) 7
(668.110331559048,303.67399392883107) 5
(646.2276129493998,846.2562809997571) 4
(619.1655073560771,747.6743329717859) 1
(714.0207489519262,768.4721927602402) 3
(386.1386607804968,107.22000699359484) 2
(200.39890121068527,808.3187656392902) 8
(234.668721664604,353.495547277429) 6
(796.1827896456607,185.51241538635105) 1
(346.834828082525,359.4552673961413) 10
(0,125.4148654638264) 6
(0,371.5197344602328) 1
(672.4713260540511,23.32087882668708) 5
(451.7416788388723,889.4545227155546) 3
(555.854013922294,557.5442452755428) 1
(688.8222250253373,539.6198000225056) 5
(162.10375673049487,611.8185684077164) 2
(760.5774998926984,858.1286383964703) 3
(659.0164172383477,856.5203398488611) 1
(461.27379858564535,0) 9
(709.0758806623335,298.3520812708815) 1
(1000,560.3136428459114) 3
(560.1677549555193,0) 5
(147.10082153023342,22.94401591320235) 6
(853.9312542625728,177.2960255687551) 4
(890.3166687005971,501.40757669008553) 8
(502.3630187823448,0) 5
(908.3969463985014,256.9397242571475) 4
(492.0690689461114,156.8920148819547) 8
(414.68374359036426,283.50045774876077) 1
(468.0759160387792,748.689212015226) 7
(231.29434818394412,748.0124394565894) 1
(222.60605435703036,164.59240208368948) 3
(417.83293249287556,214.9884685913138) 10
(784.4729528746645,475.03999264920367) 1
(476.8090040670292,355.4466567073606) 2
(0,300.2206216737692) 1
(875.4656733714576,0) 7
(552.0396653979356,1000) 3
(907.9040354382241,240.3782369228207) 5
(412.18811077363074,0) 3
(754.3754483251806,0) 1
(777.1469057547148,10.064012417129845) 8
(292.6456184921283,573.2049470446437) 5
(676.2721283896208,66.57351033220357) 7
(633.4188846716578,355.7686702813237) 7
(0,611.5756024289643) 10
(736.9312400884569,241.6875898983189) 2
(0,434.79646583963176) 3
(112.0382770266674,778.7159744240378) 8
(0,418.4243584168991) 4
(499.3328784869805,760.2432198649271) 1
(726.2226128188361,753.2996244209843) 8
(83.06202882508188,367.4068477400581) 7
(558.0954882132379,741.4988454901747) 8
(575.7064298133024,529.2175921263406) 10
(128.9885473135555,0) 3
(804.5418231639634,0) 1
(459.5295753211219,335.9349817876382) 9
(612.3357837026072,547.8480415781466) 5
(972.1462182203825,543.525150444044) 5
(597.4915031403395,440.04685520826877) 5
(949.5854889335042,472.2519489751121) 4
(104.69598676518223,624.3993087471533) 5
(298.6489257544972,914.2050988804833) 3
(532.5362403854444,0) 4
(477.70040361526327,960.9910363061493) 3
(882.3700624101749,511.7492833967287) 1
(151.78838188621864,347.54006268695167) 1
(743.6454564134642,545.1904930751477) 4
(125.79528402639443,415.0470107839157) 5
(428.6472890142782,472.0153651723447) 8
(468.2221539259707,770.7129697930246) 3
(1000,979.7248494932684) 5
(617.8320859790549,758.4218656464868) 10
(422.5752861403052,641.649439637646) 5
(315.23167468906104,995.4540858106005) 4
(402.48855498779704,72.09374884176106) 9
(474.2930568378765,1000) 1
(438.8835815818639,854.5196506164775) 5
