1000 1000
10
(0,0)
23 100
200
(390.431785371704,586.7921362785338) 5
(943.4182953512213,408.23061190585975) 10
(483.184552734847,988.782306964815) 7
(0,577.5936841649429) 3
(269.26563615424845,451.16029559840956) 2
(413.46063434940334,0) 8
(880.1907434463355,50.13801618064366) 7
(589.4300434930958,512.5195752542163) 4
(0,642.924277997068) 2
(459.1360813710472,799.2559666953648) 6
(130.90924891641913,738.9778952845761) 6
(0.36171749462965863,770.4535031548944) 1
(567.9331991460322,0) 3
(603.9815772952654,499.1348042251618) 1
(263.79645306114844,757.145256356024) 4
(525.7093540195833,419.8275045013389) 1
(1000,978.6576175181733) 3
(821.0459634865776,666.7827310402718) 10
(593.4578473089742,581.0481817135993) 3
(797.9010472083412,777.7681267782204) 4
(923.4237812997947,689.706295269982) 1
(785.3661174442992,1000) 2
(704.9677386505566,1000) 1
(831.4609282633869,489.12047458263794) 2
(119.34869035079242,237.49453025189638) 1
(183.94130183793993,1000) 1
(14.75075381836973,1000) 1
(109.89839144600637,531.9157411661677) 4
(1000,63.48761017639521) 7
(275.0409787127859,758.3522718490206) 6
(508.5763815437798,725.6961513971025) 4
(325.0413354977328,133.5362784441374) 7
(729.3457529445022,1000) 3
(528.1739087662268,487.33304795460174) 3
(796.2902243037875,264.4742279741009) 4
(824.1046786538182,546.71241805973) 3
(671.5059891776973,1000) 8
(78.7324973771224,570.8554943226538) 1
(629.7491033852739,284.61740488222244) 2
(357.4866245283616,562.0242327796412) 7
(582.5878132266957,445.7972009346195) 8
(505.9968740353291,61.3340059191093) 1
(933.2398000297305,225.3718830750302) 4
(314.8285356900344,181.6145629161142) 5
(520.5498542540153,542.6077231371427) 10
(388.78962290427387,374.3585736809176) 5
(650.8080439822334,710.7704000248642) 7
(817.0620572864985,999.4722083659697) 4
(801.2933813388515,843.5306993380293) 2
(750.1207346002737,1000) 1
(0,427.4392847928722) 4
(843.113377695048,892.026152029468) 4
(641.4925977522848,730.4467524814343) 2
(529.300098385627,248.7220571651091) 3
(798.3770651284143,1000) 5
(259.32145125001193,660.3872165674754) 4
(699.0038724546214,604.5902712327395) 7
(785.0620351476318,0) 9
(648.5455795297122,1000) 10
(309.82463924033743,851.0229514864836) 1
(570.3980111823648,783.8746656242113) 6
(1000,738.5674868459954) 4
(599.9557373600967,564.6125737734344) 5
(621.1356631395067,603.8181278369653) 1
(283.29294002724845,0) 5
(439.05756016618443,700.7504722871809) 2
(662.6883028518379,595.7561888781538) 6
(373.5951659815625,610.2612143270649) 1
(953.1059696139159,209.87724446890462) 8
(926.9595645473975,426.8716236378312) 1
(523.9175666342903,591.6480952948033) 4
(42.90421658021842,390.5973451318594) 8
(710.1311542422294,1000) 3
(517.9794443665204,513.937612384387) 5
(153.38338794914887,640.7354423022299) 6
(798.5760813699701,0) 5
(532.0101869687298,779.872874156189) 3
(144.96982466882702,0) 5
(166.5690236749619,359.4283540191749) 10
(1000,490.79782644277566) 4
(928.9949219571585,0) 4
(598.954135637614,1000) 3
(355.4946327191268,385.66495224049635) 4
(496.92069557569766,641.4029894851953) 4
(233.7163621925991,1000) 7
(679.2713317385467,296.89597085192855) 10
(0,394.16960187982653) 5
(91.62377534686186,612.4018257537648) 6
(923.1160590139705,0) 3
(0,481.4518587325892) 5
(551.802678400862,127.7257023234809) 5
(0,522.1232143411554) 3
(904.7305848762385,332.1016959703537) 6
(555.3872414240118,1000) 8
(648.2478686805393,414.0858734793162) 1
(0,727.8878525259014) 7
(618.0267138762695,345.94195184703915) 1
(564.131915329087,931.6204978254124) 10
(773.7039115970725,619.0888760476021) 3
(563.4427804779853,0) 10
(613.4677381430956,36.57516164819316) 3
(362.59991455143296,224.1141637036979) 3
(649.0956360726802,758.4266539529275) 2
(557.1386850811458,109.46663165543299) 6
(313.0976315611107,373.25386641738805) 8
(161.80147023622078,586.7745677126835) 4
(896.9928890881836,493.25409641033326) 1
(616.77284864021,322.9698119378332) 6
(594.6209277251387,0) 3
(459.8683414526564,287.3668736808362) 5
(627.0563272029099,286.20371113043217) 8
(306.28195756457046,646.154499296941) 8
(176.25369370615533,542.2621242104404) 9
(0,728.72421879559) 2
(434.29033101281556,604.9422721844832) 6
(764.3944115556646,753.3696137840068) 1
(751.1600191903019,494.9212421517588) 6
(892.2313131445143,444.44228804458794) 4
(537.6582111902076,907.920286706528) 3
(1000,112.69496758575463) 8
(326.7148406093154,643.0747968787837) 10
(340.08379176602034,762.2112692734692) 7
(557.64883744198,103.30912347862107) 9
(0,0) 7
(413.18209331503306,241.26950200504234) 1
(483.4170732516117,0) 3
(771.539669223142,925.167981247126) 5
(1000,281.162338779759) 1
(838.8459699321734,440.75028421137904) 3
(907.1968098171751,1000) 1
(0,257.15002637303445) 7
(411.06452718584796,641.0344254043299) 6
(779.547465323756,450.8312286327177) 1
(353.65369474503655,363.2485621954018) 5
(435.7962625218961,9.657787431873999) 8
(692.7520061800006,839.9268971217239) 2
(529.5692837247977,376.8205992667994) 1
(814.8882264041931,398.2474784261905) 4
(354.8842223152911,476.0910670235927) 7
(849.5565290804764,648.6939778759127) 4
(429.9997118204518,604.2967040129271) 6
(643.6430628706664,501.2832512560846) 8
(408.8174427714982,583.3543670498186) 1
(558.2430273391127,298.78245343417615) 4
(510.3829127878017,485.6634244756653) 5
(692.3870608009029,1000) 3
(556.9780549515807,793.2691049011061) 6
(232.4648496200045,1000) 7
(119.84700480509298,730.1155682631279) 5
(0,556.3187262826083) 4
(1000,602.2325219012056) 1
(1000,765.1768695137669) 1
(224.9942588230282,294.6019588265753) 1
(1000,727.6892134748304) 7
(893.5083532528552,820.1976917759634) 5
(208.98556438029237,877.2810008999563) 7
(402.71595979838247,0) 5
(125.84022340594959,26.84385055425247) 6
(301.24343930738604,685.102582420772) 1
(728.543960045931,257.8970899463396) 1
(351.17663102925735,178.6550912517602) 4
(0,320.2840261103399) 3
(488.35464060271715,370.6878645247797) 3
(762.3962743895228,643.5426172785878) 4
(104.69710138315787,288.992165453953) 1
(805.1701573963469,333.81948061952187) 5
(322.18439140356645,0) 8
(119.56616132248905,152.55902842324997) 5
(467.8762112281309,268.25708276551563) 7
(825.1244355710268,348.00814576126106) 2
(610.5912808746738,595.3593186927972) 6
(836.7097435786455,604.8376412997754) 5
(824.2598334151676,0) 4
(0,520.6620141397277) 2
(138.19905446324924,332.0599558107109) 4
(922.8172776549193,395.15003523463906) 1
(877.5032248677762,532.0282953623141) 9
(272.3498704235511,581.4658227362095) 1
(324.1462049711847,161.6015271528587) 2
(250.00067951143333,222.2806058902434) 7
(176.57897512804624,77.23594146359386) 5
(29.929265718739657,728.7756398253212) 7
(568.1744315718421,715.5323775272379) 6
(521.1019764218522,176.19128067744657) 10
(82.81435729754315,770.376985938259) 5
(509.22871110734627,519.2357167384349) 7
(379.8673251798124,448.2552693680717) 3
(885.813548953133,191.27559595537866) 1
(692.7864315658999,913.2687968880888) 4
(855.5892720622545,239.2278839221368) 7
(581.6556076523384,612.1054598743415) 7
(625.0874336148644,277.18533189041943) 6
(67.09767794938114,469.22901397459043) 6
(632.2339459618033,663.8880943231576) 8
(172.9341671674551,647.4563167922312) 5
(65.85146301199154,385.35310915681373) 1
(343.15184889997033,749.8030480143971) 6
(744.3451337209503,540.2492304463655) 4
(448.45059967359396,708.2505652196642) 2
(340.01997820758135,913.9705020816698) 1
