1000 1000
10
(0,0)
23 100
200
(319.9926045168022,0) 1
(672.6412494227297,698.0702773433487) 6
(426.6645207624441,483.244981363772) 6
(920.6681104784398,542.5658586327527) 1
(488.5246781814386,423.0446720777899) 3
(370.6945574720667,727.5022069353038) 3
(360.27081782216953,740.6699272649839) 2
(1000,662.9638471362168) 1
(565.7853159171375,123.62097497745265) 3
(1000,542.9177889566749) 7
(440.02094096617725,606.7528349418461) 2
(365.9117205496033,311.46210142093435) 1
(614.1497548071349,0) 5
(667.3170356338867,148.2177851736369) 2
(1000,515.7163963123445) 5
(1000,125.13838453305397) 2
(254.40800589004377,539.816376226187) 5
(729.0768366558639,1000) 4
(660.9409832137187,483.8226196307398) 3
(411.2906250058685,1000) 3
(505.8125515953942,647.588182170965) 10
(701.8236019825962,912.901515503253) 10
(387.9708185685198,765.9393326263855) 4
(37.60712030533813,825.7006208573002) 3
(307.26730019863703,796.8241201221774) 1
(384.0540369322372,300.6805709336696) 5
(194.2033905162699,996.3105085306161) 4
(691.4326848450621,128.06038072903948) 10
(326.1253602718829,893.0002915853684) 4
(811.7119997904583,797.8884593576029) 4
(678.8274215369764,0) 3
(1000,995.9876676242485) 3
(371.1485746331304,0) 1
(600.9818797697948,913.5904148933596) 5
(589.7730431789956,350.29685798183095) 3
(673.6291513031524,0) 2
(457.7593385120693,273.9572201472837) 7
(1000,419.3218816443167) 5
(468.6208773939372,121.62739919968539) 7
(268.18728678180446,732.6865548741843) 5
(738.2354946253058,455.7495140156979) 1
(672.3089479151341,268.28321990166785) 2
(322.73800533375936,193.92764560584664) 3
(715.097556609514,501.48336019229026) 10
(325.2546157299564,758.3788936546432) 9
(377.5575992435987,564.250782305443) 4
(0,413.0241431250316) 1
(473.47460674295576,55.91768030621773) 2
(193.5665977394524,825.2057535343156) 3
(298.55053739656387,0) 4
(537.1511488907971,472.5468713757388) 6
(299.7154182623807,75.3857830796382) 8
(1000,416.7780235693707) 3
(123.49960616930082,1000) 2
(558.2155242438912,611.2995608042793) 6
(985.7310782487211,822.8421102414059) 1
(586.2063482115982,188.99403947506556) 3
(0,49.06220026205392) 3
(779.2509525104462,229.3698320032314) 1
(778.524182001265,372.5157825681692) 10
(511.921228430327,904.5327537379358) 8
(364.4679149514283,0) 6
(622.639232844493,286.3823153616921) 4
(559.6123297310554,302.17075323286304) 5
(529.2581962507585,777.2810003649142) 2
(449.3998398553237,992.514870023268) 1
(578.7820981146377,1000) 6
(661.9229522777006,983.9095177065499) 6
(325.2551955311699,829.938448699473) 3
(196.45778885430786,434.54451661698056) 4
(729.3703672616781,875.8271124902615) 8
(387.932355712303,1000) 9
(175.24091947217312,684.6489716180114) 6
(28.11805319026689,774.7400562483422) 8
(479.77230347702374,629.4482134122021) 7
(225.6163859048021,603.6199480826662) 7
(236.63742590104056,203.72689858097004) 5
(796.3960382008502,554.7981721714665) 7
(1000,524.6569749473994) 1
(467.8199757032737,891.2689012993367) 8
(6.316714904106163,570.3204726907443) 10
(379.2921453781062,331.21056194884915) 1
(157.84360685178507,0) 6
(0,1000) 5
(693.62293937309,305.7096250023039) 7
(611.9836735175937,744.4124185073846) 3
(636.5906584958204,755.3271628773391) 2
(0,96.00818711362695) 3
(651.3646238579146,412.7069395315139) 4
(72.84587525703205,893.8132731849562) 3
(347.725613679393,228.05824069034827) 4
(39.92754874804041,259.6654263316236) 8
(107.41783859718367,1000) 10
(639.8010443745283,317.3119478478055) 1
(465.5332470752173,267.0271174252422) 5
(1000,238.9018744734165) 1
(667.0389635478323,1000) 3
(419.6171373024521,391.87638777127074) 3
(338.27142922583516,101.93828273401226) 1
(477.2146269785843,608.0421625675749) 1
(1000,112.41918645405241) 6
(276.7378178519295,662.7197533170522) 9
(724.6955328578135,487.5062279448152) 3
(550.1032269523298,229.32746366055397) 10
(511.11026127644374,406.90693621653793) 4
(510.2612304559887,853.8620188305384) 3
(829.9247441737098,450.4569960519797) 6
(0,627.8033195375269) 6
(246.83892106879,560.8194466944076) 4
(169.45213124350437,675.711829313758) 7
(50.722701215820166,574.9203556088416) 4
(907.1119841958142,810.7828560509533) 5
(700.0745873685695,333.1447009377421) 2
(0,564.8758264374086) 6
(405.2734205856119,661.0116209859771) 9
(586.7983675271769,57.65561476499249) 4
(882.0757918650311,469.98528756705525) 1
(0,686.774682604818) 6
(891.9840439665708,161.9821818427128) 4
(203.7429067163523,959.7820477450641) 4
(538.4576305568793,241.5834721822132) 6
(1000,57.283172424371344) 4
(217.93315120325718,109.00112033637708) 5
(12.597577658019134,1000) 8
(892.9199466993996,540.9636107723975) 2
(669.0800314804117,1000) 1
(323.09613502013366,350.91670745325393) 6
(264.80147710042763,743.0818518841529) 5
(933.489648397993,212.97674286384853) 1
(301.4469597076913,0) 9
(674.6139359327786,250.26841260076878) 5
(99.5327813688665,1000) 1
(233.798243910204,473.10669234426547) 4
(575.9047755986982,242.8411897848265) 3
(543.5078257443428,518.1031008728492) 1
(799.5561154897434,300.7296216154039) 9
(386.6918569491957,743.0622319776392) 3
(784.1714682446824,702.9202203745384) 9
(607.7325139855518,809.8729267871793) 8
(346.3966079317672,730.6995273894045) 1
(74.35344455000893,390.24280589152215) 10
(703.7318948848155,1000) 1
(1000,269.82434700395623) 9
(647.950397732807,790.7889230553687) 3
(815.6640342906301,0) 2
(360.87432411372,0) 4
(444.5316970612624,521.2568617961992) 4
(479.87489124255643,1000) 7
(409.6129170689516,259.31274624694265) 5
(975.2536608289051,482.9673597820151) 3
(737.1210184276806,355.18455980018786) 2
(568.6472868701345,0) 10
(767.4989639967118,406.8595932254226) 1
(620.4914030385225,596.3299528522563) 7
(723.2887455649538,420.7137362873707) 10
(72.65130856114439,896.3826594904526) 5
(291.83829038290946,198.61441923856694) 6
(544.1884792906474,146.92532933825368) 4
(634.3858213153069,396.6634733320434) 1
(333.4496660816675,272.64284326911604) 10
(618.6242027358869,463.4018959899686) 9
(275.6395537561325,123.85944843884278) 5
(894.7174023181287,517.4055277014522) 1
(820.8413246113541,120.70773080033678) 9
(149.0380039700372,854.3123290336241) 1
(329.9477916406962,748.7371396695157) 2
(477.33262769199735,1000) 1
(364.0275023145048,300.6106966009879) 6
(637.1411375366919,445.394611807815) 6
(0,575.9916559662641) 2
(847.5535913176325,0) 3
(732.1854703389849,365.86247098967124) 7
(375.41333989814933,89.90737309166627) 7
(711.479500353875,1000) 5
(828.8437500795899,235.69328146036236) 10
(366.7057067151063,0) 4
(225.07016272969116,992.5108762922429) 2
(595.7669727872916,63.82996546207312) 5
(470.693880379288,0) 4
(663.2658241231518,14.622984861269458) 2
(539.8057966891723,574.5900301380192) 1
(441.09875519024723,785.9642608540352) 2
(1000,304.51064056880773) 7
(935.733672943448,466.91668982748934) 1
(49.586402374179784,497.3032925532239) 9
(425.394236516608,377.71637465115407) 1
(818.9224986897136,324.46029147830825) 3
(739.3272761578314,233.65277983127822) 10
(647.5256553281383,277.512099668199) 3
(797.8849530880759,585.4254290497095) 9
(114.02057727135667,452.3130113487893) 3
(541.2621005791353,789.8610011726955) 1
(1000,868.5597853659158) 2
(640.633788753108,277.2560030206986) 10
(389.49629722352495,817.9271557040825) 6
(879.3894236523104,707.8471829794416) 7
(432.9975353839935,612.5139167222777) 8
(345.1830768871823,571.1998475633699) 1
(136.17949194888445,633.5693789210243) 1
(0,730.9242416023532) 6
