1000 1000
10
(0,0)
23 100
200
(107.61030606271066,699.4246223772058) 6
(86.07858965659375,372.6768117883067) 7
(271.88585977375095,177.43745538830888) 9
(0,882.11743653998) 6
(467.93283498770467,612.1580228644234) 1
(583.1059510527081,629.8722439814998) 3
(705.18657688884,126.99856158739561) 1
(1000,723.7904067425213) 3
(329.8469243060905,356.8818278456169) 3
(386.03312623878367,178.18922744527458) 2
(0,0) 3
(536.5267182306537,655.7576772835941) 4
(338.73394758349144,97.6185268421903) 8
(161.77524293371744,663.2009042955508) 2
(580.7622428907616,1000) 7
(909.0822939755627,196.37031797405183) 10
(799.6557495847123,305.79601224245005) 8
(846.1717921234133,0) 3
(324.18208775017547,345.44233945720964) 2
(602.0810502598147,1000) 3
(817.8494914618216,867.8006619378659) 9
(823.5701678140109,985.6499205268556) 1
(467.81074832333053,776.0610977036348) 6
(0,1000) 2
(753.2239790173983,725.9871353431829) 1
(639.4103168014205,977.4451352909329) 5
(1000,623.4533700797966) 10
(127.49123517827894,308.41861315750293) 5
(516.1677327496101,591.0186611306323) 4
(137.08244432587406,810.5128064656001) 2
(25.90566840033341,505.19255919506344) 4
(493.18687108721053,0) 4
(690.0022219056225,687.2296745508552) 1
(41.045686739567486,429.34604496462543) 1
(327.190249448875,424.56561455995507) 8
(277.993240410612,589.582044297698) 1
(277.70346799495695,721.6564039110324) 4
(384.00265800691324,140.82450829484947) 1
(124.96192307753876,309.270597140507) 6
(462.94843593731764,0) 1
(467.70160518045236,371.7114796338718) 4
(847.3124897752245,501.27492884435316) 6
(865.8897740546017,797.6949653428196) 2
(668.5586146190403,737.7353380108971) 5
(257.1769146776894,179.40622488170038) 2
(798.408176129479,909.7820327176612) 3
(196.42156770890477,187.1744736712571) 9
(894.4726227865481,626.405737958556) 1
(603.334562977658,421.04045389280975) 3
(474.01301378881647,882.8508589505166) 9
(421.3855382381244,733.9098063369327) 5
(578.5184798918117,284.619135925229) 3
(1000,490.2385701461893) 2
(295.84245377503345,736.6248511919534) 8
(882.9424053918666,420.8167802125484) 6
(603.1491423901375,616.9063286334286) 1
(743.6658269628426,722.5946528771647) 6
(379.10881677658654,244.2133420676756) 8
(1000,383.0851444941533) 4
(492.70401006935816,519.6663443102616) 2
(789.8854855000351,514.6482093899759) 2
(297.2507393167524,238.72624167693385) 3
(689.7850065688953,901.4428203567641) 2
(686.7323295385039,721.6521289541284) 10
(148.5808897571833,0) 2
(350.912537026205,471.84080462787375) 5
(70.15595610184613,394.36978783987416) 6
(342.5470780083048,399.17059631916885) 4
(850.2582694403136,75.43196865755073) 9
(387.97045723250375,317.7881362594494) 1
(279.1170798114771,286.2877016838281) 4
(145.56625505173162,640.412507827552) 6
(923.4522930953174,705.9545027468512) 7
(767.8429144547374,624.3014551154376) 3
(454.2780092940351,476.46482720150516) 2
(765.1248882896816,738.7143945065991) 5
(1000,1000) 6
(404.83521877867753,85.27951627929264) 7
(237.72069358833056,416.2826717495086) 7
(323.1987672594746,980.1672870241923) 5
(1000,898.2056606817641) 4
(259.192768559447,420.3144606076921) 2
(65.6459112209223,966.3780040747621) 9
(0,694.3923608816334) 5
(772.303923284535,673.4922624937024) 3
(624.4095099408154,817.5162223556599) 3
(597.4184213749561,0) 1
(996.9586535017305,630.0586018564169) 8
(937.5902179979353,161.18884602157146) 1
(393.2444295987962,550.8489971872746) 8
(243.94454313014245,1000) 3
(631.9829443205001,309.9549906201773) 4
(633.5910471693338,354.2914789640232) 1
(797.6836930471728,279.9425674255194) 2
(35.54443109952729,725.4408474433355) 5
(458.2136804998829,304.7129548077796) 5
(309.75587666142246,289.5683975794601) 5
(95.27078681552257,802.3453963626819) 4
(208.66285188838242,565.3543769015906) 1
(596.0698689582391,831.5251999770851) 4
(237.00906970355902,0) 2
(361.41355226345104,779.5921749574449) 2
(85.96449930930464,839.2184148616672) 9
(369.9306825383731,0) 5
(518.4804752858303,890.5146726984011) 3
(425.7738025992329,114.83119189325242) 5
(659.6195862997187,365.0182365941393) 1
(217.39629219529803,697.4094303602925) 5
(792.3794381350681,477.224001782408) 3
(620.8640932750914,307.3053928717587) 3
(435.2688776597192,492.6111115517511) 10
(469.3401786436426,786.1078329503646) 4
(49.73436722538014,268.95473930726837) 5
(739.5547760940854,440.2232836151246) 8
(0,961.6505645931502) 4
(209.52685553092,494.3530527980535) 1
(0,956.3903166241444) 1
(611.1204397588249,268.4885076138012) 1
(683.2966305051068,463.5555650319983) 1
(916.9071748593751,630.9332198261611) 8
(225.2598177311366,375.8738978680973) 5
(1000,895.7187038633579) 1
(609.5239689415461,569.9630392454648) 2
(719.1990006958206,737.8051772157621) 7
(48.156220007885736,881.1655308922285) 4
(527.0447341549744,487.4122300202175) 6
(498.57234599334384,827.8260460348099) 4
(314.39216212112365,703.8459879811141) 8
(267.25970311395713,176.02607190324494) 6
(1000,367.4001797980944) 1
(890.0209575309132,0) 7
(1000,338.80431720217325) 1
(284.7642145211199,556.2385161324826) 1
(0,169.6020144530645) 2
(547.9904235299165,994.5264301432765) 8
(245.82279302174086,455.89326384493506) 4
(592.5604351591026,503.67524596906384) 1
(17.78614360365964,7.719954678367401) 1
(506.996069183039,970.78727513477) 9
(726.4395949336359,333.0523720803328) 1
(631.4379689559925,542.667369774553) 6
(1000,587.4926498463111) 3
(793.7604531142498,536.4872179081378) 5
(529.4839083549973,33.21718892480982) 3
(761.6591976924153,0) 5
(781.0357737313867,269.03713931130045) 9
(1000,567.8774997313957) 1
(387.79877043521327,656.4384459223284) 3
(1000,756.8324988559974) 5
(0,432.74392954456596) 10
(721.3619610919691,796.737466659594) 5
(680.776344329538,926.7114969443434) 1
(395.8557568577063,680.2262355964573) 10
(590.5997040510136,541.3288085956511) 4
(401.6514371166655,746.2753744420152) 4
(229.2240674104583,109.33133069415521) 1
(379.14760003274193,497.3894293436585) 10
(194.1384878330192,226.3515130354935) 4
(226.30342977634785,261.3997372954278) 1
(840.503179443383,234.59580266380271) 9
(450.38776707493037,1000) 2
(769.0018318954124,830.5655757601924) 6
(940.3675871862154,693.391456281084) 1
(279.1547886301753,367.7154054172055) 2
(929.6416055759132,747.7263413894306) 5
(0,380.91500057695856) 7
(189.66079945264732,0) 10
(471.433781404977,718.6767352829952) 7
(1000,56.41306087008229) 1
(522.3250421205719,871.2424087533607) 7
(364.41397291786427,348.44910203448217) 3
(227.34151435368176,357.7885877219842) 5
(642.9510818218043,387.35390744505037) 3
(444.89989260475187,141.19973719416913) 6
(420.94175021073204,374.9395981121094) 4
(948.6304350397849,919.5059473916765) 1
(1000,601.3574090690723) 4
(505.0659483221357,503.9974418282285) 7
(450.2464349718223,687.2397599309684) 1
(0,67.43175628980754) 7
(315.0669034873987,1000) 2
(335.429068802228,384.678390053416) 7
(775.3889558385448,344.1121243819367) 7
(677.8397020173287,825.1320116728726) 6
(651.4393607430399,532.300522246769) 1
(206.96039514207882,815.2672228957077) 4
(587.8690229769849,51.71543312538893) 10
(325.1330197261792,598.3143082561421) 4
(734.7622017785052,97.01256016932905) 7
(992.8348376925331,90.54972528700114) 1
(391.9434000350913,739.8410031630677) 3
(992.2474912932399,351.74127672624957) 7
(346.33277389735207,697.7408441192783) 8
(130.79827669951158,116.4863805632989) 5
(0,546.4579507891381) 4
(203.82516477702893,431.1496981909976) 10
(896.6842879781557,123.70326667424644) 5
(879.7045817012945,396.1330741872348) 7
(979.7629213369514,236.91802276115152) 5
(629.1531184876312,1000) 5
