1000 1000
10
(0,0)
23 100
200
(876.5953181064199,29.423412096934896) 1
(160.73857419628888,963.1441652412127) 3
(363.48547519332016,826.0157034223348) 7
(739.1496640983719,923.1865102753602) 10
(957.6538934209399,447.17085405708) 9
(589.7327392770982,124.51385149735864) 5
(116.66823704730143,587.9755187536724) 6
(932.1696367859158,0) 2
(675.3019136410808,637.4539859681886) 5
(425.07961376063986,565.9200611970264) 1
(0,202.65651937995102) 4
(83.77248260510186,538.6311778627978) 7
(18.13780496690066,264.9303756536232) 4
(534.76629946569,799.4731379055127) 4
(400.990998346456,380.33143315415873) 3
(1000,644.274380380375) 1
(905.2008445611626,731.2547867746587) 4
(91.53271413189776,215.63976741497538) 4
(629.7083221996309,650.4925840981665) 6
(340.6506312248594,167.86288293945262) 6
(21.04113169682438,745.2044572256904) 2
(162.10138110372066,804.2353363219613) 3
(910.7846596660904,0) 8
(1000,385.14694683090784) 1
(321.7919575737816,1000) 1
(972.5832268285799,633.6886048873835) 6
(157.19846115562723,716.488070653244) 6
(479.3572755587812,834.286739674679) 1
(1000,658.8233368944724) 1
(465.707797998463,495.85513373717964) 1
(236.552033152067,135.57615270022825) 1
(820.8730610796425,454.1649779534599) 5
(898.732041062164,500.6576182176521) 5
(891.4515777813258,436.3905328515026) 1
(1000,1000) 7
(697.779555941403,846.0058075273929) 1
(803.520373325886,659.2747681356894) 4
(1000,434.9999418590934) 5
(594.4735021888093,719.3907226485294) 6
(679.8035637447582,185.17747585025495) 3
(197.0195425344146,666.0710848536859) 8
(0,687.0562788121413) 4
(715.7488786200762,719.4891028469542) 4
(515.1876104631505,517.2794014133331) 5
(503.6567468405979,22.317807556525736) 4
(968.8353543013106,250.07593891785461) 6
(567.6531903418013,1000) 7
(987.0399432973381,744.3381998902156) 5
(641.6837652867295,739.4146564603618) 2
(560.1470705525321,282.49748624901054) 10
(518.2678430324569,734.8237326169814) 5
(695.343421573676,345.5597834289281) 7
(923.2546935856165,538.5369272691491) 3
(873.6082154823837,299.8718720124483) 1
(386.47165792712303,985.292691029206) 5
(1000,407.49697582101476) 3
(473.3740102283909,61.47517912030685) 10
(0,102.02365393448724) 2
(321.6660110434025,549.3113844773635) 1
(402.12523430560015,0) 5
(190.97247605965782,590.3915374052508) 2
(113.39699425221357,375.9853118026863) 3
(653.4419268174338,366.7619615949228) 10
(1000,757.8185507764597) 1
(329.8240051801893,871.2337290418172) 6
(173.74792249424627,34.80645218653427) 10
(633.6205616556413,334.009631101946) 4
(486.9294273701912,0) 5
(173.9621371109239,386.7674067359735) 1
(0,381.14647214282434) 1
(678.3853250383103,752.4906782259326) 6
(484.1954268846575,621.0783796014928) 5
(622.0211841528701,461.7222018780002) 8
(1000,967.6442436691389) 9
(902.9729410666782,558.947407995345) 4
(600.3137461714726,641.8849972476164) 6
(864.743245257899,109.77188850509356) 3
(632.4802634747823,461.8995822196434) 5
(494.06185274434057,516.6689738343904) 4
(621.2900941028263,396.4515067514152) 9
(554.1366273036608,775.892045878149) 1
(494.49725406289986,995.2513099103355) 6
(326.5590417493246,114.64433223355945) 5
(482.9007241861338,939.2193431667315) 4
(763.8562504251611,593.4559460592707) 2
(384.48902066496606,250.4599716891725) 5
(293.85743936801487,856.3900325223012) 5
(849.97886189825,567.3434859083106) 4
(277.3650188652248,313.3977541004115) 2
(541.515268006999,344.74307493951585) 8
(0,876.3749366588152) 1
(626.8641759321113,167.59277165962038) 5
(564.8458521041296,23.3911475572379) 1
(117.22669991294168,633.6780668836898) 3
(203.499650949133,551.114203146265) 2
(0,878.9809760338192) 3
(360.50999916232763,190.02208547521553) 9
(938.1583413245003,454.5830552456076) 5
(722.0934216042156,319.5485215869105) 4
(606.7302330322459,0) 4
(432.73011403378257,846.4173063571777) 10
(519.9326651928517,968.5220828995102) 3
(974.9545419575054,617.8941548337938) 1
(759.2782614486888,644.6770281594557) 4
(408.5398332951858,237.26068064338892) 6
(225.573462545835,149.85894688740547) 1
(665.5072743488339,701.513678609293) 1
(1000,0) 5
(379.26033662742634,1000) 4
(729.4284678265972,378.727101039165) 2
(185.8762267976548,606.7740762202416) 5
(796.1148005342591,504.1190786439476) 6
(447.88255626296257,259.4841161517709) 4
(620.318864567688,491.7341222492956) 3
(500.4345481551718,352.4889825355555) 1
(704.1218194901833,336.2256874259957) 9
(890.5131146444464,783.9541164917518) 2
(17.943061975278454,403.8179335885618) 5
(1000,118.38089571355914) 6
(180.18218964933948,89.84487529628785) 4
(453.776590366697,751.9514808891661) 9
(602.2955466737207,763.9255720184051) 1
(558.4408012935786,1000) 7
(397.30213637884833,547.0496413924459) 3
(382.63887326951783,594.8739394863148) 4
(0,428.5116395136438) 3
(255.02101794450834,821.877279878706) 5
(1000,234.32359124076618) 5
(554.1679817655765,377.19382476930673) 4
(1000,669.2837039140061) 1
(422.7072184479152,784.8996356916737) 3
(17.122071774668825,57.10808620462518) 2
(6.238101230764812,702.5277422086851) 7
(569.846773822272,428.04018531462856) 6
(231.60956869035368,544.0135321901112) 1
(381.4645213571521,363.2406483803778) 5
(252.46042745790308,849.0532086037642) 4
(933.9513054402917,432.92145826767137) 5
(860.4862749146896,539.3030656329481) 1
(861.8980075215013,906.687042425559) 10
(190.80846366844884,1000) 5
(435.9890834691944,11.65458385500608) 2
(932.7420618137688,595.7025493633447) 10
(619.8250854996774,790.9725518126199) 3
(1000,357.37564232869033) 4
(269.2685458533258,543.2242830073085) 6
(375.14331304299515,31.976931486192882) 4
(310.3138786147741,1000) 6
(23.981234242750418,1000) 1
(1000,452.37439412889523) 1
(440.0686684395604,186.42920371688132) 2
(1000,380.3463083838154) 4
(276.1867124773455,625.2889100495051) 4
(366.54989477519865,617.9731907540083) 1
(663.0099928086837,641.9145087255234) 2
(244.73575617003476,573.4002818148635) 10
(796.1899407985277,457.4090563436007) 1
(1000,224.97230894502468) 4
(818.7672998831573,72.28134821864438) 1
(456.0630400409937,577.6983414620678) 6
(947.9443583702214,416.26397928194774) 4
(0,1000) 2
(313.60182295614743,380.57713998976084) 2
(1000,724.5287659269237) 7
(339.74413656827016,0) 4
(699.8510819432347,202.485147700536) 7
(185.82552622180867,132.67477428836503) 8
(289.8767768541593,1000) 5
(40.712348633063414,671.683207906748) 8
(140.26569782222663,819.7434182134836) 2
(857.5148914788748,0) 1
(0,147.4651090361599) 2
(366.5741387636224,339.84972793319037) 3
(122.5500905714747,169.28773564029865) 2
(748.5705792169765,588.1280788892072) 3
(352.76684503441766,554.8216431930194) 10
(317.41945035834647,632.7220457520552) 9
(45.219686365997575,951.2568142082143) 3
(62.26297947465139,314.73625336219686) 9
(693.4377607550933,705.1650036558975) 10
(494.98374936616904,684.175424062716) 4
(942.0727853496419,427.78027640341355) 1
(662.861113216188,66.42025633531262) 5
(236.41260041825632,788.7494333216407) 8
(514.716044417879,611.661369873721) 10
(221.8146805977782,584.6059007320739) 3
(1000,946.7023716793891) 10
(399.74412262819413,714.1624357125331) 6
(550.2868019964603,0) 1
(647.3359541329987,791.1337024160039) 5
(473.40919663939246,456.5018682317992) 3
(839.7052750345714,1000) 6
(465.3730272441194,399.90012638368125) 4
(620.7625043048754,1000) 4
(327.09843467399133,58.804253941631146) 7
(836.2400238581897,439.78551839163214) 1
(472.7818503485982,1000) 1
(292.7933481450035,617.0336720191588) 3
(0,770.2443875051583) 10
(1000,920.7687268297143) 3
