1000 1000
10
(0,0)
23 120
200
(1000,571.9068407673177) 7
(563.4625510565058,92.67069481118881) 1
(340.47298891084495,447.9290973677914) 10
(623.3150234950716,718.1526793048096) 10
(464.9170786375609,826.0478883144858) 2
(522.446806895134,721.0189122130328) 1
(148.89564733256293,425.3803619878402) 1
(448.42663018955915,970.0024561154237) 10
(176.60097460169277,786.4571769572358) 3
(267.9901179063079,847.4833957885861) 10
(364.2259398530877,822.2923272970768) 10
(345.98132330847534,1000) 2
(157.92032117125575,1000) 1
(392.3462701123508,345.93814752120886) 4
(623.1647041640194,792.4475054482939) 5
(0,552.0872887220626) 5
(300.39704793568745,673.8163987690081) 1
(318.5121056442679,637.5877845640663) 5
(642.7602211760353,343.14402160694624) 1
(176.5010685007133,643.7878211539595) 2
(78.81753190701801,0) 7
(333.55633637869596,496.0717819397847) 3
(666.7654072928079,187.85803675531503) 6
(912.501690311531,662.691884037889) 4
(1000,823.2310912626208) 9
(697.1086189410455,432.0169461901823) 5
(497.42726799819445,750.2416229358427) 5
(604.1477388750661,793.93635382473) 5
(535.8543976199113,72.8283547136989) 8
(707.939194633746,465.37293748230667) 3
(610.4185654048969,0) 5
(711.4690109825233,1000) 4
(601.4721324434151,529.1522183885961) 7
(377.32998686458683,961.2140248309113) 1
(1000,426.6766476587733) 4
(0,213.95658770845802) 5
(622.2678867209686,370.027151546879) 4
(1000,0) 10
(273.84774487294317,772.7841562807907) 2
(1000,154.37507187320335) 6
(337.2091555760996,756.1947870227261) 7
(142.83166968524563,1000) 10
(81.52116075276888,95.64327358563168) 8
(415.0329148556923,134.5678166894508) 1
(233.895122898943,758.8315048891277) 9
(158.98653525960611,591.26346337056) 4
(325.0375897560612,337.46049460168416) 7
(972.3170850516835,530.6129558515995) 6
(1000,156.7145379679693) 4
(0,763.4142421855003) 2
(811.6066950807926,753.9845314769873) 3
(801.5450948161815,647.8275072821885) 4
(706.3630781325115,1000) 8
(392.6180094597158,340.5502855782881) 2
(834.7428649275633,661.0797436861919) 1
(0,1000) 5
(288.1237843759193,935.2005100350739) 1
(605.3918898266065,737.4128072945115) 1
(454.0138910698116,484.5016528111915) 8
(107.15141685043676,1000) 1
(479.4995540275085,376.3659455734858) 5
(109.83197740082335,0) 3
(302.9602743399074,378.60088054087345) 8
(1000,255.81371557424188) 2
(724.1178460976205,1000) 7
(837.3363954036073,780.1278606881237) 10
(981.8162114927368,1000) 8
(652.4250615383378,255.06351957156173) 2
(179.07934196891136,1000) 9
(383.17736273623973,0) 6
(0,400.0558504309542) 1
(450.3888124038655,393.5651255652549) 7
(275.4980662878729,524.8989487744462) 6
(201.89556660333466,695.280532197211) 1
(642.655877870542,360.8591376869724) 5
(606.9350480582283,1000) 10
(208.77261894951135,658.4509593031531) 7
(229.55676455100235,920.9310890601284) 7
(583.2714612420091,1000) 3
(499.58258284322113,42.21093334745143) 4
(384.44478284358127,556.4704710403096) 8
(737.3253051510032,482.31465174141135) 5
(478.49183462149665,692.387167546163) 7
(798.0853940473507,604.9776573142051) 6
(245.54762699951277,983.9894868226656) 4
(223.9262199881647,679.4587878978557) 1
(625.503633835441,318.71803942665747) 6
(302.88764610348676,792.4976415017765) 3
(508.54283013130606,1000) 7
(22.816471845248486,0) 10
(1000,642.5618705625311) 9
(427.71454955120566,957.1912661798448) 8
(4.522070503746704,784.8863502716391) 10
(221.2719714400866,527.3485049750427) 3
(512.020476511758,895.3096273130395) 10
(29.209657538087242,340.46428245971754) 4
(160.10283040182247,593.3323932505465) 3
(785.0804700257736,733.8643717341524) 10
(548.3983077027503,1000) 4
(564.5442951513129,850.6063340462407) 8
(192.7939310939537,814.8036801320923) 5
(268.7708252624459,428.94263066795025) 1
(603.7106525635068,1000) 3
(869.9000969720487,295.52949694109344) 5
(850.1263260092073,565.2341416227961) 6
(1000,370.9750272278251) 7
(296.37678095031686,1000) 3
(0,602.7040311168056) 4
(0,0) 9
(654.1373870742037,851.0096924758038) 1
(382.64348068938966,287.4571012089972) 3
(394.7911059918116,344.5771153240139) 8
(491.06478639959613,726.1696472304225) 3
(1000,473.8737218578746) 1
(475.90091588859724,1000) 4
(888.61625875715,210.98133584951432) 9
(851.8093623412906,627.0533478016446) 1
(518.3975217796502,849.6151333415279) 6
(518.8701347786124,706.0852890092491) 5
(871.2634009088474,513.2098974683245) 6
(183.397575375607,109.42359233980528) 6
(205.3496545415046,932.0526706408377) 1
(498.56059860609724,384.8085766706923) 3
(623.410732545518,330.0119993095164) 9
(76.68828862550919,368.17497268264685) 3
(352.71991615304,291.7816089821525) 5
(940.1101554717618,736.1961185529105) 1
(289.2115155093702,1000) 4
(372.48024636031096,659.3491160112786) 10
(636.2933083121752,521.564514178852) 7
(823.2598144566066,840.1865717943177) 9
(835.4604903733177,408.94653925781824) 3
(564.6069084992861,467.31931093400357) 2
(399.56392040176354,714.2365506670461) 8
(452.79906854594697,831.4506088485198) 3
(816.8673626545915,1000) 1
(236.87596833754753,243.86685048849466) 1
(703.7715600813282,587.483029273808) 6
(358.4811624053681,972.5632976015706) 6
(300.1433982276234,244.48819040016184) 3
(605.8708540915989,82.8094476274714) 1
(111.71253346776803,409.72679930912597) 9
(535.1489446183544,713.9723067159093) 5
(180.55961701218388,399.42188100103465) 2
(608.1429438432306,236.55614900514917) 5
(816.2880146736378,98.28546444973853) 4
(132.40524324662476,951.0210094899787) 4
(103.35135622798356,218.12944588774985) 3
(926.1791984728052,182.5835233686065) 10
(835.0843493953671,360.0678380113221) 6
(1000,726.3030896029186) 2
(535.0106988461121,585.4800919412719) 1
(1000,583.752821079502) 1
(478.2554524740691,397.36741498470246) 2
(1000,623.0123021063367) 4
(437.4740401007825,643.3133905513279) 2
(185.7689245587697,114.06052935234152) 5
(829.5551369438181,252.74883071817064) 4
(481.78846252821495,867.6720490595542) 7
(809.7955914675462,269.9219681748028) 3
(0,16.494748431603682) 1
(853.6480518427047,676.9652818215632) 1
(522.7032834453947,354.4200047211308) 9
(569.0448492227432,567.9277268258609) 2
(735.3071245359721,857.5989454730989) 1
(739.6204549805352,342.34876355827146) 7
(54.37465984535214,272.81234357107405) 2
(799.9127329311762,129.49567817713233) 4
(0,541.3762463087369) 6
(483.7385843944377,482.30844052504506) 1
(799.8367107662593,668.1441149250555) 1
(1000,730.9763965981047) 8
(450.8673626559009,653.3895345946396) 4
(289.03742355504824,240.6165871760536) 10
(712.2893059323068,813.9865376193233) 9
(123.86753191877199,712.6606990160735) 7
(549.6867227570306,416.8577258851025) 7
(547.0147753797659,779.8205403899043) 10
(326.6995289355057,921.9486642102536) 10
(183.43134256791944,1000) 3
(413.6055102356864,397.9094550010876) 1
(1000,385.430008123194) 3
(630.0372283863545,374.1107936040859) 6
(694.731909978715,1000) 4
(548.1403862049686,618.9878444479003) 4
(1000,285.0349048355598) 3
(503.70247723354595,814.2295690125059) 5
(326.7701687969558,141.8402556474349) 7
(638.6553658422334,609.4212309548226) 1
(391.4614749684863,917.4371630374785) 5
(804.5568229080214,317.7003558923103) 4
(982.669421245707,398.9246076243796) 9
(465.97082934461656,263.11495714867044) 6
(609.9257057076483,819.3495235986753) 4
(566.6659341596601,0) 1
(795.3930312128041,521.0915660341919) 5
(467.5838967823129,357.19986952118813) 4
(193.52814265289157,354.07281079726937) 1
(24.067444077402797,493.1983927556777) 3
(139.3336023292644,568.3978384756183) 7
