1000 1000
10
(0,0)
23 120
200
(698.876213683673,432.5636781605187) 1
(431.22182259939797,291.16150669121066) 3
(388.92961428576496,3.3174763232992746) 1
(632.4351897903817,759.6888804495305) 2
(731.1897451299762,106.39903506148897) 4
(741.8587441889799,190.03003483001243) 8
(630.6595460608332,245.25482291936072) 1
(0,268.2566163736817) 6
(383.1455159169446,533.1924022922179) 3
(0,54.321622513431805) 2
(420.92823686269287,282.5116949540453) 1
(575.4754206812183,731.7862362269253) 2
(391.8097426717101,160.0496881231254) 1
(826.6064767091082,446.7386624661418) 5
(519.2630482912372,261.7419361879055) 7
(531.5914908691686,1000) 2
(431.10792117090455,378.1501170147498) 6
(114.89403474730335,696.6779248464578) 6
(0,520.494753134462) 3
(0,581.6560608106589) 1
(619.9252136765009,784.5827680726645) 8
(506.5034657234942,402.9501348067508) 5
(0,562.4305141454215) 3
(833.887482926269,769.1122068454462) 4
(478.2771564805008,319.0084216205029) 3
(482.82457768581247,914.1025808030806) 6
(766.4792200743477,1000) 5
(744.5322092628762,560.509070542207) 1
(0,257.44675339934406) 4
(217.41747031495981,536.235832012069) 5
(504.23932061114994,615.1318659158153) 8
(584.473005446799,896.5850883043904) 6
(850.4605223468307,551.1040123410976) 2
(660.5779973064034,397.8235329266359) 5
(326.9077671031813,588.4864065459701) 6
(791.6426995835832,804.1424498869393) 5
(445.4915075612801,287.8989332603185) 4
(40.7429690477162,358.67440945527983) 2
(315.9479355789679,928.7019619515754) 5
(67.17413045305506,599.9736330377594) 1
(516.0811443952961,765.8994541924786) 1
(55.980795287624744,455.5012110710029) 2
(181.47235641110575,213.31838650359003) 2
(678.5562784714682,866.3043899819127) 4
(849.0396822257517,198.0028290231706) 8
(782.969881388725,168.1012894048377) 8
(143.55502791754589,577.5939718119182) 5
(591.9649692464625,1000) 6
(199.86052357693995,66.76001528417669) 3
(611.8619891861024,496.9839989195423) 4
(0,304.8932215916702) 1
(306.99610708289276,1000) 9
(996.9129775740588,1000) 5
(435.5457384137984,474.9135192420964) 3
(571.568901343618,527.5726729075509) 4
(0,824.4052313287162) 7
(857.9643610999597,509.60453224359964) 3
(264.7417609872814,49.99434468328309) 5
(548.1595848737077,768.2535368507247) 5
(614.1325724503076,512.5398722264932) 10
(641.8148198724869,442.8766822143608) 5
(588.1343566486497,830.4613900504469) 5
(0,1000) 1
(585.4682643389793,563.8050768182342) 6
(403.24655273256633,274.0973070231943) 2
(39.29460443723059,944.5105814363641) 7
(677.9522903533283,1000) 7
(266.3562916080303,313.7447664903317) 1
(246.4528115246643,402.59508051938815) 1
(304.47598110777915,402.9817139343909) 1
(1000,175.18431234485286) 2
(316.1551259344408,41.384349223591244) 3
(0,324.5994067771516) 5
(404.18912214451206,906.2736017276675) 5
(459.17284437007504,748.8700709001052) 7
(0,690.619245276843) 8
(756.4670090007301,0) 1
(628.5023674914914,203.28849055601546) 6
(46.71217322548176,429.1189896954344) 5
(328.66842807691,0) 4
(657.1953936003893,0) 8
(819.9617187855767,194.49151680184133) 6
(566.6229190819371,492.5541579947659) 5
(428.1940640272522,0) 3
(595.8851422698751,962.8333711648712) 4
(0,350.74056751249566) 2
(559.649139600137,1000) 3
(306.60693939429575,859.9371024343043) 4
(162.8784347647354,476.8523009671556) 6
(721.3654151024502,480.897938828334) 2
(242.75418664122475,0) 2
(530.8700946043222,675.2489758479727) 1
(504.2433420024732,620.1825272054517) 9
(694.3098646511492,347.09578519749255) 3
(376.6014706642273,394.60533428479346) 1
(304.5438141610965,211.78995956920483) 7
(527.1659696764858,420.9339397414688) 5
(438.469568010365,251.9670269799999) 4
(0,618.808486402113) 7
(674.7511652732167,249.5855406282704) 7
(966.2230289818829,644.2825769760632) 1
(278.35051903740134,688.0751731199103) 2
(647.7200963784924,1000) 4
(221.20178344423277,986.2693670778926) 4
(591.2160388949507,527.4458580791719) 4
(68.49856240269673,645.6708666016891) 1
(146.7154399774182,292.6884871464937) 6
(620.649300451422,219.6129722470286) 6
(578.105661745996,229.1454393062932) 2
(0,687.2364372950141) 8
(569.9903957379086,427.5546557639831) 4
(561.4008057275462,1000) 3
(663.4978589003993,293.97299214158164) 4
(638.3091852410641,529.9859186530263) 5
(929.2243353862125,412.5591783110035) 3
(542.2807832567431,34.75265006028735) 3
(152.14036374461313,824.9126702564506) 8
(984.0980791584623,676.493359922345) 1
(153.08327311411074,148.85729760599395) 1
(915.2612310263283,302.76393511959) 8
(777.4511950927338,418.094367224967) 3
(398.8966482833178,524.9003000124324) 4
(0,565.7925334217979) 2
(441.3096976620313,621.7557935527617) 10
(935.00107917621,428.78252836457096) 7
(242.32145692469675,402.63104185051566) 9
(509.73758732468735,876.4904242165134) 4
(1000,690.5604720931361) 4
(34.16163741252734,71.80974650968915) 2
(504.7182288103114,555.8148767036719) 4
(1000,416.1087336296562) 4
(329.84370358299066,718.7122142610716) 9
(46.02564919141662,792.5335675975883) 2
(970.2190877883788,332.55071267603967) 2
(430.6776992156813,165.0142095169295) 9
(248.8286133421717,639.1439535962247) 5
(561.7018639404794,611.7259011052954) 3
(0,658.5560627812642) 10
(1000,125.66256876456964) 7
(582.0558741425707,409.6695627891048) 2
(291.65387429115844,710.460947050976) 10
(629.7003172285051,845.8990044277923) 10
(387.2438158421734,0) 6
(381.2000969850037,671.7650177333115) 3
(883.4646459578123,400.4874919581202) 1
(1000,872.9695889712189) 4
(703.9790658996619,730.5702299849671) 9
(870.8383911751254,376.28725880447803) 3
(205.26470409183042,188.96691815472724) 6
(226.3206983888541,866.25034989846) 3
(701.7811514967766,873.8709819361579) 7
(606.2702166061172,732.2594317613853) 7
(532.7670097976124,554.2491022053923) 10
(456.0478010981368,453.6613003718553) 9
(1000,1000) 6
(125.24702062138431,612.6520907569012) 10
(745.4651858848588,259.2149381088095) 1
(812.4972814489553,652.887147449295) 6
(560.6751529419915,714.5034119934644) 3
(393.05245473081845,652.7230300245336) 1
(318.1015650791106,917.5439074278453) 1
(417.4017640350951,804.6316728410518) 3
(1000,614.0858407830965) 7
(410.68363350780976,266.79722313847367) 4
(1000,573.2420665643599) 9
(368.2340953890815,548.7392188535503) 3
(1000,295.04939016977346) 9
(0,422.6147488852733) 3
(1000,626.2659001958414) 10
(0,737.6639458916259) 8
(662.6357615748512,468.45039323223057) 3
(853.7965447679102,457.1751075148752) 10
(986.6243603101423,694.9027932271177) 8
(834.993614575179,546.5169964859268) 3
(665.7319948023901,322.35233359516303) 7
(780.6352350594518,68.50749172892779) 9
(0,0) 3
(908.9989912234182,917.6082661214068) 7
(0,406.94250690475394) 1
(742.6351601116278,171.7158378410207) 2
(608.2120828154035,87.76016694282441) 10
(607.4923573904612,103.6959939285552) 1
(822.7377992710267,1000) 1
(621.5341968963057,461.51286388771234) 3
(957.709656676501,809.668660922252) 5
(972.5186555089637,82.58804220558034) 3
(656.9313300211892,557.9308930399928) 8
(695.0642950281238,302.9883263976789) 2
(674.7670086896843,44.138871467425986) 10
(800.8021356602751,478.67575468428845) 5
(333.6540027667394,195.7298890276861) 6
(317.27124666606744,0) 3
(205.59432195470356,2.8926933385125153) 3
(340.55833725463117,730.775851340979) 2
(761.0168279145599,537.1135140794308) 2
(280.4875425634511,274.67132176998837) 2
(1000,632.0834526603073) 8
(635.3032104044432,377.73627871978954) 1
(420.30950809951486,513.3085339415624) 5
(106.1901316779564,816.6016640580874) 8
