1000 1000
10
(0,0)
23 120
200
(393.94804374030167,634.9065024038592) 1
(0,0) 4
(656.8878568657622,139.9479601059361) 7
(145.1211151988042,978.5297457947148) 5
(797.5443122897516,390.50879556760543) 10
(908.4641747829235,581.0126395667694) 10
(123.89559892405447,283.6828382668567) 5
(265.60671559917404,0) 1
(944.4489317005618,1000) 9
(204.11343216638653,857.0103827082229) 3
(768.3108842886306,999.3722936126075) 2
(575.3887416538136,125.53101600420018) 5
(225.4955280208016,393.11405885555075) 7
(456.0647653528867,782.0090557502292) 5
(1000,541.6946380711212) 4
(52.94801026639499,225.0765576321877) 9
(159.46455286571722,550.6866156079271) 5
(982.7725878203705,573.5854986894435) 2
(1000,410.7001139227141) 10
(182.7615524650942,27.134264904480517) 6
(402.76887619296343,1000) 5
(452.1118145039241,967.4755057797297) 10
(279.34048497513436,751.8478600217015) 3
(921.418096101233,551.9694936341826) 10
(337.5623422153152,302.1471050310695) 1
(0,686.6103426951736) 8
(0,490.1176165391655) 1
(546.3906799797713,209.88858041557387) 9
(422.1913270000551,277.57677532984724) 3
(608.9144965342552,494.66584710557805) 1
(284.7607440572447,0) 7
(855.5080381388211,786.3378580590872) 1
(856.0246110743626,793.712396942902) 10
(248.7986249748468,0) 3
(427.21570127778557,537.8296239113442) 4
(416.32732843908514,419.8052012636184) 3
(495.41922240142657,565.238561279102) 1
(368.6740302900654,493.6065968132033) 7
(498.96606767213,8.557524477796392) 4
(281.5057768972234,314.79247840488745) 5
(702.5071900913738,625.8595173501228) 5
(599.5207666150518,0) 10
(618.5629974080159,39.323197039850584) 3
(1000,1000) 6
(698.6009749478878,957.4658828621762) 7
(176.91906915281248,280.60772388108205) 3
(497.70174417133916,506.70278948195926) 1
(360.8130922440678,781.1442788468028) 1
(267.42582509073196,873.2189796807329) 6
(672.5022464072392,839.2658549577429) 1
(917.6457884833223,694.505263112941) 6
(729.2375770419575,662.4076890506836) 7
(435.3553592381221,735.9883584019664) 5
(412.13339264593105,227.6182456052747) 1
(606.6174204539407,609.4738626965976) 5
(469.69663678357995,1000) 6
(0,466.4225133081017) 3
(507.2694780406188,553.2060004625941) 5
(344.34571987973857,526.3003488077467) 3
(328.0958358652917,0) 8
(0,807.1427720352654) 8
(183.71416550103578,739.4674884403579) 6
(634.5779555261856,218.89754195923473) 1
(650.0928865470576,226.07978994505936) 3
(928.2668349446824,575.9323863103762) 1
(617.6253718654037,334.81294639627856) 4
(560.350221652854,342.0668864197854) 8
(542.4709409053568,377.46819180240266) 7
(395.9459839365255,309.7035497383836) 6
(628.0977252885513,663.4342981438103) 4
(126.12439375125109,295.85880820338537) 1
(550.8322803071165,105.15831163105531) 1
(377.5935260416255,1000) 7
(1000,372.29030260134357) 1
(598.614737323042,995.8940773853526) 4
(134.16366545578188,562.0812765138597) 1
(784.8089143355899,0) 10
(1000,784.3380519182331) 4
(496.8347567146707,634.6213572210667) 3
(424.77560946699987,724.5765454873783) 7
(432.360015441041,624.7949807324422) 1
(421.44306195474485,340.8166864515342) 1
(689.5201483075163,602.8342293322395) 6
(756.3878037937584,770.2200211496197) 2
(445.8170756856665,584.9377611254736) 3
(432.7575767223795,619.7084150504403) 10
(885.5851641870418,954.1642121148053) 9
(526.7297494527637,43.863376299315405) 7
(718.938685125236,0) 4
(805.4916298937811,735.782281286248) 4
(0,454.2635182469229) 1
(624.4075817671809,1000) 6
(822.9371552959722,634.3689578922408) 2
(516.9458877330161,580.1297387619035) 9
(0,763.7550331976089) 3
(290.81688237341757,354.43463141075847) 2
(760.2205687779024,674.2108499692437) 10
(844.5474011215088,668.5285143251042) 5
(884.141136855315,300.47148092133824) 6
(736.8770777431012,165.41911440415987) 2
(411.78868677151183,553.0113983616044) 4
(701.4352489466736,448.7988999948106) 1
(938.0946733364558,503.269189108869) 9
(0,534.5202991014496) 5
(1000,385.3776773326085) 1
(451.8818069929499,764.8815175054061) 8
(567.6438135139546,854.6925688610004) 2
(394.89240062261393,955.6917090021498) 1
(648.6295626562363,1000) 3
(522.209015896266,573.9484360492175) 7
(325.6819982050715,50.731948101949) 2
(89.18784207455252,552.3593192475012) 4
(54.44383993393484,1000) 1
(504.288315762419,601.3829924058042) 1
(360.05402706828676,842.0985168202168) 4
(263.47703262585696,773.5842831161237) 6
(172.64527783765612,377.93002161113424) 5
(984.797812514885,502.54899683867507) 7
(819.5291043083666,0) 4
(974.9887491083467,354.8230940972786) 3
(576.7870610529858,757.380052356556) 1
(0,1000) 8
(556.2292309230461,883.2777470706267) 2
(0,261.69233812334346) 2
(662.6740826274805,784.12494755934) 4
(809.7507064660683,418.2997880688405) 6
(792.1180980396164,679.4070776830837) 10
(369.4195695056453,287.99990665671055) 4
(399.6645868189354,992.4719283239331) 5
(129.36649253758418,1000) 6
(933.6036748358708,393.60601761804764) 1
(265.33134915609946,0) 3
(1000,677.7250500018414) 3
(372.7842958258746,929.5319760276273) 2
(495.13843868755146,58.824874057585305) 1
(872.1333199873063,560.209651895278) 1
(397.51960709589326,1000) 1
(604.8388041588041,97.77335844811489) 4
(630.2097930732517,535.5563063066975) 1
(604.8396992443421,1000) 10
(569.7020186889913,0) 4
(447.40809143397445,628.0894693572504) 1
(701.0241438820639,784.4683047053888) 1
(402.0581655317637,995.8448317835725) 3
(315.05153045219447,413.86666835549687) 2
(0,257.5523943567844) 7
(34.90809331451459,661.2899605325413) 4
(558.8741093516165,0) 5
(778.0030154875965,564.9225984903577) 5
(252.56928856091355,317.4521433074607) 7
(489.52143600232205,0) 7
(653.4661715001614,601.6123429370991) 5
(1000,223.14109211081626) 1
(732.8330456710587,433.85334570992586) 4
(543.2522678255215,497.76525958628196) 2
(591.12719693292,755.9446948051985) 4
(211.93181096995949,610.3462940199647) 8
(832.9890779990263,60.80728836004704) 2
(672.6266150889585,814.0507509357221) 9
(208.03916379272584,500.5761728129515) 7
(721.0788028899374,506.13041109233444) 6
(663.4111061874601,359.66674047939375) 2
(1000,880.2829511009202) 5
(538.3248373666772,360.80882838669584) 4
(802.4306043210346,617.9281560334288) 7
(203.6468290176523,94.14742390363114) 2
(413.7259155518364,745.3793964632225) 3
(484.5013020638695,192.15508181744553) 1
(396.3787161793762,908.8302234321357) 1
(352.51790997099886,289.94850834963904) 1
(466.00036877969677,646.0392373207566) 7
(0,48.640245445869596) 10
(369.85902689325445,172.77859136486046) 1
(254.93286272847166,1000) 8
(741.8540393637818,903.2060689861736) 4
(799.2140809544888,339.0990035382635) 8
(821.7371777748452,700.8629518397163) 2
(213.6063543050916,381.49719141718634) 3
(901.448152250722,198.24684104261593) 9
(661.7279402310498,307.7242038453794) 3
(0,58.41090458404818) 5
(854.0456952518716,876.7305313668503) 4
(0,745.9756105187251) 4
(668.0394240511991,896.5513643832257) 5
(48.16302620313269,577.9695357345918) 9
(294.9432373425673,17.802138820356504) 5
(1000,336.9929186816066) 8
(1000,800.5827184043974) 3
(805.993048085083,1000) 7
(680.4317939535224,705.2377025100502) 2
(619.6251746722404,657.7159432411889) 9
(361.4966190304074,0) 1
(183.0253538195048,0) 4
(819.4327398990772,194.92879778970752) 2
(594.3089589049641,164.6585464536443) 5
(695.1792167186137,430.2010919483397) 3
(952.0360455521625,610.7425832450106) 4
(0,922.5676479405741) 1
(1000,0) 9
(406.13316977400734,604.5874062385842) 1
