1000 1000
10
(0,0)
23 120
200
(701.9701664364212,615.1517112730434) 3
(505.10401871541166,434.99162109857485) 1
(537.5667041384708,939.8503962602563) 4
(399.0366883808272,286.25050075371263) 9
(671.7929439317646,613.7449973883208) 3
(848.7547124007699,344.3914067809388) 6
(980.173356527944,506.87993081846787) 2
(172.41252769713452,617.8568431606511) 1
(370.74852048069476,256.4687084441821) 1
(433.41595180074347,940.3320079893156) 3
(1000,542.0527021460671) 2
(300.22254958367785,771.4406061363163) 2
(530.7831540580879,776.5823988908593) 10
(320.26375152123416,0) 7
(1000,92.16250580068396) 5
(212.10749364195794,575.2599952090975) 8
(825.730045408029,943.9576238046) 6
(360.048833846519,309.5559658029106) 3
(601.6288281624151,584.7754639794116) 2
(0,595.5734423300837) 10
(218.04488324744756,322.7521101597911) 3
(402.5717274105558,557.2416295624029) 2
(820.5128132241198,471.8846503545019) 1
(384.95482932462687,334.5854563894376) 1
(639.1210777801649,821.7365559779421) 2
(746.8182422392612,391.14824667476535) 3
(832.1095071553516,333.72894948280975) 9
(686.1381073213015,0) 1
(502.7619157810209,460.4462383763161) 3
(0,987.2994953136993) 1
(358.8876296794026,1000) 6
(49.566464147890315,144.75234011675775) 5
(688.5519166089487,465.14519628373495) 5
(498.1628444697366,460.1877569245162) 1
(589.9890518087149,974.0110426206857) 8
(548.262774167043,852.1620994205812) 7
(0,915.6768368871982) 3
(0,0) 4
(145.3483854636445,615.0512790661544) 1
(308.67431822421895,552.9944812613355) 3
(491.48471932150113,387.06336436713804) 7
(184.4785308854316,579.318053553805) 5
(264.23512772039624,556.6715798535757) 4
(888.79465130983,0) 5
(530.2704757092622,1000) 2
(0,282.3135643576212) 2
(34.30355708002372,528.2536999766783) 8
(333.5777668903363,72.46801403630286) 6
(1000,0) 2
(89.93274330049502,76.56954068290497) 5
(905.1206998593132,921.9814470290341) 1
(984.2040321243269,769.3931771946009) 3
(395.2667348603196,643.8089393979474) 5
(543.0513250788439,477.03467836652106) 3
(0,766.7560710966862) 8
(764.1854714838594,495.03084577002693) 2
(784.0280291418806,366.12069267051663) 5
(0,929.8318929185116) 1
(345.09538574817634,267.130336482245) 4
(638.558966766991,561.9439916765881) 9
(347.69006718873,371.03660254058775) 7
(141.4542093564027,383.73862732958014) 2
(274.9928045567452,130.3168540630217) 6
(1000,738.1559596869497) 1
(923.5105237562194,876.2947108881935) 6
(1000,130.87052765541574) 1
(451.1598266249423,512.1090144549102) 10
(0,447.5749843658422) 5
(805.1806346328652,1000) 7
(363.73389371085875,811.5009390538983) 6
(648.556476085625,337.68562888897793) 10
(530.3127705503186,1000) 4
(1000,280.8387275153508) 8
(1000,338.09375604135494) 6
(246.32517586910356,0) 2
(207.15356947927665,1000) 5
(721.5350250206462,367.8289778821995) 6
(656.3385789567494,838.6208572197597) 1
(837.3211461385245,421.7001004038076) 1
(1000,1000) 7
(1000,352.98575849319724) 4
(433.1375838241901,567.1500090865533) 9
(340.08062688616894,326.28759774995535) 6
(782.1931904272757,0) 10
(675.3635204481475,498.4876592561101) 6
(307.0614875773623,674.6729135658537) 4
(693.8449507080986,622.446085792523) 5
(989.7489538638717,854.4815375517061) 7
(0,133.64781102511637) 8
(659.4662766322919,49.40390681724415) 9
(209.69101517911463,280.30316521649615) 3
(1000,614.4890904222855) 3
(629.1249663014925,1000) 7
(700.5421930964023,664.1631381916777) 6
(312.5235978937984,784.0979468425791) 10
(387.3502187927245,1000) 3
(211.05640654351936,125.91091933149517) 4
(453.2717838212457,125.83492838089398) 10
(673.2267043028648,603.3063057877577) 3
(627.3439508108634,735.3629169403329) 3
(408.78069500993945,467.90570327279573) 6
(0,939.6509651745041) 7
(183.87926715961316,822.8725366576175) 2
(104.13804051797848,0) 4
(130.33209508912847,753.3188470522836) 8
(727.5556879730043,1000) 9
(51.73027165818934,257.50819098529246) 4
(1000,324.90801049866604) 1
(519.3205327893927,141.01447353749927) 8
(1000,429.029369234789) 7
(506.44727732283695,1000) 10
(571.7567351365718,993.340492495892) 6
(397.18065783834766,769.0653078941434) 4
(311.36501860747313,144.69512088851315) 7
(884.0119595855786,586.3031539582539) 1
(91.82277426823975,994.6850400298079) 9
(413.46569333259106,256.6661651935948) 5
(420.63162595804016,729.7555898139848) 1
(541.6794982953248,101.2728615797343) 1
(574.0535200204316,740.3250574619201) 1
(792.4359497187924,705.0583423582134) 7
(871.0827342810956,901.5965224304) 1
(114.547248898404,151.87273521527328) 1
(573.536367020291,513.1469462273113) 9
(521.5216664997545,989.3165110051068) 3
(432.84382119921554,848.7928930842072) 3
(0,666.5359491300103) 5
(799.7168382645426,534.3873322213748) 4
(0,376.2380945517134) 1
(56.13593972343307,478.8408668243784) 2
(252.49208303188624,631.1923991816321) 5
(945.409932912766,504.56109448676995) 6
(249.455750850908,1000) 2
(624.1588252684035,398.63078064314243) 8
(460.095556634183,676.7103127463747) 3
(1000,661.6472105819645) 2
(757.2808657173897,746.5342320284226) 10
(224.6775115629813,1000) 6
(254.62118769921256,503.84837825126556) 6
(581.0665402145022,269.31445471626046) 1
(862.588582768218,659.3497516728379) 6
(564.8608209776675,987.9121122382913) 4
(765.5539171667792,299.933387179104) 3
(204.3430857312767,236.61606183869895) 7
(440.34735577513237,107.79197885612331) 6
(637.38116727135,352.58343246717504) 8
(592.2519359968272,230.76608124306932) 1
(0,1000) 5
(211.75239480992724,615.6442407081288) 1
(755.1524633529963,692.4472619947483) 7
(559.0102469725728,483.88543696189254) 4
(754.7895466448527,462.95996044751996) 7
(735.8518972534293,109.28922816213202) 5
(473.77910424221307,934.8219427174669) 1
(201.331467616684,724.4292171522366) 5
(991.6167287946125,0) 1
(331.64493803478706,435.296387125474) 5
(606.3609933090195,321.46664154265216) 1
(646.6504012865598,331.32411537968085) 4
(427.2268410740256,414.16401890462976) 5
(524.0966051747438,454.1850924820316) 4
(107.92992106341455,715.1938258720947) 2
(755.3227698426617,610.2486680479045) 4
(217.47234025428776,604.7233619758424) 5
(79.03074878651881,0) 5
(378.19927288831235,435.08498490980674) 1
(625.6895968017449,445.53496079969733) 6
(689.0573920480249,291.0669244726723) 7
(68.32198908845055,796.1854417676836) 3
(534.5223376567897,117.36987040032471) 1
(530.4218481816416,14.093539015924136) 5
(487.1636229819634,529.9851778676973) 2
(819.1858457648564,562.0901980828627) 4
(450.025621658447,582.1678242139419) 3
(979.6047979173441,316.6896408863664) 2
(404.0628822499453,111.65401352526078) 5
(610.708864601963,210.9026923669635) 5
(408.9409692228315,0) 4
(747.6721647411388,118.58126925703442) 10
(987.059456290616,716.5229438198176) 2
(598.8805030125586,656.8800187804823) 4
(762.611971229026,298.3376773008023) 4
(939.6602376576136,962.845441343429) 3
(574.4268701698696,830.1068772926076) 3
(613.6194126766283,293.16530317041304) 1
(879.7193934141742,388.2118619292952) 1
(570.6395683911887,414.132193646725) 3
(195.43526583992644,28.39324365738048) 5
(564.5586594831685,288.2247608335415) 4
(815.7786347352621,0) 2
(616.3697817659665,1000) 8
(1000,514.41560025292) 9
(573.3906580929798,633.2280133496195) 6
(0,421.22209281141) 5
(0,635.855605557339) 3
(310.5356365478084,130.22820678748843) 7
(372.67379962738676,725.7057046416724) 10
(68.65518710138826,0) 9
(1000,937.8154007994717) 4
(483.93290655755914,1000) 3
