1000 1000
10
(0,0)
23 120
200
(317.715680836918,805.6497272356746) 10
(430.1634864524831,818.5778546204956) 4
(283.4598512190529,1000) 10
(570.8681912386924,659.5055578229283) 6
(857.552360338914,608.4017290001801) 5
(527.9628361417634,869.1531365375473) 1
(487.0329263506919,156.0135874328687) 5
(579.7919013225473,29.373669210293826) 2
(510.4071749627604,414.1976958880216) 8
(215.28880757201784,910.3159864313599) 2
(328.0190558882054,0) 2
(292.81872956861696,231.7484019776105) 1
(1000,737.8892093655672) 8
(607.5861140754195,765.0342539134533) 4
(876.1325968673159,905.8093793602011) 3
(750.8510516815268,923.6838019286936) 7
(527.5402310316175,482.435366705106) 1
(753.0290696343989,944.8066209676467) 5
(340.0900698464724,774.3807546394391) 4
(636.8945390055752,119.38764867391512) 5
(707.4130905143354,923.4268543931557) 1
(1000,489.80028477029276) 1
(1000,434.4285908175132) 6
(496.2399827744193,612.0327505446307) 3
(738.8035279050976,999.370903760774) 3
(610.0103508270269,603.7909014471209) 1
(888.3483250402742,338.1388751056637) 8
(996.4149020059965,5.192251819122362) 5
(0,361.5336709774201) 8
(218.94212359241908,630.5973605126063) 2
(607.8063905291776,495.09608419674754) 2
(609.251608471855,1000) 9
(686.3253301843805,335.43587323632204) 2
(940.7327177620526,844.2173186873368) 5
(534.435662756429,688.9518558684427) 5
(532.9680924359959,486.05965885341436) 5
(161.27557500086624,784.3095001420654) 7
(656.3088096630049,515.639477481777) 6
(403.60439807909574,494.9089089701213) 8
(413.4505538587431,853.0289621724758) 1
(870.3258758461266,234.82912545700628) 6
(795.3586094662785,570.0662316495282) 6
(911.5890024733219,78.27388521827748) 3
(255.20540502045353,691.3869921241047) 1
(291.79488905234314,856.4539507641895) 1
(712.3793988466803,314.48339855153256) 3
(681.3565960658393,687.5219902059173) 7
(658.5837592874557,993.5953401582574) 7
(640.4754491660178,625.0329313308474) 4
(424.49331136280136,221.21138391249394) 1
(619.8563354522724,827.345586902783) 6
(392.6963270496693,1000) 4
(42.507189523467446,924.8591138181114) 2
(622.6612720691945,445.67802219963346) 10
(776.4108908030902,780.5387461685928) 3
(366.94115709537994,279.10082055986106) 5
(669.1038063811925,579.4887358935136) 4
(876.6966859889076,659.2252510285302) 5
(208.0939188356129,311.7157079316768) 3
(115.55201843860226,690.3909387973719) 2
(348.333984426691,703.1270417032108) 5
(0,251.645622501559) 8
(213.6880903134014,637.7488966246582) 6
(594.353615213853,354.7007284559787) 5
(730.7648607715892,504.38997416403316) 4
(32.559606457937946,933.510481054007) 2
(380.3528339487739,81.63872397958198) 4
(33.00926478100439,660.9565896202093) 2
(704.9433071029046,393.115340584582) 9
(362.25865868830647,274.5704657775407) 8
(882.987322949903,756.4150866154582) 3
(724.7166461595763,536.8554276209975) 1
(705.7179585967773,310.2211266511245) 4
(649.4752617102338,773.8391901390739) 8
(853.3191728457946,747.9763983644568) 1
(296.1218008067111,708.4452569610366) 3
(849.5155572476485,1000) 4
(825.5568224924009,779.8178599491023) 1
(503.394177373454,485.5698725010124) 1
(290.3897485065313,268.812376963711) 5
(50.622367423773824,869.853152879354) 2
(0,832.5807687830522) 5
(843.5254671870105,549.9788331573056) 6
(678.5398276315374,520.0882410350373) 9
(126.32764879379289,1000) 2
(243.1116590645958,817.2752967201977) 9
(457.93696813666213,627.6660310474052) 3
(215.33697669648768,831.5164623365429) 5
(239.94294426408317,430.60267106000595) 6
(1000,556.0237519677976) 10
(654.0285733032684,648.9741287354777) 3
(601.3008571894579,604.0164767047124) 1
(70.72760596584646,489.46767448332054) 1
(243.97856885863115,959.4494110291632) 5
(805.7699259934573,99.84021525285652) 1
(402.0916417412061,203.3922011993996) 5
(609.0943997292835,544.2518334472938) 1
(688.5494443087975,506.0175863534003) 6
(864.3127113393919,394.59360653167283) 4
(0,780.3725733808611) 3
(1000,240.9670607427562) 2
(107.12174563744406,717.6399692043699) 5
(1000,277.1804217963192) 4
(416.9367178348676,657.3195324783428) 9
(67.1885945632439,726.3099836424209) 4
(775.7849916185877,235.98441758706548) 2
(57.048204263431785,756.4463828447588) 1
(598.177251146289,280.157643084577) 1
(0,665.438539651638) 10
(623.6192448297224,363.17527217242707) 6
(345.4235245470604,800.1054443133919) 7
(538.8524291373035,490.6353420558886) 2
(367.99546159865747,279.0718567906802) 6
(859.592548050502,122.2617567516096) 10
(34.86159220594351,530.7844497378733) 1
(153.4300108296863,641.2684859547603) 7
(160.95471548519203,403.975234040994) 10
(1000,199.66721016146494) 9
(727.3384069524153,546.2160901355126) 5
(641.7236326352671,0) 6
(149.21431609276942,822.5810165012845) 1
(38.05042606900173,1000) 7
(1000,460.30668919940905) 3
(545.9404203504724,319.0273275204922) 4
(739.448845231901,795.0353390444009) 1
(772.9805366612018,985.6759014698614) 3
(145.13691856133687,261.13145053125817) 1
(105.1560274338832,927.352839589241) 8
(676.2036806859459,553.6622205030924) 6
(336.80899947880647,484.3461835625503) 1
(410.17499587521706,395.15374915118326) 3
(516.2392288495885,70.32010241606969) 4
(746.0790818919842,0) 2
(143.30831300134122,920.7510768507611) 6
(232.09482874448378,504.284132342074) 1
(367.9362773566849,131.2835055238374) 10
(535.7820266657038,620.3168642601328) 5
(217.15157531403833,522.8184687460069) 10
(791.5118722839326,712.4163303142042) 8
(410.1467981994879,455.17976790559163) 3
(725.6104432368899,837.082734034964) 9
(151.54718315096534,464.12367340370946) 9
(661.906629683333,275.6719441845586) 7
(130.36744317643922,435.78556506696066) 5
(920.5683356463543,480.55872911548437) 5
(489.13401016428713,398.8327800662687) 5
(193.36889139208546,0) 1
(0,429.42037967216635) 8
(265.4664760810968,663.8437631098479) 8
(1000,911.633737324135) 4
(578.0754930918285,659.0147599188452) 7
(699.8657180818012,659.7037299330772) 4
(512.9255597256156,665.2009972059157) 2
(430.0583891027435,195.6384350424292) 7
(362.7654330558926,400.1409912076897) 4
(1000,561.9763486800844) 1
(493.351552625635,92.52955736134214) 4
(548.4766273171444,109.05480842782936) 9
(15.328434595497015,351.5202173680834) 3
(985.2602165895515,696.4908942045171) 3
(575.9158664413842,0) 9
(617.0777938294282,671.7182382265008) 3
(614.3162508764815,1000) 1
(559.9711101430023,618.9376814718477) 1
(198.01913096647576,457.4521870753631) 6
(314.27305465821644,185.27910055725744) 1
(353.32039862508543,452.16754927443964) 1
(755.3061133889415,103.95230024577887) 7
(930.0346321860045,385.5845660795469) 7
(1000,515.5251530845426) 3
(0,350.0191934120676) 7
(625.0752580992878,137.59176121369535) 4
(589.8427139506108,395.21840008158404) 3
(440.6991101803298,296.9305730388095) 1
(90.46087061542318,140.52426164106328) 1
(586.0475826642689,696.4130518837533) 4
(0,273.14629952611784) 2
(146.53308971964077,681.2706208893214) 4
(476.8076959549978,341.7887841454093) 10
(564.9895472083541,730.0136993083271) 10
(154.16816579062953,891.1073006620475) 1
(175.6365186784464,457.96076435618465) 6
(1000,123.40663741432712) 4
(574.6416943211459,255.8331042023145) 6
(997.4262290962117,16.413800294620444) 2
(1000,810.9522255738159) 2
(328.5589715449205,1000) 5
(303.1188035897396,0) 3
(710.5210454370314,680.4175256746861) 8
(482.94187846396596,71.60316714453745) 7
(738.3464433109966,779.36694555865) 4
(443.9796441989052,907.092597557895) 4
(555.6773913627403,434.26739317741624) 1
(87.3105918134928,546.0153537826442) 9
(67.55341755269632,573.7986521487638) 8
(434.9887503409274,1000) 7
(557.0357168098054,188.24614830393222) 2
(131.04314818557947,481.55865694879407) 6
(307.47229896316156,994.3735259839607) 10
(498.6234644525425,0) 6
