1000 1000
10
(0,0)
23 120
200
(780.7148002594352,673.7577973873658) 7
(669.5252487961985,614.3992444622459) 10
(60.897034985077084,443.9685884510576) 3
(805.4518370196954,792.3603090652662) 6
(468.7430416861316,580.4601134091208) 5
(508.1398381508412,274.0227714527819) 8
(582.7643143631859,909.7634177484365) 6
(471.8125967031769,365.92959026107235) 5
(0,755.8331012101044) 7
(1000,578.6358277424664) 8
(195.97367483459072,268.0608216522845) 3
(334.744202229026,651.4646368048639) 8
(756.0455922247111,998.401465045286) 6
(662.9510995432581,708.3302194437333) 7
(633.037099429358,1000) 1
(0,0) 7
(305.2001797968179,892.5109295944321) 4
(111.86945748308108,161.2407413114662) 5
(150.04908554126752,550.7410467933561) 5
(749.1133453936766,819.5905196150704) 7
(588.9982338695976,173.83641539746264) 1
(0,349.85973472393357) 8
(880.7858495427541,872.9875971991507) 1
(241.90392048797963,411.72590420974404) 10
(165.56759141297317,503.37117334514136) 9
(291.17689112345056,589.0445711250451) 6
(173.60203865825048,619.0475194596947) 4
(896.9246375503801,392.0302787134577) 6
(548.2555875234764,617.9961495163427) 6
(512.2196747941551,297.43400564442595) 8
(351.06351349575453,0) 5
(1000,579.3421173974357) 1
(93.50028235691934,550.5907030845812) 4
(0,1000) 3
(921.448116004131,571.6038696015077) 6
(219.9997309088726,562.5235955631816) 1
(463.12206285106333,358.752580598494) 5
(0,917.1566426554268) 2
(28.726716052278107,481.193236055737) 4
(880.3292074081214,0) 10
(898.278810154105,0) 6
(1000,301.6599207153009) 1
(933.7649441244831,990.4803844435398) 6
(0,602.7176975144978) 6
(403.98035916979177,648.1689461864626) 5
(691.1114348542886,915.9148404790186) 1
(233.98047342889174,374.9244903870599) 7
(317.30286995989917,430.6111191599167) 7
(199.38641873990105,127.48981069726) 6
(710.4919795957451,209.9131122105855) 4
(538.4645676630734,0) 2
(548.2203537657481,3.819066115785631) 6
(138.5632551888025,467.6563075948998) 2
(879.9407241594438,413.7770696653628) 7
(231.3291317025425,634.6879564431041) 3
(528.2149151426149,531.3550798537196) 2
(120.30038917026411,922.9125613814247) 5
(352.67271645986517,737.5342746645476) 2
(499.1708164778185,1000) 6
(688.8660991113238,853.700747721178) 4
(946.8059318959577,1000) 4
(747.1277421782244,741.0107778988673) 5
(443.45567992941153,607.2053242300722) 3
(214.14279094177635,263.35371129766713) 7
(644.3985276460487,241.3650123753061) 4
(260.3844273962948,421.6108817536937) 1
(606.711140490149,191.0540508319042) 1
(0,609.894127271374) 3
(275.58749972819,584.4397340964432) 5
(696.6621784514349,394.1838770488349) 10
(870.4576838684991,674.1803272501747) 5
(498.4740858177614,423.1267996075824) 2
(711.6781494192543,421.1997327818603) 2
(106.653465809615,888.4451881824325) 8
(642.0066449932893,58.81820993976646) 8
(1000,516.0532253399945) 10
(215.19213058959946,429.57187560554326) 3
(423.897311669113,717.2555786837572) 1
(392.7285486795584,1000) 10
(755.1868530820059,504.6647229355649) 4
(257.01131274931356,0.011050511529504092) 2
(516.0641990512886,867.3787474185665) 8
(249.9156924965691,76.1490611452769) 5
(620.8215070763873,882.9192061383839) 4
(847.6403408633083,668.9917992534746) 3
(697.6203288186298,302.1265274610025) 1
(848.7737743507538,83.31049454084297) 6
(522.0502553995175,583.7159350083434) 5
(99.27053758810445,335.7261265527751) 8
(509.44913589614947,184.24441203952642) 3
(0,153.17186006209403) 10
(0,838.626996613808) 3
(791.7053678340047,821.7951762667733) 5
(644.9157528104256,903.3207521526427) 3
(905.3977886327582,0) 5
(487.20454320119103,0) 9
(96.8159687615489,546.8463506192817) 1
(228.18024099181088,856.8039275276858) 2
(423.52489416040595,567.7677727921388) 4
(360.9038584906594,679.4697490218476) 2
(849.0542256775984,212.49530008024516) 5
(750.1895597141174,573.825185674291) 6
(75.24697284754438,668.2274578144197) 6
(539.0455746808747,0) 7
(1000,838.7866407902931) 10
(678.3987933300139,468.9609017371826) 1
(635.7209352915332,707.7012122184541) 4
(0,293.9461716994616) 5
(366.226873923927,60.00600637022569) 3
(232.13922557359393,434.8979895653662) 7
(122.60365996683953,414.7939191501971) 8
(887.1402353877489,173.37123119315925) 9
(249.75898236545413,0) 7
(248.6573505332945,770.4257232064411) 1
(530.300067848934,494.0201686209733) 3
(384.62007764411163,240.909684507848) 1
(534.2512511916885,280.3785186624649) 7
(427.9353621476859,217.35586135486983) 10
(12.502566209452425,763.7013233241073) 4
(1000,586.6578422738296) 9
(446.6764291768701,580.9871564482928) 1
(430.99658932803163,611.6725893317728) 4
(666.1747902664612,394.27344872363733) 3
(646.0734414913251,610.8365331310249) 6
(691.9725562257441,163.13013755853427) 5
(701.7091108548215,73.68582997163963) 1
(1000,283.44788263137457) 1
(111.91476774355243,525.2487167002785) 2
(454.0733303444747,391.3997555504196) 2
(0,604.895113508886) 10
(237.1285392335186,554.5533532234988) 6
(401.0977749211954,0) 2
(199.64081853182506,1000) 10
(781.3498750213283,670.5786575343905) 4
(477.2106192873866,935.0458379241506) 3
(686.6666549197352,503.3827620757349) 1
(0,716.62085888021) 10
(387.4505304301555,0) 1
(501.6276571804957,0) 4
(395.93470852495665,530.8268536823759) 2
(263.174502189756,0) 3
(475.1531795957594,40.703629739607436) 2
(0,943.0960481062112) 6
(500.1655806599825,401.0885813549996) 6
(0,238.85067120308037) 7
(801.3261237469235,757.2665085339487) 3
(617.935297935935,558.2279328707608) 4
(1000,445.62893038810233) 5
(395.3386568306498,750.2940956423242) 1
(663.429561254392,535.2859782749346) 1
(751.8665496964586,350.35279038133933) 4
(46.17402809861875,626.3578291215318) 8
(531.1565194274509,800.2831676006529) 6
(632.3173408045616,489.5131928530425) 6
(244.7517862604193,842.6345606705851) 4
(267.68211523964936,861.6953887538095) 2
(652.7756170125158,349.8841225325008) 1
(1000,1000) 2
(0,993.5417743679618) 9
(322.9059595154201,14.483852728217812) 6
(501.56377676195973,608.4933249203235) 6
(537.1255184465846,365.124957770132) 5
(742.095112362772,873.5641809122114) 3
(574.0188877527921,957.0668870986312) 7
(507.296998237717,623.5187021630263) 2
(507.50278525879736,1000) 3
(0,168.10454084950214) 10
(356.6050257588969,339.32338345623145) 4
(1000,0) 7
(237.32256792747182,825.2123236577318) 7
(579.6552913579184,505.5502009833368) 4
(147.2486083376503,0) 1
(315.9069345934897,203.38813097078724) 2
(869.2839948936459,362.6514170843688) 1
(257.93032334598934,527.0032374595615) 1
(168.54975256677017,0) 1
(608.9685588022555,390.45448343976966) 4
(235.01127146946754,627.2180241743472) 4
(689.1169087962719,574.9545154722655) 2
(717.505076347524,468.6794464787723) 4
(456.09971603222755,690.1156509325607) 10
(108.70611622659635,650.9003938392023) 5
(834.9914460220155,850.4944976771008) 7
(325.5545910722593,328.90471817415244) 5
(1000,520.6153195064757) 5
(721.431829533738,956.778828702759) 7
(757.7275060437794,686.6704823298709) 9
(762.7817449984129,666.3221416824472) 8
(479.35308791378793,625.1957390227071) 10
(618.6841868778123,971.025470816387) 1
(449.18611349211415,348.44702846393216) 8
(505.22445273020537,710.3063032700154) 3
(919.6505146048482,613.624691474522) 3
(0,113.82011557582314) 10
(182.94190927091688,478.18851707543814) 7
(667.6770055636381,468.9280291423447) 8
(559.8645195680775,807.6477794590047) 7
(606.6089036121617,458.49746001702147) 10
(170.00496435286306,53.04886730177657) 9
(208.10757087849288,440.04453321556514) 4
