1000 1000
10
(0,0)
23 120
200
(655.7862846974341,178.6499156571582) 3
(895.6433831240015,335.49593951052987) 10
(854.4309212013343,435.7745802082727) 3
(65.66912803605533,671.4052855422316) 5
(536.1455278599989,290.60495353041205) 1
(0,567.6512248722329) 4
(498.07084920308114,403.180334655734) 6
(506.6147348710024,0) 5
(0,406.07068259965644) 5
(217.8367936051837,899.3691229793592) 5
(210.53948426935068,99.7390590662693) 8
(500.24503397997165,447.7645130293329) 1
(395.0973966570709,538.2943865414197) 7
(168.5391790133002,333.1757756273696) 2
(1000,685.8030784088559) 3
(47.08106386789842,604.784924036705) 7
(819.5700470825896,690.7414062831976) 8
(654.4533656778024,663.3330317780985) 2
(725.0184626421077,954.6623183759573) 3
(670.9388726251541,807.4425786648634) 3
(312.3239656099943,1000) 2
(998.3114516701629,168.34337842076803) 9
(0,408.25477244387025) 2
(418.0186770778507,638.7702195072868) 10
(732.713124856326,209.7683401729485) 5
(231.4638121517163,301.2383437517558) 6
(444.10401137957797,199.2860657548503) 6
(310.6558809964581,906.0949269241794) 4
(988.4959149501585,498.24614046007434) 7
(442.98423813456753,545.9369341391931) 8
(892.7912966771164,292.9404086628823) 5
(343.4661488194255,220.97147420887745) 5
(550.2760527829689,465.880355647068) 4
(0,531.2214656236321) 3
(1000,496.97314538812293) 3
(136.75493954601023,210.22118278358056) 1
(655.042512679081,956.2279050684667) 9
(295.68365411690996,613.5080445420513) 3
(623.3610335066379,869.1549728417085) 2
(212.85657770906164,914.1567113586664) 1
(1000,560.2222995594788) 2
(752.1744000864157,1000) 3
(317.858479668454,0) 3
(852.9106115873014,409.2160086511633) 8
(0,61.11446815745791) 3
(1000,726.1631903867051) 1
(624.2528659788411,689.877705149061) 8
(81.36735008529257,0) 1
(0,188.5616584459254) 5
(361.4207641389381,355.0274469231434) 1
(739.923448646661,502.8210604354621) 1
(40.3090567744527,527.2241351491109) 7
(350.53988683817795,343.538746157172) 7
(822.0122504153558,659.8919332981645) 3
(849.2676822752144,0) 6
(767.3113055335657,417.7973169449383) 8
(195.8150560066428,706.0178592227957) 5
(616.4031691733064,703.3939474821677) 9
(0,1000) 3
(608.7465546068125,336.28198770818585) 6
(771.1976518142867,273.47462826273966) 7
(366.62572875784065,739.1363021928973) 1
(338.4917622185851,501.3705521522762) 4
(309.077639882331,463.51707264901574) 4
(1000,569.8706138160015) 10
(1000,1000) 5
(324.2792832460319,634.9908343602372) 5
(204.43354149862262,666.2974465158243) 3
(682.1384104387555,679.1398229850538) 4
(677.5192750199751,1000) 6
(675.1296762117584,109.16658129051342) 6
(381.51080690545615,163.97699405717674) 1
(927.0212201495269,174.51924982419615) 6
(553.2687958691083,475.23384227825363) 1
(588.5584362939829,347.7359488504537) 7
(0,121.08527263796958) 2
(625.4804446649443,0) 5
(836.0718093023245,170.69834044015982) 6
(811.7202316930891,537.4016613536596) 3
(669.0976164813653,86.0379324178457) 2
(204.79983779644624,560.7845659164817) 5
(411.1361727990465,491.4605453800911) 1
(377.0819548414611,306.470408058491) 8
(451.1350722474117,643.379382645323) 1
(432.4530572421975,486.0580381910884) 6
(132.9920204861317,351.4205002181618) 1
(261.53206225013224,375.0369538303921) 6
(212.036646692026,929.596726918285) 2
(789.4315336156249,539.4610912049723) 2
(348.7453694264997,1000) 4
(182.00742531588253,552.0262998393048) 3
(644.169338166721,532.7121776306628) 9
(473.10234547975483,378.6827203532054) 6
(315.07364343298434,704.7100000195265) 1
(584.0969093501532,684.9186917764048) 6
(305.2339619087022,301.63062805969287) 1
(536.424894682437,885.4368955645419) 7
(557.9461391854339,254.8921181078938) 2
(312.66923448288003,580.0647227894527) 9
(763.1837235311355,244.53308420028466) 2
(622.7758003380944,402.99118100961897) 3
(608.1278133443827,234.44920653268582) 3
(386.4872083005968,910.8757371704015) 1
(570.8259826142212,7.240893736823523) 10
(722.720054546014,0) 8
(340.5072073823118,214.89607513141402) 9
(0,432.5720421114237) 2
(493.89063022168204,361.31392021498544) 8
(309.5764616694711,391.97032252633966) 5
(370.886371921722,541.5657249586806) 5
(0,307.839719008396) 6
(530.568268052179,106.70385003806115) 2
(598.2437320073201,901.157822493293) 7
(516.3174464126319,702.5452680289663) 7
(998.0784030827318,234.1218942680283) 10
(1000,469.2863117082077) 1
(766.700797655405,281.40718250970144) 2
(562.5160535670811,520.1916900178326) 8
(485.6270054001338,360.2946095989924) 8
(938.2832155183801,1000) 3
(0,526.1226488100796) 7
(587.2740351861551,849.4953378902928) 8
(876.7507836462737,737.2795089241492) 9
(990.0303779843599,594.7893680309395) 3
(614.7549055083783,345.99731489261075) 3
(329.4791600244549,771.0634100928628) 10
(0,509.79105506666076) 8
(315.7355518360853,547.2337029586988) 5
(356.4243760677318,433.9731045071041) 8
(806.524550895964,520.9021121250565) 3
(451.78522793219065,526.5897901865828) 10
(74.2246138887146,890.6596215493292) 2
(506.6922666870355,972.0049289346744) 1
(372.57395509260425,499.9749807510413) 7
(421.26612023931955,467.4436770005602) 4
(432.01090154410423,754.4530458051914) 10
(672.9770695713903,174.49529567786493) 3
(531.1273977707513,581.1224537235935) 7
(0,534.0491485169503) 1
(1000,477.6068843729983) 8
(222.05860140224854,654.3411015377571) 7
(563.6107054870023,0) 5
(805.1904808003454,1000) 6
(546.1501210505272,0) 5
(506.1506047461221,0) 5
(1000,603.8563348703987) 5
(539.4353036974552,504.8554301602906) 3
(924.1169484626315,218.183800906152) 4
(752.0120761126233,165.1247738612501) 6
(909.4949236961379,2.994269638904939) 4
(607.7055858457138,543.4913157161981) 4
(374.51315402269387,749.2964925743629) 1
(719.7074895739805,694.3803567396435) 1
(597.144210425048,189.16670058226202) 2
(588.9637597038732,811.7506787800571) 1
(407.4226559534855,848.1794827014191) 1
(639.8969502845063,756.1556357682044) 7
(494.7206829021072,0) 2
(533.5051178576683,861.0317506011589) 2
(320.49085700308603,0) 7
(734.4939748745742,739.6845181249487) 5
(446.381516370211,390.457025397294) 7
(557.6045762389014,621.2654008215508) 7
(186.71502672748744,211.68270021781188) 8
(590.0280169566191,0) 10
(1000,682.3396908444446) 5
(757.5409477345518,1000) 6
(745.3400805967917,956.2478064485703) 2
(572.8525918661737,710.5867246096213) 6
(0,0) 5
(379.74222518022145,529.8981493395429) 4
(515.1652842533,633.4978674858163) 4
(1000,994.0611856363121) 8
(692.1825335384925,175.10963626292823) 9
(89.73952002873847,749.909351344956) 5
(195.50690262149897,925.6877436293069) 4
(84.78429703737862,1000) 7
(683.6048078379597,401.67326795769907) 10
(1000,476.17726825535124) 4
(271.4294293932005,567.1155542294508) 1
(567.5939386171398,0) 2
(704.0120708405975,853.6750959747833) 5
(543.3870586992352,596.5133546018194) 10
(726.3327319009841,930.8111984510349) 5
(636.1760225183492,1000) 2
(35.59604450217222,507.95806022155034) 1
(116.47358607417482,316.7657860101764) 7
(648.5895562058405,118.57897527152994) 5
(268.7829124078475,1000) 3
(191.1966631632306,420.8676114467977) 3
(789.8296864525316,751.9330811805521) 1
(1000,320.15012085138) 8
(327.5643158237033,1000) 3
(76.54404568320172,252.60938321828596) 4
(0,359.6228868329777) 3
(0,453.6995113719301) 6
(1000,216.18959411430063) 5
(205.52075970317367,355.373959887511) 7
(89.32971776560163,800.0631728304122) 4
(201.45609739654213,374.6777229216563) 3
