1000 1000
10
(0,0)
23 120
200
(1000,596.0473031541223) 1
(915.6477141392133,581.4624534631105) 2
(776.9058176799036,1000) 1
(316.5107883933847,31.890371889308085) 3
(577.1594449021815,531.7993626007745) 1
(440.61110682951005,691.1171525337254) 3
(452.92602518273225,870.5770021330023) 1
(859.4602335511779,1000) 4
(184.81217900222362,357.7060987004404) 7
(219.92445530311437,236.73306427790374) 6
(894.4607261868829,606.1857871527612) 1
(960.6621781761794,254.04232903921684) 5
(553.918892180239,752.4935893539003) 7
(779.359914370066,865.185695969469) 1
(607.9197160549691,252.22546218834532) 4
(502.94679823873713,579.4397753819432) 3
(574.1424056363836,467.4736700327445) 3
(564.5785574944749,1000) 9
(530.8422985268597,767.846737106009) 2
(616.1325807117154,172.33916219126877) 8
(871.7134099102022,587.2564316952992) 6
(928.6050532045722,280.2995374082751) 7
(1000,186.12766914120874) 2
(119.9546192193514,327.54149387415964) 2
(232.89746151493563,795.9895407417034) 5
(825.5228111856942,863.8669621522171) 5
(619.2781029475289,595.6435354652382) 5
(342.6455488105562,441.07079069515174) 9
(103.30392056528103,1000) 10
(429.59083349555317,137.92763731431546) 3
(275.5860487245002,475.86664118356526) 7
(500.9812818709304,703.4052348876913) 8
(412.2701410073739,1000) 4
(185.1208809806264,502.62465417456116) 8
(0,845.8902513509611) 7
(507.8880649944595,595.2822992283716) 10
(693.1483781936006,683.4401237392822) 6
(453.59247644680624,837.7583206986104) 1
(277.663204602933,865.5836350800884) 4
(93.8361613664108,27.528506118858104) 7
(804.2766411491559,215.190278475992) 8
(451.4574990775551,532.3699266717349) 7
(347.24601239262824,804.7125150699349) 8
(682.4937238185439,0) 1
(789.5647879939958,820.3046282718365) 8
(0,805.0303564699054) 4
(419.78559666551,103.98607812413798) 3
(441.610992581431,625.4673852634445) 5
(409.17058087584314,557.8693988083272) 10
(1000,575.1068236942242) 8
(0,286.6964464326547) 6
(416.4436783934909,557.3364664347016) 5
(396.63299078007196,696.9609401656871) 1
(1000,132.23309999679958) 8
(220.29269974783392,482.85844786684834) 5
(773.1938536932855,946.1749765272489) 2
(422.4243983126461,749.8033623731335) 2
(655.5792810873954,278.96343100258605) 3
(50.89279294942912,261.3555651757126) 1
(671.0568205111039,487.90352673696316) 3
(693.293509472132,638.2835759093847) 10
(934.2913835126842,0) 3
(671.9475029656159,283.6311099146388) 4
(0,1000) 2
(536.344422078078,359.5479384877202) 4
(1000,746.3184275501359) 6
(650.5107814137508,827.8282185894145) 10
(1000,497.31320236897) 6
(823.6713813192482,808.8847992981714) 6
(396.35682068720274,400.871571265204) 9
(321.2682897582272,0) 4
(334.8921164598384,1000) 1
(786.9582931813223,748.5775644623457) 6
(992.6821366372753,648.4237419353351) 5
(776.7280862092698,717.8265404973698) 5
(522.1762702773603,1000) 1
(1000,315.3300061315472) 1
(334.06162535512226,1000) 7
(615.547697467569,513.6336179332752) 8
(339.7549800124758,541.5173717610967) 4
(343.01095819390855,792.2978302108686) 6
(415.40835945301984,720.4938013960066) 6
(285.2146470608316,927.4537541977562) 3
(634.3159235058666,392.42543184783733) 6
(384.81972841591914,370.3605823516589) 6
(630.8101737157948,445.15205891352355) 2
(52.9503826225623,430.68543532177034) 10
(825.4414153943383,414.5816195786194) 5
(1000,500.0553055074118) 2
(728.0235894260445,968.50590505269) 4
(914.0696282391018,521.7268784838576) 1
(211.56399520978113,664.9477956994624) 5
(668.7558798131956,656.2029118171309) 6
(0,341.1116993476247) 1
(544.4090431739277,412.3772146988796) 1
(123.39409875929431,852.5735081975342) 8
(1000,24.571068008030466) 6
(341.8075385549155,691.507578466404) 3
(402.1466648997631,90.962120352885) 10
(666.7407164664169,449.0836027843417) 6
(549.4736307577049,280.96250430323977) 4
(240.73745274856577,925.7806712523195) 6
(257.38221634905517,0) 8
(353.9631231045155,307.70294867682594) 9
(408.0252138794661,996.7545530990626) 9
(782.5376807343982,213.4016373764544) 4
(959.1394132297365,546.5725826937224) 1
(437.2286975464818,539.9742065736743) 7
(726.2567264509303,333.35431179677227) 8
(184.54521188350225,891.8525647790636) 6
(582.558585885684,459.9965510084312) 10
(384.81390098625775,551.0554579434181) 2
(523.1375688904899,564.0553474898459) 1
(46.87809432980089,760.1348378714347) 10
(71.02915651866147,775.4738920988382) 3
(532.0669923350058,924.3947615761281) 3
(76.35584756396679,466.9406718828878) 5
(334.52316666107697,530.3660959334942) 5
(261.704321834701,365.9451026549077) 2
(225.48155974072824,379.3923719925049) 3
(749.6752895542409,763.1879617594388) 7
(182.68854492525782,426.6199495593365) 4
(193.80625607281513,1000) 4
(609.3968434204006,127.44327493929546) 3
(757.6083403985665,826.5555217216408) 6
(741.2360948654913,9.096142863488978) 4
(277.1873049983085,911.8451283415241) 3
(295.1615388379051,265.7530760685029) 2
(371.38724751395375,0) 6
(288.65401861728583,451.6137440806271) 1
(733.2232120376146,550.2591464325276) 8
(502.67940381070105,188.19873453828473) 3
(780.1201079321052,714.092139747517) 3
(300.0565074351815,754.3894558795531) 7
(486.19648620390836,720.2353206930254) 3
(430.28670943142527,577.6241165369207) 8
(0,652.4526140535359) 8
(386.5597001742716,574.3751299559987) 1
(279.0666320340006,295.2445752213857) 1
(685.9202355539583,575.4507253914833) 7
(383.19270437959796,925.1277075335424) 7
(810.4608432738272,186.2583326599526) 4
(0,686.209520988233) 10
(1000,159.7552970536717) 5
(642.2619233146963,449.2080095827213) 5
(814.2975198987517,248.13738027887624) 4
(905.3827259053837,43.07695658759167) 7
(835.6030274428858,370.2771396337139) 1
(329.21434635170544,1000) 5
(0,0) 1
(429.55006695983127,366.7265110120091) 6
(490.8130276448785,758.6491135200429) 4
(212.2588376335658,564.6144618495383) 1
(704.7946803927673,430.8853932281301) 1
(0,211.45470112370901) 8
(646.7042659134875,140.9705446250111) 3
(929.4662235731525,184.60940200218198) 7
(693.6028297480433,376.8197598188183) 4
(606.1703668324959,579.2625840896796) 1
(385.56066448313345,636.2998320528854) 5
(466.8173027706438,964.0313400555823) 3
(0,648.7466859736829) 6
(727.9686838493805,697.0627592615944) 7
(722.4080700638242,625.7619774726793) 3
(830.2636062382559,815.4319035381553) 2
(254.34657032987815,906.9728826864973) 1
(498.2135666217392,849.5501082259063) 3
(964.8916212463032,207.44822198954694) 6
(428.53050481549496,510.20344314917895) 4
(961.4015328441287,1000) 4
(416.476532414933,649.1570510093657) 1
(796.8394734377337,0) 1
(213.71212197566183,47.84827725302682) 8
(753.4659731929017,420.95948533864794) 10
(967.7356056250109,988.3607129434544) 5
(826.1761055337838,736.9770043742014) 10
(893.9258842467323,530.0999808796221) 3
(670.0751214255126,0) 5
(0,828.3001582285733) 1
(912.3609239031578,911.8818501657449) 1
(668.6608357226473,539.4051741638714) 6
(838.6361711752047,495.9565531354363) 9
(1000,221.41638017957013) 1
(973.4797630634883,555.4135638267932) 1
(824.3723433874986,522.4681222321838) 3
(662.2300975118525,869.833734257284) 3
(189.22879886030762,601.3075043435697) 4
(417.4457661742939,418.9599125043345) 10
(157.93158254344917,929.7121411626829) 9
(130.29246173670157,733.2142823379735) 7
(436.3758944726917,542.434093733701) 10
(399.1243411988553,313.7033755654246) 7
(766.237389053241,311.2362495777966) 8
(483.5289224148026,337.4395479582771) 4
(694.0140206626771,678.82878985063) 7
(796.8765576647256,546.3809511433861) 4
(207.56364482526243,645.1498061314471) 1
(213.1819944770648,338.45424716154196) 4
(1000,862.9503256730673) 8
(547.4949254184036,708.2649429240068) 4
