1000 1000
10
(0,0)
23 120
200
(0,142.5747687580079) 8
(701.1226072143111,754.094311759957) 2
(1000,743.2472407174522) 2
(249.31233218923293,718.3770118642174) 1
(4.6284781555980885,410.2337555252272) 8
(608.9407947726966,372.94541832438125) 8
(582.2766270510278,944.6513399390603) 8
(341.60872369206135,0) 4
(457.3987892989365,128.78449518748238) 3
(797.8797931209074,540.881001885618) 8
(255.346124803118,1000) 4
(806.2074974314567,500.72446726216066) 6
(1000,756.0119026678732) 5
(78.51312265488258,115.4118004981483) 9
(47.05082166154722,776.9763739457824) 1
(645.5253431501374,1000) 1
(405.3577159755961,780.6845325308582) 6
(673.3683031617117,99.24660285352923) 3
(283.62304810370847,185.28653398077614) 7
(1000,413.82635274469243) 1
(386.4592549648014,762.1645649104375) 4
(281.2645424813577,797.0725766786331) 9
(757.9456618189877,603.5680886076767) 1
(1000,210.43367840374435) 5
(923.9834672698175,765.4632211419771) 5
(850.135869002024,329.23086143719263) 5
(359.6426646336888,84.34837268743814) 2
(625.5984407529498,223.59029299517175) 9
(0,905.9466740944198) 4
(0,310.9564387031922) 6
(199.59391768244387,139.86965371917216) 1
(35.757944678444744,782.4927081043332) 2
(573.0704960782501,969.9150502281052) 3
(478.0103781920578,280.56954405311524) 1
(613.8883856393463,470.75742220387554) 3
(0,77.86127203488758) 3
(1000,57.42524146899376) 5
(329.7460166609876,850.3860024473429) 3
(372.80417318721277,445.2084858611696) 5
(268.31522686981316,560.0641975007602) 1
(28.347717699555574,1000) 6
(579.5493023092142,366.2278740372732) 6
(557.9752902933269,751.176190510096) 3
(48.955570749381195,374.15564475796924) 2
(932.6850628212303,739.4473303984425) 4
(789.0719269945507,0) 1
(244.9970234067405,10.366759121873429) 2
(447.13757339030985,875.621508862424) 4
(653.6984252490046,1000) 3
(830.3347675985005,1000) 1
(383.56432894527734,388.2569235577702) 6
(746.4744091123961,842.6891330198607) 1
(681.8583292131788,277.08139007693734) 1
(284.02552525044473,452.90734279222187) 1
(486.77351566327775,0) 4
(298.0417398080922,623.2986819711239) 1
(626.009562354563,555.2636935506277) 1
(595.3805826175501,367.5009998183664) 3
(0,552.3696184249445) 4
(463.78743766228314,226.23537423589966) 10
(1000,359.18319736316386) 10
(747.509550298945,461.75603144822844) 6
(312.48816984962934,305.8126918030773) 8
(1000,693.804850368272) 8
(0,1000) 2
(0,495.62181481528216) 2
(588.6631619716894,713.8761097724198) 2
(969.3695992398151,1000) 5
(440.23169216953085,622.7249206209984) 6
(798.2405906225052,303.7084791539887) 4
(646.1266169316921,535.0093798732703) 7
(470.49255791124585,158.7280692019068) 10
(1000,211.80840657864815) 3
(568.2337754605461,1000) 7
(651.275268219906,210.1725672038569) 6
(986.4901238409133,86.6985403269203) 1
(58.88073392880989,909.3114414635093) 9
(315.6632164395113,745.0062283705643) 1
(0,0) 2
(808.249838646751,144.0375838179197) 8
(670.0384399416885,695.7491253851869) 6
(394.1189480158438,525.2781398627455) 5
(643.9785582039772,689.066267752751) 9
(1000,578.8756793371055) 4
(362.8235520051892,550.7540376116377) 9
(455.10559984120516,425.7093349665631) 1
(492.3196433542269,0) 1
(0,257.23848850645277) 5
(649.0054307604321,516.6805091935582) 4
(337.3134093602274,1000) 1
(945.4586677771879,417.8803851028315) 1
(376.4715472395403,655.36994189087) 8
(611.072289920494,359.18411300000076) 7
(551.4995139741517,893.1327008963596) 8
(621.2029806296063,289.69615462359667) 6
(627.8347794495019,761.1863601457329) 1
(348.9720677328619,266.55925042653246) 8
(413.1518641224705,620.750923733558) 10
(803.8288784713992,937.991454443523) 4
(303.72431126014203,182.01134545361703) 1
(300.1245819447844,947.9653656290873) 3
(954.5080093350891,92.44420995351982) 5
(958.7896600610836,596.4164134511838) 1
(542.7375126256018,459.23149552280876) 6
(303.9186101890125,0) 4
(0,332.97046710117155) 8
(94.34206567538683,1000) 5
(590.6565870619133,342.22257934193533) 1
(0,220.7056992134169) 1
(697.5997195511245,528.5133971881265) 7
(768.5693831129793,350.397203683534) 1
(93.20296208184169,994.4871471396145) 1
(679.1332390782263,647.9669202352266) 9
(110.59060637753794,425.2185822405012) 1
(651.0539166812251,731.9879067331078) 10
(765.9478485301942,855.4774075533971) 5
(772.0908389342608,551.4183695627224) 10
(1000,210.13327397154632) 1
(447.3427863820781,352.6114250007554) 6
(683.8753475417332,364.3295173393807) 5
(693.0435382760195,868.8971477038262) 5
(487.696242652009,518.4628864040163) 2
(563.8012028559975,41.76538296698595) 2
(290.2517757583345,934.1671215450026) 1
(205.39240983755235,653.1188396017209) 6
(27.3377844948634,193.3584764151925) 4
(27.905205432636706,154.87316751130652) 9
(822.1281943228322,504.963105933334) 4
(114.29846915266961,735.5037518154556) 5
(856.4908659181008,359.2231561094701) 6
(298.7540007985302,96.46135539233308) 2
(384.62615151897216,86.80183827642412) 6
(328.0680879268036,681.6196505280687) 9
(172.94226195979303,181.84876443658374) 4
(267.70893292868266,825.1405441234112) 8
(0,603.6416431302926) 6
(558.5574200420573,294.7527904066633) 5
(594.327179709624,262.8299306849575) 2
(582.6710804200945,342.2056711423355) 6
(518.9426723855969,199.50430140287676) 10
(389.86481152790293,1000) 5
(0,705.7415216615058) 5
(145.33643446745822,608.0383133230216) 8
(685.5673830392586,255.41177102741563) 3
(685.1643675444554,270.83737541807477) 3
(530.7373225537737,997.1026499549318) 5
(0,113.16554006690967) 4
(551.5507376192836,401.81116334923985) 6
(520.3499734430536,27.497486943970387) 2
(0,321.8831773415558) 1
(254.53854530825254,0) 7
(0,951.7485304968573) 7
(690.2008219849853,639.7201647459414) 8
(603.5732182990837,118.85189124766032) 9
(243.83128704204768,340.9684266108063) 5
(217.6522109230267,98.46432956131594) 3
(0,70.57980199257082) 10
(769.5387523256516,1000) 1
(376.87235260803584,529.142909338964) 9
(0,57.567381131167224) 4
(842.3205488121772,613.0445137776035) 9
(417.72850775718194,351.27340791163397) 8
(670.0636537237551,45.19811922580857) 7
(401.54138378228527,161.16059740861658) 4
(73.18599487875997,39.546346724489354) 1
(0,476.98309573825605) 5
(494.2670684295435,862.3222529546805) 10
(682.7623713232365,483.11492950110926) 1
(63.389637780225144,434.8761002567916) 3
(254.12052211825835,260.327589140894) 1
(924.9688226781125,945.8118790545875) 1
(622.2567945000994,553.3461775700198) 6
(1000,814.4526576193086) 5
(482.5068973216245,616.2516543496839) 7
(0,572.2072484835537) 5
(726.8724526833531,321.3887647348667) 7
(433.9917052083318,1000) 3
(714.1223805402883,326.9536158578559) 6
(669.0487741651914,0) 5
(682.2010627794326,417.87346387366836) 9
(715.9817420174684,276.50724769933356) 6
(114.9464294598668,1000) 7
(1000,480.63875364177267) 1
(4.822383650516883,629.2527342004108) 5
(396.088308935142,457.828791648943) 1
(218.26951421917465,533.8747356607108) 4
(670.5999758943841,757.1729496936097) 3
(430.0245979634188,393.29124096870675) 2
(836.981226729909,366.08251720976193) 3
(823.3742625429052,215.86155491692227) 5
(1000,1000) 7
(759.2466373065565,553.5607907921453) 6
(558.3554828460776,968.4463844337272) 5
(686.5661293297244,842.6118489309988) 7
(9.638935607728115,671.6447992136508) 3
(936.8513701470822,214.56121585669223) 5
(1000,339.05899824641585) 8
(1000,85.37312878842829) 8
(499.9842168991614,622.6106655563896) 6
(93.20797849009506,1000) 6
