1000 1000
10
(0,0)
23 120
200
(877.2851391481474,416.7484400058723) 1
(50.62391721948279,735.1706073163651) 1
(0,578.8217760830338) 1
(44.527444227315016,221.54039439895547) 10
(1000,637.46289693969) 5
(705.9523788314019,380.55410176278673) 10
(550.7924343832562,0) 4
(0,1000) 6
(516.5636026210357,413.2146577308894) 2
(357.6538681736274,734.3035183503307) 6
(717.9091200086046,764.7686881863749) 1
(759.5726090107507,913.9374824582467) 4
(258.71132980757557,654.3519995514613) 1
(803.7979862329946,642.9970775285819) 2
(944.8064175929883,510.9697638526076) 1
(755.6532415528167,780.0730324255219) 5
(675.7742969805397,824.7402068497847) 1
(555.0160604672881,623.5930308581474) 3
(205.55140769389016,398.73998974663743) 7
(332.35401995266534,306.8275690904054) 8
(175.52181926392177,1000) 6
(731.9877579589963,154.23453558476677) 3
(701.5828380680637,913.4785466839556) 2
(0,917.7899322916169) 2
(141.69900004740333,401.90497062559285) 10
(1000,505.5235639467271) 6
(664.5229785914784,1000) 7
(1000,192.17875400323283) 7
(266.1719050890242,0) 1
(382.1522608998808,822.8010614376161) 1
(527.8982323304731,866.508038541495) 10
(585.5639613713705,645.1471287677659) 4
(894.3468691496008,591.7661641476044) 2
(678.5470168135276,1000) 1
(635.2548735346331,985.4721090941201) 3
(383.01212611174407,606.7957922347307) 1
(72.10279202647638,828.7766813307768) 6
(747.018428241826,58.70965191420686) 1
(652.6289787337553,586.1896644472696) 9
(736.0834911078105,666.7278538179019) 7
(420.5707935462767,621.2101744636935) 6
(1000,908.8255720766408) 6
(531.238767980638,324.12501250107584) 6
(0,489.88809514917375) 7
(778.9235765782189,428.20587630763646) 8
(438.65721837089853,544.3816718982803) 10
(398.28842863759724,332.6232064417373) 7
(477.80792563478366,488.4621217253033) 1
(673.0000110352375,721.7378679971786) 3
(332.8529862588207,1000) 6
(457.66052552724096,118.71851982115453) 7
(789.8833060952384,646.708315294605) 10
(403.92120134351273,51.420493258911165) 9
(958.7899763902976,970.9819264783674) 1
(591.4460685047186,835.5862438324032) 4
(514.6288921631797,750.2530323815489) 1
(357.47265618852305,593.1476019508876) 4
(544.4088290998191,578.3652068342891) 1
(1000,0) 2
(845.7771581908232,948.9892434988258) 7
(722.7934063187379,839.2207171716534) 1
(611.513109646674,528.0883362827633) 5
(187.90027821082782,558.7266850742219) 10
(0,0) 6
(198.19083795979913,275.7668374784314) 3
(809.8526274022695,468.59382675575165) 10
(178.02223848997147,845.2726813667305) 1
(788.2040819208295,223.8738633564363) 5
(0,349.7541640706182) 7
(267.54361474063325,551.6274475086602) 2
(3.8952049886286204,486.93965191828727) 7
(678.3705142076278,472.2165428452067) 6
(0,309.71533384847066) 7
(376.1944396273519,857.5471236373196) 1
(596.8813098311564,371.85238786359844) 4
(607.9163799899027,811.751784283601) 2
(194.51429815129217,569.0550370006548) 4
(586.9860472260286,252.71379326507054) 10
(391.0084884314255,648.6715490425389) 1
(267.78065336990414,484.04396353818186) 7
(475.67911233705036,513.626717951678) 1
(685.5883589543214,469.2618882758746) 10
(590.6558250418024,588.9777088275415) 2
(414.17468470817926,239.74558211340997) 2
(261.81856299751473,393.16931064453235) 7
(14.407089508315266,464.3371105634416) 1
(423.2810111656129,792.6448882459368) 3
(610.6463234711043,1000) 4
(513.0773866868933,734.1843624723292) 4
(682.5077520314505,651.9180748880952) 4
(770.654747913748,1000) 4
(824.8592321949568,858.2988152249259) 10
(573.6960915660396,340.5017325766861) 7
(507.5622469822655,658.5746873052011) 6
(757.678021088303,460.199282707433) 5
(125.17913995326853,558.7736646301395) 1
(260.99596327899064,948.0912421566013) 6
(659.4709039324571,188.87285991522447) 8
(640.0465986624495,539.7587016810239) 1
(761.7847040889195,227.9574302004055) 8
(438.3058133443253,771.0876869965143) 5
(505.838488993778,1000) 4
(725.8669876776486,542.7144150767823) 2
(467.6787518644731,1000) 5
(410.2450086939902,162.487562767496) 4
(58.5123964225225,811.5938469161749) 9
(581.1301757791771,760.5990888968508) 10
(24.654763677419567,522.1910011958679) 9
(0,524.9913931606087) 4
(856.314530440172,859.4668320939222) 3
(210.8565327967832,685.7841199042357) 4
(665.3905109323439,0) 1
(273.1769035423147,1000) 3
(290.28292820828096,997.779174802143) 6
(283.4668909797315,663.2101118823617) 8
(334.3283334605178,56.69145560810978) 4
(1000,686.2308587078544) 1
(322.0540638824291,465.1684878759658) 4
(457.12065060324863,183.48963948388985) 8
(1000,522.2385502869884) 4
(305.7619851633722,349.9319938570609) 2
(790.6300272199039,115.67963590870698) 3
(498.87850359768316,0) 7
(0,237.75144454193378) 4
(878.2950129149825,621.7997476509794) 9
(265.90976820187586,237.21266133871387) 9
(218.25236124442472,426.1679880875795) 4
(114.56530836593089,258.1584809199028) 3
(1000,856.9022151384922) 1
(500.52599036435606,930.904745447351) 5
(469.4298843992633,1000) 1
(370.3191137842107,1000) 6
(845.7801228322321,598.231252938268) 4
(633.3133473616913,1000) 2
(364.24533915690574,302.97209239317044) 10
(277.1729899877425,286.3702500173881) 6
(556.4560924238881,236.6792372627828) 7
(571.4562926956493,343.6517074524754) 2
(365.24993929632444,691.4361416015524) 1
(407.4738689016118,127.14192638588122) 6
(969.8154766330204,532.1499096039948) 7
(331.0876696772541,386.0063224648575) 1
(646.8586987618246,247.79523773596136) 3
(478.88331270400784,209.28730026396784) 7
(734.5291606261735,473.5980440556616) 10
(131.01009797698322,314.71130776614393) 2
(1000,206.12351550571776) 2
(1000,558.1773068739423) 8
(747.7560466231589,605.7987298261596) 2
(321.31937704595015,361.69346147839286) 10
(232.29007089241549,1000) 7
(113.46995376598295,773.0894692300182) 8
(726.8137481429192,948.0411172375811) 10
(262.28438680465126,449.04247969131444) 3
(278.46893521335176,1000) 1
(406.31912986997247,723.9075140132026) 10
(641.0738261249745,739.3198893393743) 1
(993.3951672572985,107.05555411883347) 3
(883.7126624829327,37.479462835064794) 8
(1000,30.13767832486542) 6
(331.703280297755,83.68671261917791) 5
(630.038010543003,538.8136037380104) 9
(850.6165932282538,754.0154546863647) 1
(442.95510529817835,523.72963000101) 9
(686.7168376432044,19.870234832158985) 9
(109.81679972562722,320.98998883795196) 5
(444.7612491739373,343.2419227594386) 1
(1000,419.45140814114177) 1
(725.4057356530047,834.1765546830677) 8
(194.75205358085668,778.9948625135885) 2
(713.5248168903997,1000) 6
(758.9367770321755,320.6718451475284) 5
(410.519799771011,440.61184768821346) 4
(430.6158352446188,702.5106440415518) 1
(575.0169113149522,447.8950603969736) 4
(500.1711121746417,232.7116664520537) 7
(124.4429673364213,712.6623640456152) 6
(372.26973729619976,855.7649079011046) 10
(55.67899887372363,708.6450262534859) 10
(0,370.22493843918187) 6
(487.9255091364121,832.6928311462202) 10
(355.9630717040698,1000) 3
(314.24569485523386,736.2970000805468) 8
(460.9284093470432,525.9634751546344) 2
(940.0806842880124,810.8923023135496) 4
(95.88971666462317,1000) 6
(0,437.5889429690017) 10
(537.1136167709994,529.9289903516153) 3
(878.0518123664061,151.94114507415287) 5
(362.79341938217317,852.2282231388872) 1
(544.6937461188073,419.9156763439059) 5
(1000,588.4258319085989) 2
(617.3159682521125,767.0683184943773) 10
(979.4636101731554,631.4142376434575) 4
(888.2696864220324,916.2874630134318) 1
(787.8809977223506,529.5902794277247) 1
(934.6267350407118,299.85430236713967) 2
(751.8959341249666,792.0570103630275) 4
(679.7602485517418,457.8296659171868) 7
(493.0289501241189,707.8181986172426) 1
