1000 1000
10
(0,0)
23 140
200
(471.67255603866295,748.6886785207735) 7
(572.1283490301169,46.64672998519967) 7
(960.9553296334191,52.995614781700795) 9
(347.14138424403336,556.2236347783152) 7
(582.9167556102886,289.51835680410045) 6
(647.973982230667,1000) 4
(0,616.4790316452494) 1
(443.7459412823889,651.261889494974) 7
(199.20231844372432,577.7458567964713) 5
(160.95600854269327,1000) 6
(930.2981500203377,1000) 1
(800.4391014820694,852.2449847129349) 9
(1000,663.3912136454883) 7
(405.2621976699299,477.6135617563628) 8
(1000,647.1356503416467) 9
(625.7968828289286,911.1643023387915) 3
(717.3752118871611,0) 3
(435.6635172885486,370.0610802688975) 1
(292.9958231658143,0) 2
(1000,279.1249373567382) 4
(907.9858384539036,390.0400586044454) 2
(231.3293868313893,0) 8
(0,534.0654117438789) 6
(859.2252998714354,743.3510279857352) 5
(753.7547979380553,617.8643365915361) 6
(223.8354501065853,428.14136741060753) 4
(536.1842930884188,499.5757835504904) 3
(827.485145986207,937.2354824649078) 3
(399.0207175935574,203.07060504011343) 3
(704.7850654841145,356.6940268907737) 1
(478.52553957152446,836.9394925415096) 5
(1000,741.5823777058615) 3
(241.48427991469646,449.7047421661083) 5
(628.5070529574349,664.0263605046163) 3
(913.5049493232086,301.4051914249206) 4
(353.8320936907895,133.01507420903653) 7
(550.1815307974209,925.2141959949975) 4
(0,336.4478528303746) 10
(243.34631798334783,839.8074791411279) 1
(1000,674.0689190938414) 6
(197.97737998169384,915.2726319806163) 7
(345.19369609126096,536.1099201340226) 7
(1000,447.69655057286786) 6
(694.8555110969563,859.856844699953) 6
(646.0586187434639,519.8609988749693) 5
(579.1609827411476,204.5694683515701) 3
(904.8684096020529,825.4606667531431) 7
(469.30984183654624,750.6301480253945) 6
(503.3931817840219,735.9739267359136) 1
(469.8343858557373,282.9445181028318) 6
(574.2922417131158,820.3203619141988) 2
(679.6384221116252,421.27912911181164) 4
(342.3024987728468,691.2635337133017) 2
(568.1260398373998,596.6596584190029) 5
(759.697178787618,0) 6
(6.110974208913774,1000) 3
(416.28003997179246,459.6986162492895) 10
(431.70697922549516,352.7751044712034) 8
(240.81270740366517,0) 3
(576.8621875841867,605.4005960045947) 10
(180.6013164814774,286.2697424376378) 1
(30.684104333197297,762.3466375160169) 6
(972.0773625761462,707.0628552048624) 3
(0,0) 5
(765.7179657427262,0) 3
(1000,573.4165355927787) 7
(366.74277678922647,677.3070227672836) 1
(0,794.0115295911583) 4
(382.93593546158,164.47500286609437) 8
(89.05048895602903,20.992681704121992) 7
(1000,1000) 7
(687.3790946990212,264.2571548186676) 1
(960.4031766766275,757.5462921631097) 4
(126.45953639555222,519.519958412356) 6
(954.6284106256101,447.6498982259865) 7
(264.9547617556858,423.9020973843239) 6
(875.111529041001,800.057639934882) 1
(0,506.9119673556744) 10
(453.1189288976841,164.004794755253) 1
(23.919099207734234,565.3285086692055) 5
(658.0398345753284,158.04411298057596) 6
(496.177412860281,557.5939483090588) 3
(1000,288.99679101215156) 6
(0,727.0379454871284) 5
(120.29720837476754,583.6692131249802) 3
(447.7210083184962,0) 9
(779.9974527634188,309.980388060095) 6
(494.9557645197555,441.2258991272986) 3
(190.51241018845008,892.7546923513205) 5
(394.16451396337254,559.3369681296211) 6
(776.2831055056517,0) 6
(495.1028240942437,347.8998984366945) 9
(526.3392870513107,919.8614930621436) 5
(0,477.2205654467971) 5
(765.3635145129997,1000) 9
(712.6615365069731,819.7045348237768) 5
(200.58744776052174,322.9808598489026) 1
(731.7606883453321,487.7723582217011) 6
(158.70938947297782,0) 4
(114.22378048425219,596.5997320279166) 6
(1000,505.2981146313048) 8
(856.0146448015935,896.6614877931898) 10
(656.470771692278,1000) 5
(286.4833716472398,573.3737161753343) 1
(1000,100.38830909953072) 1
(952.2217432566933,83.04580406598598) 7
(572.3079008705045,661.2942358765833) 3
(466.6031154752615,542.3480500700433) 4
(25.084309569557888,807.0116818580491) 4
(464.95898960541183,548.039201300694) 1
(68.18932241371147,708.3994104591237) 6
(448.3768279942156,776.4727392409684) 7
(606.0918426491896,410.3474368534052) 1
(0,783.9671509952755) 5
(871.3329040751478,519.4583102042162) 6
(759.6468680107168,622.4292926769698) 2
(42.332016720538036,414.87547200984676) 1
(613.6995623646932,293.4687509773689) 5
(153.8649617266302,311.7354270428901) 1
(111.520698975247,449.3092874237901) 1
(719.0878169516172,634.2813184614079) 6
(797.7401131546576,609.1542922814428) 2
(444.3564186051638,302.7508214034691) 1
(550.7310740964302,341.1071893108314) 2
(328.77070198316915,175.99458776072964) 5
(0,480.28511174884636) 2
(1000,8.543997777454194) 2
(711.7596347647645,918.6322849942333) 4
(746.2574043582847,0) 1
(532.4931896927367,829.5926931542028) 8
(364.7772385278556,267.59989200549717) 7
(684.4778215115948,216.35592381476272) 10
(647.1327004814052,0) 5
(514.2470301427583,563.2603201637129) 4
(353.242854826702,525.0627994805704) 7
(1000,582.2884673158836) 1
(78.02674383419333,528.1687729990098) 3
(965.7196478940216,554.2539220794798) 3
(700.8048644415077,65.01745289771503) 1
(401.6476331979044,781.8322406308637) 3
(0,348.95677515357374) 2
(258.0429387498566,489.4617191706229) 1
(514.1406826639507,336.34640440578534) 4
(639.5006490662303,924.8025112535563) 2
(438.88533997335713,761.4774609234819) 1
(0,688.3346906894147) 2
(0,350.9952857983645) 3
(661.9123739390066,352.5265277705673) 4
(1000,447.69565777958405) 6
(1000,942.7664461630959) 10
(0,878.8499308363303) 2
(59.68939788351804,451.52350625319906) 3
(274.05588351902327,533.9578574916688) 5
(381.2858235321943,657.0885495085898) 2
(11.877153424548055,0) 7
(826.1826069881943,509.9338284596945) 1
(308.12762216807755,294.9127828422386) 5
(0,656.1655204547931) 2
(303.98074052097843,136.49849383480876) 6
(93.80225693626613,464.3538554035208) 8
(876.9784480775525,617.093647120127) 8
(857.225206481385,55.74528211437047) 7
(80.59365742076,107.63346989869711) 9
(527.3216789912318,671.5515256145479) 5
(314.2782088256919,799.6684059051395) 7
(542.9525375231353,398.375371247351) 8
(60.99289684575939,303.40317885387725) 4
(298.0804287991344,943.9607685239605) 5
(933.3349708691223,205.49480124069436) 5
(248.5725954899432,510.29249000767845) 4
(1000,0) 5
(252.89434196203104,804.8738366996974) 3
(122.5831931146543,778.2674922158327) 4
(555.160226721776,563.0008306409303) 4
(214.62966757989756,309.155723436476) 3
(892.129369437009,688.6230133994588) 10
(528.1196125968794,684.8894833447896) 1
(679.3533050471767,520.1766288077898) 1
(778.041868445127,232.7450664738962) 5
(1000,775.4118654383184) 9
(260.6069016862574,0) 1
(0,556.0441274879786) 3
(0,1000) 1
(128.28594464057096,732.7843331777385) 3
(647.0109122467162,0) 3
(411.2043852940572,128.93267026440492) 1
(743.1048024178681,681.2939539793049) 6
(493.5491088454944,770.618297015161) 1
(591.5163558903943,538.5455372567723) 6
(607.9102425054965,142.57877649868863) 3
(52.00128672314639,328.5377438676843) 3
(797.6293191971008,467.34073726611507) 1
(549.4398445614546,486.2052318281528) 7
(370.91300603553407,688.8586115164751) 4
(423.0918728301881,939.9745659122154) 10
(414.69768680691226,0) 7
(308.3646739473505,795.4803559567104) 4
(555.8052747827626,907.9922671707393) 5
(423.1707545256861,500.6973015985034) 4
(724.6568524293721,503.2907475332467) 7
