1000 1000
10
(0,0)
23 140
200
(305.22772395644574,702.0715307785) 4
(298.626631696168,0) 1
(740.9576417378485,496.65407896910034) 5
(798.968379148829,478.45141044935855) 7
(632.7735979063816,679.1969079757312) 1
(220.21467653206724,995.347077710429) 3
(777.0484193298189,395.89745507424107) 9
(357.9808301323733,212.5032133506138) 1
(826.382662113045,839.2186326126503) 8
(332.34836215161164,409.76231423360804) 1
(165.0436780794829,85.56672527735896) 2
(87.26897506076153,769.0979383024968) 1
(280.10382317368703,357.3446635522705) 2
(525.3852247637419,213.54967821545847) 2
(583.4869885179422,498.17630846230594) 1
(362.94279340433593,386.73784927200023) 10
(496.30067770066046,1000) 1
(391.3313503509307,283.0646619211558) 6
(8.436794344194311,897.0379767233031) 1
(463.2235535622793,0) 10
(481.9883566422858,427.42063580970415) 3
(637.1641991303661,32.655179960610894) 7
(273.45088272958424,527.963640058354) 4
(148.24026658758055,1000) 1
(912.8416203148406,820.1992222291045) 4
(734.9202733303273,109.87998491263181) 2
(241.76175142094718,1000) 8
(561.4479543067931,150.55023849307275) 6
(215.25115032948213,673.6720419323055) 4
(437.56936416486724,314.983107816105) 1
(259.1412734901355,236.76864470877177) 3
(602.9241969993487,728.8375552145801) 1
(325.2076248810656,1000) 4
(17.381046095046656,748.1138947950049) 3
(489.5946686916907,289.1897795569432) 1
(168.39864866581166,566.2178915422608) 7
(592.9408927011004,0) 1
(534.817915923977,407.8249741133892) 5
(517.368207970878,470.8752904530993) 10
(160.89905700736932,1000) 7
(894.8202540332188,944.9103804290246) 1
(563.2739858006763,357.56902049990924) 5
(140.89573031051378,68.21711560941384) 3
(1000,335.72625201982476) 1
(498.0085370595183,1000) 2
(750.3102991189083,947.6281264681594) 4
(464.5829008808752,222.34443873166447) 7
(865.2259156966336,189.72961788662315) 5
(340.3795081059622,457.6762108074847) 4
(472.8271993880002,541.8756215360402) 2
(652.771166871067,449.1340180227557) 6
(602.1606112784673,0) 6
(1000,602.486837676065) 10
(568.439422766428,446.38810120167227) 3
(424.91724442985924,376.7920017384633) 5
(264.90168679772773,396.0023045277734) 9
(151.65899138021877,1.7437577694443007) 10
(295.42107171947026,469.8153973588734) 7
(918.1889988031651,375.9071897390608) 8
(836.5025189869436,880.4494460137912) 4
(345.75237326215995,728.3458231192791) 7
(375.0558813389198,0) 9
(0,1000) 5
(535.2384221749912,750.5823500161916) 1
(482.71141219379626,398.33672007858394) 5
(640.0272929107557,0) 2
(870.2896785062062,711.1231711533655) 1
(1000,219.08237438144636) 1
(814.8634444727124,468.56430894976324) 3
(215.8833168999222,535.5857432294658) 9
(183.2205586069814,0) 2
(641.4529954734465,381.9195728675198) 1
(623.5144202091016,755.7046523792737) 1
(505.7567494537635,211.93882193034813) 3
(51.956537894255916,0) 2
(63.79261868418138,794.3844823925454) 7
(102.62496893949418,1000) 1
(160.79057548268707,291.56357472829126) 6
(781.1886756523405,581.480690510381) 7
(418.8344020756573,429.54605846608115) 8
(344.8800383065752,576.949073347789) 3
(813.7843556561279,674.4826937153093) 10
(423.2338822502761,0) 8
(0,963.279744401945) 1
(235.9390904080832,323.9426722171078) 6
(527.24869868222,336.51687376189614) 9
(3.3941950151566402,1000) 8
(241.58975204786293,274.2738851885567) 1
(536.1821897920798,550.1757343798924) 2
(224.0850288544948,19.495284663621135) 4
(721.5578216802795,332.2886792661328) 4
(1000,258.56525186120257) 7
(845.2923525159581,385.74028752983276) 3
(764.4201503626399,818.5568392076896) 1
(304.2604515014184,493.1248521567505) 1
(57.41892348473448,878.589215718574) 8
(300.1597530010425,565.5282926074782) 1
(186.23713177463378,427.09792350089106) 5
(208.29455071641377,279.7570946887545) 9
(344.6142653642997,864.3367570681221) 3
(1000,66.28682762199742) 1
(705.4572331045287,263.0036614924528) 5
(173.72089777694111,476.8053042980558) 4
(348.4915040538923,277.39318129559837) 5
(643.2094090309,737.6641348547819) 1
(0,624.3548940915158) 1
(210.09801998953333,158.07518642842462) 4
(470.3481920690455,277.7341383742455) 9
(246.86133182943829,728.7644718210717) 6
(141.24367244927186,386.2349913683462) 5
(491.1715627722991,1000) 3
(839.3777865684027,0) 1
(585.0243507774215,219.01743172259336) 6
(869.0213230726521,1000) 1
(657.8753134134196,1000) 8
(355.715109451056,888.6608642514104) 6
(942.5839542126978,1000) 5
(955.6092655515674,431.27349275087875) 5
(0,390.3025340134428) 6
(717.639965678377,445.1957356705676) 9
(667.8174103741715,518.1839482831706) 6
(379.62872449177,629.2063617100013) 1
(775.4344228377132,20.313026586781632) 1
(1000,958.0075475087928) 1
(0,234.7005358489031) 4
(551.7285772231849,377.4032572960953) 4
(932.1760137699456,577.7263885525957) 9
(599.7055756777015,719.6216770157993) 7
(466.0758401101052,446.2305376306658) 4
(711.8509302750391,15.046075040966684) 3
(639.1350866691772,700.1309743744091) 9
(160.7239174416432,164.32873289840484) 6
(584.4871701890885,650.7725296526089) 3
(321.4885704626047,531.2266713820941) 3
(905.8860651719315,345.5413807897768) 6
(527.0936861544814,0) 2
(542.5765080387991,615.8239713026079) 7
(356.3418765863269,371.58092225913344) 10
(692.5836326288386,846.1871126751928) 6
(229.93500124275238,902.6633678456972) 7
(399.7081810310314,656.0060244897263) 2
(557.1690100200984,770.571992897699) 5
(655.8657852239164,188.2897904855813) 3
(840.9589013235528,79.70259031720718) 10
(861.7451432116045,689.5780764433115) 5
(607.5923975689204,1000) 4
(730.6850376126565,409.8015692114838) 7
(769.4865283450071,691.5054084491964) 7
(645.3126954714464,571.1725999698863) 6
(476.88821285419465,429.9279958089451) 5
(858.7990603754104,958.921089325225) 1
(957.6426122144671,181.73500310806736) 8
(747.99063975698,292.19269571902225) 5
(247.58359951670943,11.661316038480436) 1
(731.4125306766235,364.06942454805977) 6
(0,151.59040522081995) 8
(0,273.6184092015166) 6
(382.01196931306424,317.95361142877425) 7
(420.952195263302,278.68439398084223) 7
(493.08498747509583,537.5500007167434) 1
(118.32892252963876,319.2001562987701) 2
(245.71715117593934,269.1654095837697) 9
(0,825.9024424749036) 6
(738.4165689803856,610.9942714740968) 2
(789.5598985861271,780.5564081260479) 2
(0,342.60445877232564) 10
(586.4900953626083,949.1630092627968) 1
(1000,512.8993281761343) 3
(0,739.1718220165701) 3
(454.2801811616647,813.365283337462) 1
(533.3665433563888,1000) 7
(0,0) 1
(436.2492575196807,559.865563075285) 4
(606.5982077983602,720.8634365988682) 6
(620.3553877248994,262.2806881848219) 4
(306.8617922536836,475.58313590066354) 10
(245.79959490197558,254.61564165250022) 3
(311.5372073555745,244.1859416596286) 7
(220.89270828010928,992.257957897423) 3
(198.63350178815693,202.1953186199662) 1
(788.9455132384987,736.8820662087443) 3
(735.9105040390423,638.0671445605874) 5
(349.5236072356006,373.98335439156756) 2
(0,201.42325925899877) 4
(362.9484905509964,316.1539097360653) 2
(98.86735853611196,607.5909238091314) 5
(738.4406717767039,914.8494029507411) 5
(971.9823352778557,888.1357492001719) 1
(712.306874940214,1000) 7
(628.6107401998355,715.8651328516386) 2
(463.3685050519644,0) 5
(445.0635372413792,492.9003399012879) 5
(230.21207652621098,554.4180418463021) 10
(561.9250345121624,919.0140943390043) 1
(826.1339890636458,702.223167988898) 1
(298.78603591165927,197.46128824754845) 2
(325.5023891684334,580.3870663402104) 4
(545.2692630732323,408.27174427839145) 10
(231.71026416010022,361.45540973978916) 6
(499.1619043397651,315.0366659834581) 5
