1000 1000
10
(0,0)
23 140
200
(1000,1000) 8
(158.38784585449986,375.1981317794937) 2
(1000,753.6750533847392) 7
(392.62606490709294,659.8004331544962) 5
(42.19106466542314,0) 1
(0,545.0007245799745) 3
(261.6069883545052,571.1501657448022) 2
(97.79032280719383,378.73267802009536) 8
(900.2429849269489,199.35964956804202) 5
(587.337099541561,218.12408955037762) 5
(865.9760238049143,776.5654958772777) 9
(613.8890105276209,776.4168065764687) 7
(555.3529011981817,759.6018966864823) 6
(370.3503476402905,1000) 6
(243.82486952298223,13.85311848606409) 4
(921.7438022041392,438.434317276106) 9
(883.6431267050536,392.9132458417246) 7
(712.5619796496651,560.835175127029) 5
(221.90927387429645,814.1516085197866) 5
(1000,328.8382934925244) 1
(722.712809998739,618.0084534393453) 2
(0,532.738111597872) 1
(652.0588371311006,193.4054957800787) 2
(1000,425.8743077218246) 9
(398.5249659989002,0) 2
(263.2622989597594,554.3011220348318) 4
(599.3287134778277,713.4857883223112) 1
(840.6154800265681,346.08666692034785) 9
(509.2887155217978,226.44291226786248) 4
(329.62137951680427,0) 8
(751.5904050129175,888.8150200715679) 10
(840.4126607075218,641.0758390974306) 5
(504.5813915815698,532.4196509090206) 4
(438.45813279035775,0) 4
(583.9584351059805,0) 1
(660.660773858459,624.4409683254164) 8
(1000,415.58304938393246) 4
(443.37417368850447,753.9094431148649) 1
(43.51159584862137,10.56686124266372) 4
(286.7171488825055,555.896169639425) 3
(819.7662328555855,0) 2
(0,0) 1
(686.6800712396714,1000) 2
(446.32388139656916,652.4412128741533) 5
(451.2639041604991,1000) 1
(438.6730125532839,493.49623845761755) 6
(226.4163992171312,887.1797471932439) 5
(802.6203833938262,347.62854602335346) 1
(701.8766783314828,597.613556667022) 6
(348.7100814193732,732.2395413840335) 7
(783.0609034079694,537.9981881603863) 9
(976.9910752126061,44.4657307702567) 5
(617.43566053735,984.9374104612042) 1
(169.77525805518547,777.6331569677262) 7
(190.80958789319095,373.9538539174332) 1
(0,575.3265502261764) 8
(918.2970573815371,576.839532745857) 7
(1000,0) 9
(0,420.9585804886789) 4
(999.1775053979925,1000) 4
(118.66342355206962,14.302546479136254) 10
(491.1828405392773,686.0189454527865) 9
(434.98937338554924,0) 5
(287.6203596145672,859.9389772412309) 3
(948.4880199203019,404.4732597860442) 1
(737.1492290337048,485.72008425013877) 6
(0,696.1971526929742) 8
(344.04733898293716,216.25455502213634) 1
(595.3458873259287,357.4906026630713) 2
(334.64767170322006,611.1410644203023) 8
(842.9668853655662,83.57894884529463) 10
(842.4432831803601,467.87477765245865) 3
(663.4985846090334,0) 10
(706.773995569946,36.95701440169779) 2
(666.4056061394236,540.036294758915) 7
(0,421.70103257938695) 1
(287.09822252611673,891.1185803499632) 1
(129.69664952699452,530.6274324467886) 9
(0,601.846237100868) 4
(345.0526142616528,895.5382286740922) 9
(750.1487702560507,585.2995600708158) 5
(513.9027977677521,339.959601734869) 2
(933.7088450635321,257.97936147813283) 10
(351.0865554207709,343.09188255066636) 4
(607.7133780572584,205.51412544796443) 2
(501.1328018630849,643.8693773370462) 1
(186.6177524522643,548.8711948548882) 4
(466.2321194302689,368.3898858071474) 8
(0,1000) 2
(538.9418231457549,681.608021941929) 10
(1000,198.79701807222182) 8
(546.3234716224599,505.60968651104037) 2
(532.1809826439857,893.187365607246) 3
(654.0996680250881,613.119754203599) 9
(1000,593.0160521536855) 5
(708.4866190391245,260.5387887338028) 9
(1000,755.0896320093648) 1
(1000,362.04957821165004) 10
(915.884948813271,251.6919228863692) 2
(309.0150041664356,682.7527431378222) 1
(791.478239954314,976.6859870734498) 3
(369.09755285100005,400.5068478644673) 8
(772.5551952798176,504.8086380942078) 1
(258.20721242255524,447.8605903618887) 1
(45.714435354287616,604.2588493419008) 7
(0,485.25996445100145) 7
(491.8418661299092,359.5019498364665) 6
(753.7039104478001,182.47737683656635) 3
(718.173472058682,610.3277782790269) 2
(210.4498361674885,634.4395433215839) 5
(201.0559261735483,437.273088300094) 7
(162.27050851977287,783.5252300932124) 7
(597.0020290406396,399.05193926293384) 4
(0,653.114678538179) 5
(751.0925390066652,594.4232595581716) 1
(957.6727564090668,93.55851242516229) 1
(636.9808870441807,394.3799746726709) 7
(767.9947893782789,381.6191843627434) 1
(811.0019657401688,813.0513691070375) 10
(321.4365989213485,358.7218417397571) 4
(566.4253662075624,662.2638799606407) 2
(791.6685131638422,782.232285166072) 6
(29.994530385593634,35.55675698217851) 3
(404.7892132189232,715.1894120013535) 7
(600.7847815508019,61.667447856373315) 3
(314.50592471486243,33.99457283342838) 1
(509.8334115233854,811.2643701497061) 4
(83.30167491979762,75.90210622582498) 1
(376.62839653223733,482.94448427343633) 1
(769.8782700508568,383.26282645847266) 10
(438.3706236423815,37.32128152782292) 7
(986.7442383439895,1000) 5
(894.1256673968277,367.3752428612528) 1
(855.038414369822,592.5066883339812) 6
(205.19672217750184,829.3103443082427) 5
(487.20297183589196,520.7033205780345) 9
(527.8492447922093,721.9512738715342) 1
(48.05145177305002,697.2273448895417) 4
(244.12765174798932,109.03927046489594) 3
(361.0397648626623,287.8024053710863) 7
(752.5989933855642,320.42990487794486) 4
(327.4202672716684,273.1512088317618) 1
(7.812029701313122,417.92329427563686) 3
(339.7369817983826,571.7113272459947) 1
(773.148935606202,600.007712667998) 1
(782.3898381904477,460.6986911245012) 6
(709.5564063259862,390.202895654514) 1
(645.46905873772,619.4681014993721) 5
(590.0010087451105,781.3548438123809) 10
(371.00354574835205,701.2419400436208) 6
(0,95.49004301107163) 3
(448.37849335675674,611.3945088855356) 3
(575.0826554666012,556.5211659297476) 1
(737.4559816591317,260.1068008641431) 6
(292.2499684045938,507.83651936445) 6
(163.86850949722077,392.49816767328065) 7
(58.30025839677296,663.94593527983) 6
(672.408432527823,1000) 7
(924.307138716531,386.03417286515275) 1
(199.90819558596786,653.8069129038952) 9
(290.6770534609856,791.8918580305832) 2
(628.1503817564802,403.32161676120757) 7
(1000,758.4599167837454) 1
(516.052607868232,628.255734110227) 7
(185.3980322219366,507.2740659453511) 3
(660.4495397354169,219.63905224913066) 1
(431.36184184148647,351.6377102614732) 1
(752.6111176335455,265.5739339100029) 3
(0,477.3372452951062) 8
(391.17925814018366,542.6701737284016) 1
(520.7933513342622,603.7297441936016) 2
(770.2953645560497,286.798846594672) 7
(114.63543170548155,360.88832166228843) 1
(293.2591870773383,1000) 5
(922.2760336872617,458.4673472165984) 7
(540.8101646565401,632.0695923597068) 10
(530.7626797640304,0) 2
(14.614064467368848,763.70037631037) 3
(873.8678785634446,0) 8
(1000,342.9324500531831) 8
(786.0612588115434,618.1502761349049) 2
(330.90382417294137,124.64992469148217) 4
(886.1676009757191,580.1165339567553) 5
(415.9561021749431,519.8865887910813) 6
(510.89339773836707,562.601923449344) 6
(533.7700785271143,1000) 5
(351.4732208789163,547.7165823699783) 2
(157.5206916303154,390.4551670825491) 2
(131.6243523918933,780.8812560061965) 6
(0,216.21979407643306) 4
(963.5140017343891,1000) 2
(535.8284151224939,327.9106610869138) 6
(578.7759623883358,527.2068703225206) 5
(627.8177636602484,746.1917670544232) 8
(623.8495373503595,73.17513356259639) 1
(169.1137092681684,251.46634846919423) 5
(661.6113842857528,879.3999955126083) 2
(559.565908246728,650.9166346204329) 2
(850.1211876922821,1000) 3
(761.5151056812068,823.1547380427365) 5
