1000 1000
10
(0,0)
23 140
200
(617.3780953840921,455.86982023828284) 10
(287.2222953734944,498.6762978243679) 6
(540.6002711460588,90.23197425830534) 3
(895.4533304132123,999.8871860414247) 2
(535.7203257615126,815.1165651037595) 2
(58.35878330102048,403.9140243078342) 7
(642.8606232990621,849.9579572458897) 8
(0,108.16943945083642) 6
(1000,529.0648145824044) 4
(25.752155799024763,229.51200177883658) 5
(0,0) 2
(609.4335408623078,0) 6
(168.0106962431248,418.93165726022) 4
(752.7504826581095,944.6821670637559) 7
(470.308316132053,460.31563237910126) 5
(371.92718551795326,599.7506492086521) 2
(529.3549415504124,703.0396418512648) 9
(479.2031486220411,141.29300551756307) 2
(154.28277873831752,785.679323439984) 5
(669.9009598403046,643.793096182882) 5
(474.3234715476892,69.3997650788994) 4
(375.75317596090474,527.1221057291557) 8
(568.8161128026456,186.23912664159974) 3
(841.3876517907136,411.996787998374) 5
(0,435.2567458091322) 7
(6.787308294956972,363.5566393150568) 1
(483.70117978327545,106.64058785923584) 8
(619.0626473123068,654.3409995063743) 3
(1000,0) 10
(829.7359401333208,717.9720462831178) 5
(222.62190909250467,348.3624801051967) 5
(714.1008838972637,206.81675209304922) 7
(399.59474139936344,895.3086290546582) 6
(56.258650670709244,666.4476251297198) 6
(870.4947387004943,908.2647047926155) 4
(409.1839836453348,55.47675420323833) 5
(118.80376799902837,567.358533549269) 1
(0,816.0420155729526) 1
(432.51588306012167,135.61845757465574) 1
(553.1868771607049,571.8745557203779) 1
(206.249473061843,707.4278024232073) 2
(1000,595.639269290072) 1
(760.6412566465308,525.5075674543448) 5
(594.1992891952116,0) 5
(758.2290480767995,795.0673846920824) 8
(0,365.2874298539507) 5
(410.92942338063926,224.39442577619434) 1
(489.82042044459166,569.9296879993789) 3
(451.66046611250283,330.25343254709117) 4
(1000,781.1413081056883) 1
(442.81088357612686,589.4413095833892) 4
(483.93617812527197,0) 7
(920.5285985200114,601.8828545588029) 2
(423.7959306093411,287.89867433009283) 6
(354.08807659505896,883.331227541748) 6
(0,219.1014207278127) 5
(0,645.9829012818511) 5
(635.2399811423306,1000) 2
(606.0004200637331,1000) 2
(991.4466008468542,710.6384140061786) 7
(138.26020448382877,957.0435939890948) 9
(487.23468246473715,219.30338071660327) 1
(948.5194982254828,163.36013604825428) 3
(547.3708608068587,567.7567637339488) 7
(24.971070496362643,904.2283077892446) 4
(175.89209941349253,973.9506857430049) 10
(0,252.01669149357377) 3
(241.9691164797634,317.2746369524087) 10
(121.26814089637077,178.89449570986005) 8
(728.5336927666704,519.3167174304568) 5
(774.3922967720418,382.5258246839484) 10
(509.1942758938801,70.34911976943744) 3
(531.1718202417211,464.04939405050857) 10
(483.8323466811835,538.6922222111335) 4
(759.7603437086555,701.773360517814) 3
(189.67809503089848,838.8542387606806) 1
(406.20815562124056,393.94034362291103) 1
(331.6370821754783,1000) 8
(96.90244085985933,543.357418632568) 5
(247.9090562116549,43.49922238636344) 6
(668.165470843345,217.98355924089947) 3
(737.507515138433,692.2305403336975) 9
(584.8509546208392,502.09030879955975) 1
(332.1431283711004,591.8987701014509) 2
(396.32044637514304,545.8936700131245) 2
(575.2403271899824,548.9080884335114) 1
(1000,694.4959265902089) 4
(428.9463704101933,1000) 2
(206.38399928615553,697.2717664922375) 4
(631.1158494645632,704.6990032393505) 2
(750.2810605522942,629.2095373150573) 1
(1000,1000) 7
(94.75576208715182,503.8312880689446) 3
(453.8645736026941,0) 1
(240.37070159356904,460.0366639189408) 3
(633.0822120650671,544.6161099767181) 5
(0,217.60598558935965) 3
(217.69854027369195,267.74149391331673) 2
(854.0991285723851,0) 2
(568.9316277456758,467.44721296708127) 10
(231.3975823967665,0) 10
(734.7254143936125,480.07551513954473) 4
(56.400509872105886,399.4199215646415) 5
(410.00027955842563,0) 8
(0,725.4128232008045) 5
(347.6644122136542,686.546125534752) 5
(47.48529380038417,414.1146645051563) 2
(580.9540940660015,466.51383401663884) 6
(780.6200546601726,304.6090687061303) 3
(0,1000) 4
(303.419329878183,196.29041462461265) 4
(704.5996074194138,953.2433912864906) 1
(369.0028426798052,352.8815754872319) 8
(411.61823126782406,559.1437273792665) 5
(382.2357060448877,222.63095015998726) 8
(734.6878579738785,673.7901412746608) 1
(390.1577970947372,686.4872636312964) 1
(0,579.7213327333616) 5
(728.0018841534318,558.1419675668751) 4
(339.9103334503345,537.9389861338435) 10
(404.28597945869217,476.7608124360563) 7
(608.151289128115,660.8517184636084) 1
(0,366.0484015519612) 4
(662.6896916221875,659.0571988071862) 6
(206.90128748987757,329.0971557015291) 7
(509.5874948522476,631.9229466187026) 1
(999.5755943929053,636.8187471584015) 7
(694.1282546689613,49.95105651820887) 7
(675.6266714293204,365.68073372632455) 8
(58.01299688181939,1000) 7
(0,373.9615552700453) 6
(992.0484978075183,906.954073725349) 9
(373.7779503056878,678.6213843323421) 6
(1000,192.41274564103105) 4
(780.2532853275204,252.86135906230697) 2
(161.27683519294357,218.62479284540512) 5
(271.6058168866567,393.0486753562492) 4
(0,800.0501580605109) 5
(15.704319718983527,750.9043259372824) 4
(675.2032600223746,794.5855606314233) 2
(134.36633880748673,333.9020096812166) 5
(918.9283001816773,830.476104568474) 6
(1000,278.2297779639065) 6
(431.8966749606222,1000) 4
(655.5212212706926,880.68821219922) 3
(938.6828418797875,176.51294490055028) 1
(563.1467139251623,253.05982763918635) 3
(647.9846592457226,402.6064868468292) 5
(491.0937932465265,1000) 1
(0,709.1092817546264) 3
(833.4525058748992,568.0269690037057) 3
(1000,698.5961479775644) 8
(33.354774145023896,696.631629073071) 1
(126.67800567220297,182.4297598799294) 2
(0,573.7934509848266) 6
(939.4469531104569,802.6212644629197) 3
(831.5421961553338,60.29275819654316) 2
(556.3332820575923,917.3135282207844) 6
(737.7621943807791,1000) 6
(0,651.5283578171898) 7
(729.4271093995566,542.8371267702524) 4
(596.7960688172014,321.8767754652881) 5
(596.4382091202762,919.9318099334763) 5
(547.9208710825541,284.55125955831386) 5
(87.85140006441827,285.544181163027) 4
(1000,559.0223414251038) 1
(309.0573853881975,427.8610889477496) 4
(889.2477162008829,672.8659818575487) 1
(825.5234367806186,532.974349220975) 10
(1000,419.40988164513436) 1
(154.50330781369559,431.0885354354091) 9
(11.632460208162797,347.8109489884879) 7
(666.4102861253878,482.8115658545748) 1
(0,4.448189359910884) 1
(466.85486034215137,222.92028649016612) 6
(539.6006890928353,866.5549088375892) 4
(451.59390659494994,830.2287827574112) 4
(487.7167185944626,589.4696449514773) 1
(180.68912366866311,800.5148258799431) 8
(267.5164568926761,526.4093040105847) 1
(569.4143680007826,539.2535477555874) 1
(0,561.4563422521924) 2
(482.8914790423127,414.92018596574985) 7
(730.4597602618562,58.04970046905623) 6
(372.99876218832867,0) 4
(852.0840776555763,316.8481991115945) 5
(447.60792248736897,138.0714558817623) 1
(495.6639885985204,219.0988077538425) 5
(526.9060330609467,454.9914602518558) 1
(598.7535578563175,153.31015287497058) 2
(782.6951716722267,560.1723357257347) 6
(269.68652782924556,440.9154389630998) 5
(445.3077729641582,514.541367592774) 8
(499.3351730753008,561.2044050094798) 10
(275.29260980665237,413.75412508397767) 1
(638.3294619100045,815.3129507304282) 7
(104.41146145970316,475.5453450961002) 2
(766.5713523431389,0) 1
(875.0524853163492,595.2538192476327) 1
(125.79535074914298,0) 1
