1000 1000
10
(0,0)
23 140
200
(597.6419013565676,367.3641773863311) 5
(262.6269254721779,27.303888607110878) 1
(8.705695941353781,245.19270216595794) 6
(718.9469349188549,792.4781226433365) 6
(999.9272526809725,355.40374240604024) 4
(535.4325731661332,439.19981285129376) 10
(715.2036550290604,589.3434065458823) 4
(580.4113296227821,376.8287443374204) 3
(206.23692312543227,686.7322643637791) 1
(1000,1000) 2
(390.8129094933995,738.0965337482621) 1
(631.8905118939621,614.7291923728533) 5
(835.5009090411793,418.59578716463807) 5
(553.9087107767746,622.7047593435847) 8
(54.6227629431462,177.22236836499434) 8
(543.2733896856712,623.1982267694826) 5
(642.5830604030473,733.7269957325353) 6
(766.1447348183187,0) 2
(579.9582594711534,1000) 5
(769.5671201362462,140.2069394463046) 1
(0,490.4713076126771) 7
(448.9356629566011,458.5062557409818) 5
(0,569.4777691495408) 8
(184.1431749944917,809.2573251118108) 3
(481.3530369547004,1000) 1
(93.53969684832703,759.7847516949837) 1
(720.4122998419554,723.3632581643285) 4
(755.0471999411384,56.80797173534205) 10
(627.3673126999684,853.0097919770488) 5
(444.636294773373,1000) 6
(513.2630682522436,529.3097310146856) 5
(306.16915460658527,369.2480181134409) 5
(783.6037979539603,904.5641008015017) 6
(51.13983580294081,0) 4
(431.52970318973826,681.1945106568445) 4
(456.4710232963554,1000) 7
(671.0455169445756,341.0000070265334) 3
(305.4044438100321,394.382254457316) 10
(555.8800431713149,321.226810585159) 4
(97.69547330316163,343.48481382271757) 1
(607.0062889457475,800.9910643558205) 4
(599.6949245096149,1000) 5
(296.8783914773011,271.1844348263229) 1
(408.03608087064157,458.8583914498184) 2
(1000,171.3997528412325) 6
(817.2757309673034,1000) 5
(0,626.4074106566699) 4
(1000,586.0802746128924) 3
(0,341.90794965259636) 3
(460.46113230499793,326.5655886256683) 2
(547.0974182320582,635.2399862945913) 1
(601.1380906957478,232.43730833305267) 1
(606.5394137821613,792.6259236577496) 1
(360.14077525831124,716.4965294300732) 8
(680.7465736982755,242.76974479662368) 1
(193.79876360715218,625.4557055882885) 7
(297.28139830568927,575.2026774773701) 1
(297.6419284258528,277.5349058701678) 7
(425.3047990114338,890.4244471489562) 4
(71.88102728683964,207.99213798169842) 1
(517.4763306959507,205.38986453112278) 8
(553.7608612315671,0) 1
(303.6844109590447,164.69919602820335) 6
(462.03968301080226,309.1124186909372) 4
(1000,955.7306170744288) 3
(78.92618801111178,545.412660717777) 1
(545.8110262206353,884.7881521462753) 7
(693.6680835475179,790.8651886084922) 2
(647.9702353719854,446.10185465756985) 5
(876.3327797972506,603.6889715898756) 6
(594.6278983713383,554.6766645116169) 10
(49.48425084708623,188.352771527917) 10
(99.19216875681093,823.6703607218946) 8
(563.7194972416828,42.45533517361929) 5
(427.02994415686885,509.3587609028166) 5
(724.3966444000894,1000) 6
(410.2526871548577,245.92064952118886) 1
(333.4180132338137,115.85417518995627) 3
(388.83728232879656,686.9794294285324) 6
(418.21560613673864,760.3741759181921) 5
(110.34157095731126,495.08990024813943) 6
(880.5412618616136,508.0449338265403) 9
(1000,323.6374834249242) 5
(967.2203662860062,143.46822693659294) 7
(630.5677551114929,676.3424846021159) 7
(795.3356275328742,273.94091881077173) 9
(900.1969930823766,0) 10
(684.3392478729996,90.32176277305626) 4
(325.6089598829957,799.7821069934531) 7
(30.187673219536407,384.51294585476967) 6
(107.23649395936297,147.92107397452503) 4
(1000,400.1503807806823) 9
(165.57405680254948,202.77479534175268) 5
(648.8563162679502,558.501081521747) 10
(10.218997013236788,258.23584211553634) 6
(165.80269305631953,912.2980202134277) 1
(366.35469252727125,286.17189123324727) 6
(196.08642862851633,0) 1
(858.2668513321876,837.8058311904399) 10
(874.6040765267644,714.179198549105) 6
(106.3433905176459,297.0710027259763) 4
(0,0) 6
(666.5290485898082,140.70417848526614) 1
(1000,321.7948616857294) 1
(491.21510762508024,403.06767019848957) 10
(177.4285889707291,306.9656926198524) 3
(759.14525129463,125.26443617819012) 3
(62.995272282896735,539.5281428083556) 3
(1000,401.92177390966805) 6
(494.765798673336,703.4025723204752) 1
(126.8367013285141,405.1079332309702) 3
(692.1050283021856,187.56825048181366) 5
(487.1768681206608,442.2746394541017) 3
(687.9550746708348,303.93133654974264) 5
(542.7790221910628,885.5935839861979) 9
(40.229670249304945,260.1245573141682) 4
(390.6703972123189,739.7090150607944) 7
(743.3391993925447,256.47110265530614) 10
(516.847415704901,1000) 6
(759.9002069842966,586.2727603548711) 7
(412.0245953253915,263.59853241230087) 8
(298.85875078525953,883.1132369131777) 6
(569.2601251441909,868.1031853069296) 8
(552.2670555021774,157.6689031662715) 10
(624.30148288093,449.3231080741733) 9
(413.13593036086047,717.0354891916492) 1
(592.7049103283663,645.2364493762083) 5
(610.1136430557107,439.7317997903679) 5
(980.732626110356,459.8092229659283) 5
(373.98448080553237,604.8373294967279) 1
(182.00459109400418,501.4982568319752) 1
(411.9783163409709,203.04812453917822) 5
(458.27905760207034,449.45262939424896) 8
(443.6499264892312,286.8819656216556) 8
(441.90797471432006,313.8987098718992) 7
(912.6956589996503,384.24989015937194) 1
(588.521391592028,58.21592059860069) 7
(464.57445721641153,828.1295516054568) 10
(136.0620021117826,224.7631960549794) 3
(118.97342610551499,638.5725315278218) 6
(734.2270611712936,602.9301921105483) 1
(0.6261447436571075,657.6206439415803) 3
(644.2052609728057,1000) 5
(256.33275610978717,557.8828694458002) 1
(194.06282149424266,553.9921854627765) 6
(950.816369098749,219.9399236768665) 6
(384.53173761537244,163.24416406504167) 3
(322.3046348729322,667.7240452707731) 8
(488.7615204704404,911.100749200048) 7
(266.86146779204506,358.3111209289495) 4
(315.5177876758811,332.11911224544974) 3
(440.22782768990027,0) 4
(224.13972573763652,205.12492598626812) 5
(0,1000) 7
(736.5213920945968,954.7705506607183) 2
(892.8076299230852,388.4627289256007) 9
(278.3713920126359,523.1519164230571) 5
(362.0335052373698,692.12778926603) 6
(421.73872534286994,450.8905307747818) 3
(841.250930540121,890.1985923368479) 2
(171.4837429385592,540.1263225904463) 8
(848.3617932012777,861.8234989117173) 6
(602.7810218029656,741.1120049562401) 3
(353.1768287527438,1000) 4
(336.93241865426995,428.3567064178137) 9
(750.3489560782717,299.59776233673693) 8
(881.6223050657911,1000) 10
(603.5729321913379,306.9565896106361) 1
(264.86991833600985,1000) 1
(1000,595.567114614335) 10
(672.7746691873965,644.665061762182) 10
(379.6303474563217,451.6934878860043) 6
(1000,690.7969356619237) 5
(724.8881443167743,525.9629375191163) 4
(525.3424517144823,680.4539936142028) 4
(508.5801500617048,859.6266927919544) 8
(0,35.335356518968126) 6
(317.29945883869436,399.98368722731175) 10
(452.48096461928236,734.9493439243219) 3
(578.6028334005434,508.48050675024933) 5
(771.5312447800745,690.814175757331) 5
(699.9390432259413,672.2988457479198) 9
(451.0955750642962,849.9175362749252) 1
(308.9869179917411,177.58978752718883) 8
(118.18021494510083,887.5154082622173) 7
(24.70654379778381,552.8330915561826) 5
(440.678547766619,583.0368707202157) 7
(552.7279296758328,595.2805276535041) 1
(1000,0) 7
(0,501.29666382087646) 2
(300.3868180710898,852.3210430798704) 6
(231.24221625619168,0) 4
(387.07069014920023,1000) 4
(850.4603446209477,992.1217786857701) 4
(477.8271453414757,736.9992933534453) 8
(108.15515093157694,829.5221936846829) 9
(1000,213.95915561516023) 1
(0,967.9110129577336) 1
(556.2958355990784,629.9531034357349) 5
(603.1237176913369,1000) 9
