1000 1000
10
(0,0)
23 140
200
(439.84816446331035,180.04109734081783) 1
(707.058003060822,17.305167456259085) 2
(634.492859174967,554.7175389962418) 1
(400.3288230903073,765.9935584434404) 10
(705.724242130863,315.0552619773672) 10
(490.1193448642105,893.4378735411992) 7
(109.2111476427674,645.763641536699) 4
(357.08293234448115,496.67802416040786) 9
(741.7854918527862,384.8733771269165) 4
(653.898174360483,462.40303323085584) 1
(589.5785798870168,0) 1
(54.594096352207885,866.3294234271448) 2
(399.4273789283075,1000) 3
(489.7591633966211,777.435695367839) 1
(1000,803.0873537526) 1
(801.1600325680001,99.62024136259731) 3
(255.9848282940753,774.565362954685) 9
(569.656501250154,871.0305749572588) 1
(0,501.0618588128723) 2
(777.7142299337141,744.9364125255183) 7
(384.1321705236036,452.14073233980025) 3
(303.5034636926706,138.3018168382535) 5
(902.6633767120065,902.6644211191248) 5
(976.9163742971311,1000) 8
(291.8736180448468,722.8515354158841) 4
(654.0190770492937,331.9792523607624) 4
(785.5838931988519,229.70025586705975) 2
(0,481.81475968736856) 7
(768.4031794325143,680.9518748565832) 1
(140.21753677106608,816.3450305254776) 1
(117.58341352692389,0) 6
(936.5356073842183,572.7862333643579) 3
(437.31435159270956,380.77016473220374) 2
(65.02432375526911,431.95037789903455) 5
(303.63167366545787,1000) 8
(781.597124191668,299.89947861485473) 10
(487.5392065336918,851.5947474384881) 1
(0,209.03198196263344) 6
(693.9095872546033,899.6806778855148) 5
(643.2791694217742,398.50253610673957) 4
(305.0051225113378,293.5108413707081) 3
(823.173278424216,0) 4
(0,954.8152132354646) 4
(411.1242959914954,861.4574015091777) 5
(995.7010741922542,867.5262420913234) 5
(539.6794561502876,1000) 7
(773.3210813611356,436.5450470274731) 3
(370.7975695391941,147.93055447497017) 5
(129.29298069834653,279.50032486475243) 4
(1000,378.1773296458368) 4
(863.8439994516211,38.52736004207776) 1
(169.16342798091426,572.2769655943003) 1
(933.10409330631,211.8546134715171) 6
(546.4345119227382,1000) 1
(693.3847858203575,401.93885597533637) 1
(308.2207384893443,414.70670581114496) 5
(212.725685648982,518.4691286387907) 7
(524.269121092338,704.6444711535953) 2
(810.6997470428558,778.3936442964482) 8
(484.6238133959621,140.116507491707) 1
(0,501.90225901098495) 7
(37.635188809555814,879.2029676333364) 2
(623.1042841728627,742.9004932305178) 5
(269.8453549734519,133.45815430114897) 2
(597.2130472510943,572.5065052322708) 2
(419.29023419500083,313.6854682364126) 9
(737.3475467965566,679.3099272622654) 7
(398.9502878436296,427.09885985870795) 2
(496.6441632499208,132.68405373006192) 4
(78.32415117029512,276.2951377662564) 2
(178.79599753984064,936.7735632033034) 10
(207.7849399940003,1000) 1
(625.4886012054976,600.5756293766973) 2
(695.9857842717,830.3618905285139) 1
(0,623.53201975426) 3
(447.5104846838262,835.883443788493) 6
(980.5725476660616,822.7855142792472) 7
(1000,1000) 8
(843.4235873004789,406.7420671639934) 1
(1000,680.979141018003) 4
(447.57023106567704,599.401983403133) 6
(120.03616561971216,1000) 6
(346.091320202098,400.036979340046) 8
(688.4862711380463,593.2766734905882) 7
(377.9344806452425,572.9706647221923) 1
(738.0859384012227,834.6251755107894) 6
(707.838045165374,617.0475423594759) 6
(0,813.1499318286731) 2
(523.5684154184003,323.4317872234471) 5
(775.0957154483049,608.7910964255632) 5
(124.66820446002566,0) 6
(338.9798102235378,65.63663579070305) 6
(643.950272848257,769.0640384078617) 5
(401.9989319541815,764.6432534824492) 1
(1000,518.727083684746) 7
(780.1005811416198,429.08555931407153) 7
(369.43792853217997,771.2407518803534) 10
(788.8618071264664,230.86777446887692) 5
(47.446731511465316,620.883820675167) 6
(632.4622858005728,326.80899225090866) 7
(675.2974411094689,779.0523934518834) 5
(741.3307630740389,929.920884574452) 6
(0,155.65170629103085) 3
(0,846.5882421589802) 5
(156.58713367558607,241.62465132625306) 7
(619.3685402620081,823.0771647433539) 7
(363.0449036675553,642.750025646523) 4
(442.4869993300917,458.6096987320482) 8
(549.0547823073756,428.4012069979796) 7
(903.4582608481651,756.1344331236035) 1
(0,0) 3
(778.6937428341771,251.5374995966841) 3
(0,758.7553456080589) 7
(405.7338103228146,518.3796256931034) 2
(15.734780889668855,844.9255787981887) 5
(924.1609583339149,630.215122829844) 1
(873.2201305071842,96.7230420849188) 4
(413.92497157176064,676.3288992074931) 7
(1000,884.6514081355385) 6
(1000,453.09449601475706) 1
(195.58748716543988,217.04006014495712) 2
(730.4504175509959,507.5614541764308) 5
(290.33843687094645,522.0012804158209) 3
(339.75577761198133,92.9411843831125) 3
(166.9700005965223,601.9285454726316) 1
(0,1000) 3
(287.06922967430273,744.2692491129042) 2
(889.1633394559583,251.20351768996593) 4
(265.2990538050248,605.4849844278049) 6
(182.71592486917268,326.23898464751886) 6
(136.42831291945305,793.3074814054233) 9
(435.7349599167515,1000) 6
(699.0857295335837,230.1306929889347) 5
(413.35921893610174,299.894064083722) 6
(889.7864089692415,814.8828417120317) 3
(293.18832353951774,469.7602461739008) 10
(183.1032281206381,248.00659162630936) 1
(428.44207907911823,417.18350572230815) 1
(822.9792287495682,280.0791562910298) 3
(300.8101214114042,737.9162848463226) 8
(174.89551835342758,29.83100783836369) 1
(348.78326880925954,726.6810510766912) 3
(298.82522978836676,1000) 2
(672.8553985109331,781.9810252783468) 10
(0,187.18077592725712) 5
(590.9352085252722,225.6680617531507) 5
(642.3020895444395,278.1044985275331) 7
(212.90338228807826,320.4188665817216) 6
(577.261338449424,574.6281863271678) 10
(584.3088576853651,510.8952195844097) 1
(685.9359592276176,1000) 3
(435.8259155193277,753.0086854131423) 8
(0,908.44835900668) 1
(595.8046668738009,812.8854971931883) 5
(838.4943207337221,460.602043392196) 7
(849.1476969337864,872.4858363341061) 10
(506.53001222870165,592.9133988248545) 10
(616.5002545754948,0) 3
(31.783311808751705,32.31126674179785) 1
(518.7044142388258,888.55361678086) 1
(496.67015961538766,297.0532241095268) 7
(931.4975030919027,167.1077603053729) 3
(122.51230109564227,827.9493957947234) 2
(528.8137600461844,366.4769821958387) 2
(116.11132710667562,202.20774664563737) 1
(649.7192090839435,690.0369938219945) 2
(709.4056204875297,603.6507738900817) 1
(995.8356877694032,275.1797563336146) 4
(305.9378800430409,293.2036228230709) 3
(232.42592988243257,544.2590048275283) 3
(187.6121704526048,407.130272636702) 7
(264.8916194190112,397.1884995349583) 1
(258.9267036000552,232.76062723062296) 8
(634.1079850815656,70.1931191034356) 3
(352.36306846999173,770.5731189271573) 5
(554.3789693013427,739.1873956439031) 8
(756.5231086464867,334.99052161888903) 1
(324.15031125880375,0) 5
(531.57083410205,495.85917771204817) 4
(0,52.10066157922921) 2
(479.7259348813045,945.0792010389991) 8
(493.10099802481966,721.2769082586789) 6
(719.0877212886318,1000) 4
(679.4492515373936,1000) 4
(1000,352.82648530044264) 1
(0,13.771229847206143) 1
(257.076120321201,566.2663553857341) 5
(600.3220518831937,189.8160370700739) 6
(313.67453878127424,255.05342311964353) 7
(959.6094404785656,587.5198368657339) 5
(440.54399692429115,333.6548961304122) 6
(114.30139088372187,530.0853186630853) 4
(581.614395852149,335.52741947233403) 1
(0,782.6756846579844) 5
(331.05495098660083,124.39559608987042) 1
(503.25927672229955,375.6539160768437) 7
(422.7219268031442,733.0015945264245) 3
(350.4057781472909,372.71661901120655) 5
(0,459.3486921282691) 7
(295.146375778078,804.5012643085961) 5
