1000 1000
10
(0,0)
23 140
200
(392.09095226278725,0) 5
(553.7244667389735,107.98455112371084) 4
(647.4132437424273,505.1721991859193) 10
(740.701768206279,202.76883242654952) 9
(0,405.69231479636534) 4
(140.697302003454,557.151535155332) 10
(363.9476441981292,279.0555228780976) 1
(0,0) 7
(208.20932658854167,0) 1
(409.85463384244696,386.50120863924667) 1
(974.4639695321603,13.800130019717187) 3
(784.1921648762927,425.03384101819006) 1
(162.24247458462452,44.00354079833858) 6
(669.5866090722332,0) 10
(16.030255931918248,583.3784034485894) 9
(718.6864781000808,354.48661988608353) 2
(233.28471436187635,561.2868591087819) 10
(116.49587556327879,82.07880451045236) 8
(670.9999189139633,930.334610843654) 10
(439.80008741072567,228.3010502477993) 3
(349.5224416277754,77.27392526117501) 1
(521.8142210960408,149.64193071366668) 8
(284.7137452478396,916.3309308649543) 3
(324.70934548338823,0) 7
(605.6960261027205,430.8556489700954) 6
(910.8909705701224,228.1528897433431) 1
(746.4035100124471,117.12879034555601) 9
(491.6464395870059,699.1757298433483) 1
(970.3970408357397,520.8673822299077) 1
(410.6489806084362,0) 1
(593.888538105791,712.7468723717907) 5
(399.8072337488089,1000) 5
(243.7360291106193,292.7990786072775) 5
(338.5351008119836,558.9229755851702) 7
(0,706.758285871781) 3
(912.601980244169,0) 4
(344.72058292622785,474.56900529564643) 3
(228.3149085754659,417.37330582034883) 6
(435.65447206607803,0) 8
(948.7261931208791,725.1270856627714) 1
(555.9779494351294,111.54324129194697) 4
(1000,298.57880027258375) 6
(415.2243336187754,0) 2
(264.193971181861,965.3617762333038) 8
(100.90538565465715,1000) 5
(390.5556788711397,0) 5
(0,464.0449110094646) 5
(790.1258251311092,618.698324462038) 7
(0,1000) 5
(604.3632901868734,302.2899206846257) 2
(670.3545525138528,0) 10
(852.7627806399777,862.4777405834045) 9
(622.5725612044764,590.3460916468453) 1
(634.968957937386,703.0836527558477) 7
(299.4241628206815,1000) 7
(439.9069109911958,0) 5
(1000,178.09508044019913) 2
(670.0556447856767,600.3425039268508) 5
(402.28850985476254,396.6281881416451) 3
(988.4008948263572,448.9406331618595) 3
(721.8124253375242,378.95322270188336) 8
(723.9686130172412,351.48541829848926) 10
(534.5195046766089,567.0838967949884) 1
(1000,700.8173341905135) 4
(488.53333074518497,568.9022748273809) 3
(358.7132824175884,72.20492269223666) 3
(549.0428782874817,1000) 8
(76.58521493031185,0) 5
(554.6221016845229,152.50886642728847) 2
(1000,298.71712807752954) 3
(484.6466675658909,573.0689035627663) 5
(182.23820276854053,0) 1
(664.7283303429183,432.33774743878575) 7
(150.45150240562293,660.1718373846566) 1
(832.3652439137003,582.9241426787287) 1
(1000,268.25127607748595) 5
(361.42100790613404,85.63477504960548) 3
(144.6804814715523,569.1216961434869) 8
(802.6790823869358,0) 1
(613.7718347304101,987.2236822878943) 1
(63.569921779137246,0) 7
(436.7768144573621,668.47239948232) 6
(195.7801535064612,984.5835903730044) 4
(302.4117647968501,219.87685834173647) 6
(0,35.241050920435384) 8
(0,20.45553270401615) 1
(506.21802577502837,458.5150561144527) 3
(504.64983070408636,505.12505061281007) 1
(41.826980202419634,342.79395814293696) 10
(785.6811556935194,0) 7
(729.1147388526247,721.8616938806184) 10
(762.4626018919471,591.0213211295514) 1
(201.24833363241822,549.3639080068182) 7
(296.37533420763384,133.17485910783597) 1
(0,564.1846573231406) 8
(789.6168342513074,465.1357020442542) 4
(1000,117.82798345579317) 1
(475.6605942848585,301.5025060772774) 3
(552.799555353406,608.3789357936989) 6
(796.4975530360514,339.0836481839815) 5
(357.42698264049454,856.585201141346) 10
(908.9859436695506,0) 5
(746.24135651853,981.5303615103751) 2
(973.1828699242797,292.10825493592904) 1
(893.3734909324528,0) 4
(99.07516258015278,519.362200057728) 4
(190.25846281014117,484.78961079439) 4
(877.8874362993615,585.6252752505937) 5
(656.7552328296451,974.5409826860462) 6
(582.3386997430234,928.9140037447412) 5
(391.4080357408906,477.5692361777918) 9
(550.5042748695353,455.41962464516604) 4
(330.7813504151768,279.9332004829023) 6
(155.13802437621996,1000) 4
(80.7615559493401,1000) 3
(470.4703626906861,299.2170456786215) 3
(527.1257080799903,1000) 4
(788.5806461255825,470.54972191797515) 6
(813.2476581163376,135.21545644170232) 5
(751.5506314140156,752.2319779361185) 2
(787.5228343560068,816.6569205899871) 2
(228.82276546284703,433.80409326084987) 4
(562.0622774937465,561.0294536955591) 3
(470.12174470824243,556.7391285967165) 9
(962.2469755142122,750.1993784631363) 9
(419.0919931599559,724.4154785829453) 7
(382.7378064629881,970.5077224296808) 8
(340.40263031593645,841.3382464870642) 1
(663.3875798278196,625.3688467238126) 1
(178.18661797023452,1000) 7
(0,961.9827663497521) 4
(275.1437231232087,992.7064599283113) 8
(1000,0) 7
(413.76687454348746,986.9892828677321) 4
(667.8730935560725,685.2644814853522) 1
(73.25681944329085,19.434934800226813) 1
(0,677.1611732460208) 3
(580.7009328588198,447.33853591473616) 6
(398.4790170331076,582.1437802424989) 6
(899.5409439939085,212.9970107306043) 2
(539.626433847218,663.4475020414466) 1
(314.8687791062048,207.80305857296213) 6
(518.2754265883901,893.6660854546458) 7
(516.251910905439,240.64753689233333) 5
(457.7488041520145,755.0434200716569) 1
(217.32515382323004,453.6380669213249) 2
(449.2315292652799,508.7404033428044) 6
(591.7374687270255,799.2329772475501) 6
(795.0247398309851,199.76787603178718) 9
(995.2248025243559,585.5838214417189) 6
(515.0849182494954,560.7922489783365) 3
(190.8683907286843,669.0950807290587) 1
(296.37406010080605,671.8592772775147) 8
(812.9788052990054,0) 3
(0,608.987528046314) 2
(859.5505051453758,700.6190651044385) 2
(302.42884447690597,791.55179059077) 5
(442.3486241310569,96.26692649419158) 1
(1000,392.87733660879815) 3
(468.8657455249279,546.5643678386998) 2
(650.9896115763149,510.6261229468012) 1
(245.4151250495071,0) 7
(883.1906735856965,306.0367645692877) 3
(403.7815196632946,359.5272174100703) 1
(0,211.53138035791977) 3
(353.42869098192045,557.2165142986353) 2
(630.0795783578235,639.64808934251) 5
(343.3534365775248,87.37601944628204) 4
(1000,1000) 9
(449.9849852054957,647.8962773144381) 2
(293.1319312301989,0) 4
(256.8563788761376,266.2444333010675) 10
(128.45543285026275,876.7272127575152) 5
(349.62483874130544,98.58361522093696) 8
(972.3241026721145,670.1155389585649) 6
(715.2527510219635,520.1506235188831) 3
(147.47280211517062,491.71988258521594) 1
(401.15432549611216,497.778442746579) 7
(357.3410628517113,375.5557903829034) 8
(346.1973327110538,158.34043545024838) 5
(9.63826949522263,1000) 4
(870.5898351766725,109.13571714340816) 5
(864.4157099817362,778.1736572429809) 5
(249.04989434740267,818.5419818555438) 1
(1000,480.2643351934996) 3
(876.5626163867541,335.2431915781292) 2
(348.1517842631671,414.2992439730983) 9
(291.8953187985952,367.27241956480646) 2
(352.4557007472314,910.0249120632186) 3
(791.8960222743685,0) 10
(972.8263015231428,0) 9
(744.192768113751,1000) 9
(1000,904.4944018687486) 7
(653.8432627517068,281.04233754179745) 2
(541.6454479624889,501.9062989920386) 3
(368.6331958973026,683.2535782329718) 9
(53.56128704114781,443.2818496732825) 10
(1000,518.4871009173241) 1
(373.55425389977455,560.9395262503583) 1
(547.9428624796534,44.42161389117069) 10
