1000 1000
10
(0,0)
23 140
200
(185.63856215128072,535.7688263761555) 1
(713.4419831267275,209.7475439721506) 8
(264.17914675566647,109.79705115715961) 1
(655.6932229290796,348.1353286979561) 3
(424.00346084925127,459.78912538212154) 10
(378.76763284314404,518.1781212718861) 2
(0,1000) 3
(981.1660806143136,82.67691419914854) 1
(448.62514211414384,440.2042725132461) 6
(626.899525403684,528.3208917236049) 2
(668.933224079751,387.35061912331975) 6
(564.7864148005067,509.81653397623353) 1
(969.6367978592955,796.2776780558471) 2
(769.4734579050191,398.5400147718959) 4
(269.6253958624163,0) 2
(442.05403339065214,849.6321437849616) 5
(473.71409754149283,624.07164291002) 5
(1000,126.88105877300643) 6
(378.9606712966803,442.5446841996821) 2
(1000,190.99573685260452) 1
(363.1663196979279,776.3429509079306) 3
(963.1653163058511,629.8072875862198) 5
(280.5403774959741,297.56696885209567) 7
(656.7681579021441,826.2100779045804) 1
(814.9767688948812,87.53042274887213) 2
(848.2815197553099,927.5477292118538) 3
(788.6826609663098,643.3022457507653) 5
(166.30334558106972,743.3910228073023) 5
(62.46260888887383,308.0621158285935) 7
(127.22688951032472,357.4223473863483) 8
(1000,767.5065568863868) 10
(485.75433868254,287.0634982056373) 6
(397.9107452374267,324.5717537952302) 7
(119.95373861492686,1000) 3
(122.37293786534815,342.74600828917846) 3
(1000,547.4375035126586) 2
(446.3049480460251,344.74204810386095) 6
(530.9979336822139,130.43860380203301) 2
(899.3563196373634,77.18340982774339) 6
(0,408.405662852776) 3
(805.9047115315186,688.2285210388624) 6
(450.6289755974243,1000) 5
(705.7939074440999,306.50282587869157) 4
(157.1934489353314,912.9915246560637) 8
(1000,436.74469191621813) 3
(1000,145.34195364154215) 4
(642.3734571847453,300.52310863021455) 4
(1000,659.524326145999) 4
(335.22062557975545,112.98672208393526) 5
(744.2717109485192,0) 10
(449.7027054728933,338.86902632900035) 2
(588.0084861388126,1000) 4
(437.85687466875845,494.7729105659425) 2
(288.84973951868847,1000) 7
(416.497875232467,309.59933326383805) 1
(841.7349545159274,473.98018055744313) 7
(258.1859157142484,216.80004562268095) 10
(287.75234328547873,875.5409422156522) 2
(609.2754508655797,557.8263824716602) 1
(295.67709351063183,444.0801722880463) 10
(0,222.23900885593503) 3
(516.0028584120529,279.29515072340337) 3
(134.90600039192395,332.02655157119307) 3
(581.7715412979766,846.689081374604) 1
(134.93124708379713,579.2785627550888) 7
(939.8762972031975,0) 7
(884.1603283538088,1000) 10
(819.3407715271143,577.0658906887045) 5
(0,560.9527264634911) 2
(1000,668.7357113048597) 10
(769.5324265014285,480.2424477217998) 2
(517.0256297402636,212.93033291428748) 2
(634.4540312554733,816.3655423165583) 4
(897.9228456689543,909.7760644247711) 10
(734.401892620178,454.4355415551164) 3
(1000,703.1214473101948) 2
(351.86682462973863,859.518683528938) 1
(628.2548491888004,145.82518332473364) 8
(928.1515163676399,567.7949866464785) 5
(911.6238221831578,817.9525436094505) 1
(149.70221850321207,742.8622939274834) 1
(282.10064253998695,512.8954036654229) 2
(907.6543583286068,113.35773849767236) 1
(409.7387622835872,345.6098252314192) 4
(0,0) 1
(914.2745975638999,207.2646654865365) 6
(1.9054968752964783,403.9431409355361) 2
(231.57432234706891,321.4101087467769) 9
(0,615.4066122224062) 7
(1000,524.301958229062) 1
(590.1626647638458,399.94762318509527) 3
(307.1033263961267,899.6874993018514) 4
(496.72460433041385,212.13382781241444) 7
(0,637.5014960840593) 7
(314.21516524492944,0) 4
(34.48323890230341,361.9188564120347) 7
(962.0567688030712,945.7366657870468) 4
(639.5726691042003,458.6229277714308) 6
(640.801040504941,641.4941413769501) 7
(518.0343715377344,186.12243195959087) 2
(655.6465672942422,741.0982561455753) 1
(697.6887182570416,103.05021938787485) 1
(1000,675.8065016676464) 4
(681.6469637554619,211.62951870109038) 7
(0,959.8334940589334) 1
(579.8068593810697,933.8560870201133) 7
(846.4586037675685,974.978381135023) 7
(345.6746497700313,51.51899152594859) 6
(812.9709326806075,416.3571426673483) 6
(708.0009142047157,373.3221026169049) 8
(353.1993875468561,487.2205865081815) 2
(386.0971200821601,596.6571739152398) 8
(841.1921461965762,0) 1
(489.02260411467415,0) 6
(613.2741554998813,521.8894614781722) 5
(785.5139516624547,675.8611948960346) 4
(561.6010492994434,627.0690645852623) 8
(258.6779164586279,781.5631019965957) 4
(321.94957353985046,717.4470411168766) 1
(569.5531729679366,64.78544895337035) 7
(473.5525589050154,125.44444095407783) 10
(256.3219041966163,937.5746814716681) 10
(303.87195284354993,755.2913518625842) 2
(335.74778878376856,1000) 5
(0,789.6338594677293) 4
(763.2214358095005,751.0910916596581) 5
(799.7593992877004,0) 1
(421.98027806667824,417.53303900633887) 6
(250.4939216054076,702.1311000031336) 2
(369.3194842993804,0) 6
(428.76017324972446,430.8838117587618) 5
(1000,219.93130696391808) 6
(774.1530777267357,519.8829597966569) 4
(970.3607112923967,0) 8
(874.6624532076811,332.462083648392) 10
(383.4096058239261,578.1293341078748) 6
(582.2784657532885,478.037574857039) 5
(168.10993213201925,279.6173765567373) 3
(435.60393635034734,463.3997564997749) 7
(590.6529422734253,274.9135010052991) 5
(366.5544300243446,0) 9
(229.2622750444648,0) 9
(658.6770530557241,711.7263390427091) 5
(66.9573283386859,608.987683126384) 5
(0,754.1834499662748) 1
(0,356.37676770398605) 4
(1000,908.3168910476272) 7
(573.1734101385258,95.44841587127746) 7
(0,834.2901226853298) 6
(153.51681979868255,1000) 2
(463.64517117802643,471.6896174106813) 5
(0,468.6306504883769) 5
(783.606468259247,602.4216345644384) 4
(98.04785644347618,168.140699540355) 1
(709.7297267277775,580.305185337351) 2
(813.1128493885545,764.9752661311745) 1
(0,453.24981543930164) 1
(631.805457044349,670.8643769634509) 4
(229.6706724247847,815.6455864210044) 7
(647.8025788464199,795.7367912941086) 1
(1000,483.8498991016619) 3
(624.7223108696303,882.1301883295374) 2
(0,745.8999931296003) 2
(213.11386561396358,1000) 5
(456.137739114434,433.64284703684683) 1
(964.3865203557386,385.87404615356945) 9
(957.2613275577494,581.4199623637313) 1
(821.1552604709061,901.6159572783192) 3
(1000,318.0714331462684) 6
(532.53250278668,364.4657112094935) 1
(1000,491.081470376238) 5
(58.91733780805242,786.9163273713958) 8
(1000,504.6427031903291) 4
(690.5166715165456,167.3963124452477) 5
(661.4884041455023,1000) 2
(701.8947397261452,382.00139833464596) 4
(929.7829574846244,448.2672247777497) 4
(89.69056004292338,485.49636283589047) 3
(20.602194952520506,337.6426595922584) 8
(624.6733474192116,824.8948372177457) 6
(622.2839245820267,474.06972375009303) 8
(1000,332.60908769685676) 4
(338.1954704744943,311.77928664578167) 3
(520.2594069372751,569.8885692221178) 6
(488.0677576103276,683.4716119241631) 4
(881.098842991245,401.27408074222524) 10
(502.4904078791846,1000) 5
(607.8186340275325,1000) 10
(134.0851993739733,260.5143043574191) 8
(487.05994705081383,263.87175826340865) 6
(430.4320832130127,803.1168427002269) 3
(716.7564172269352,0) 4
(1000,578.6255535134126) 10
(532.1062998453588,385.1353127184715) 7
(1000,761.4010972857375) 2
(578.8518253062283,0) 9
(394.07412743700286,335.52933524269326) 8
(469.2602931895104,449.2326262691872) 6
(437.7369251332376,1000) 8
(172.98994724929543,909.1535911330918) 3
