1000 1000
10
(0,0)
23 140
200
(855.5818143193076,821.7180844729833) 3
(75.72104086750147,87.2406493861626) 1
(725.3543339875134,425.2168352741658) 1
(608.5435638862368,210.33619206008746) 1
(5.90989999399477,770.5814261747776) 6
(349.68749502753315,624.0320043686817) 1
(727.0331483287207,449.80707625021864) 5
(172.0383490794132,988.1123922391606) 7
(529.3401078398617,895.0887903312542) 1
(651.6321216827932,175.4923442578003) 5
(513.933044135093,174.88281413536959) 1
(288.5705824163499,608.0586940788533) 6
(719.5620495067596,78.92371412948069) 10
(912.8358956952376,687.6944057615798) 2
(0,201.70613703764514) 7
(1000,587.3669245910013) 1
(828.193083929002,93.35255462086167) 1
(89.67349007254336,849.2382926921296) 2
(561.9432762669061,311.98857510005905) 6
(317.7786745831007,727.3271347376128) 6
(519.217680177562,118.10103169183549) 5
(316.33685629000223,588.7985039970409) 6
(721.0166914623212,533.7128351841212) 1
(702.0815975239211,1000) 6
(558.0841088406079,0) 4
(1000,657.5368051213753) 5
(0,434.67730676643015) 4
(561.5041277296536,750.5555612160201) 7
(0,997.051165460608) 3
(596.1248736515627,933.444235071009) 1
(374.89345853021354,147.74355603958355) 1
(954.884677838401,472.48961970324405) 8
(456.1999683021698,0) 10
(403.1413281398547,395.2359672556485) 4
(214.95636860856985,875.5963190530601) 3
(0,386.48069522342723) 3
(1000,15.380805013322174) 7
(767.4167484012946,671.1801929093261) 8
(481.18016906549855,286.5734584967468) 5
(489.9015744364366,650.0289288337591) 5
(223.55501551331974,430.784541504476) 2
(0,665.3851490261131) 4
(897.5005856668975,573.4444911336159) 6
(500.535941992804,108.02746158063428) 1
(648.8580429314775,623.9387607160442) 3
(1000,767.2157840965084) 5
(566.0141512382132,0) 4
(86.61721717955061,776.1305914239402) 1
(313.1892770919051,775.4069728687442) 4
(803.9084734451417,680.1737450831652) 8
(1000,326.7214893924493) 5
(443.94913626751793,406.1840141219884) 6
(536.4710940027157,988.202710570285) 4
(206.86575403227585,869.9812991437034) 7
(104.8245445653829,608.4691558086749) 5
(734.7998644961439,885.5000201939583) 1
(1000,945.4889130130878) 1
(406.95799971053333,693.2773475511788) 1
(846.4940183418246,284.80617742856793) 8
(476.3296389271961,642.3164116189004) 7
(558.8758637549714,898.1522781973699) 1
(449.6770987167716,333.72346120913465) 6
(441.57732414036434,851.8655311463062) 2
(550.9336525521967,502.37455165387775) 1
(581.4918861002856,277.9605714395184) 5
(279.49026390330187,978.1945497507627) 1
(482.9015527332692,414.6459178146267) 1
(191.96506165170177,698.3652954588836) 3
(222.99576059513663,329.76696377347355) 4
(551.1055377622536,782.6792294676384) 1
(104.84669627433948,743.3460386810299) 6
(391.46684961518224,734.5853582795014) 1
(0,724.0797682490393) 2
(664.3608254131314,628.6017360536124) 3
(0,523.3735595964962) 6
(250.33680854868268,831.3316302725092) 4
(1000,307.88265949758033) 7
(769.6219799100068,800.345059703621) 1
(487.75615139617315,256.3543048776078) 2
(364.79081597496935,732.5575847349224) 7
(778.8317950463548,1000) 1
(505.8040325341605,368.6459655331694) 8
(303.1528485433675,1000) 7
(796.8886829914757,34.40825466693087) 3
(282.6917758475165,385.914318958619) 7
(350.19795145102137,147.21657162084182) 1
(525.7045005056789,384.96530323136255) 4
(331.9666933320923,34.286075948228586) 6
(1000,0) 5
(467.5063923578945,633.9708611142894) 5
(644.8405797137628,570.5863249395918) 1
(246.65067229588894,897.3311214577461) 7
(619.1568455056656,586.2976130756348) 1
(16.871890293733316,443.81970994667773) 5
(76.3893435944999,624.4215172817926) 1
(671.4343504286153,496.2057610514476) 2
(672.1640154985168,388.1804939223507) 6
(442.32868287129605,1000) 8
(375.8196070695676,827.7359226268798) 7
(417.425726075254,361.1757493034046) 4
(15.550109060614545,0) 3
(82.00670777337672,364.38578748021746) 7
(884.6871364127146,526.2759865933965) 1
(987.5579940506464,309.98015585583676) 6
(709.2672221807454,582.5214426837255) 1
(300.0258928864948,1000) 7
(174.77697779727185,858.4628636942807) 2
(586.4935393335486,445.1454581920235) 9
(401.461139738066,205.12825248519783) 1
(852.4708113453296,113.5576818373338) 5
(868.0793281818101,729.9250225673019) 5
(827.1633696208673,470.72392787097385) 3
(0,255.43022692706563) 1
(367.5687289376524,340.76807084461154) 6
(112.49933127262568,21.13872579454386) 5
(143.0927710043731,603.5828349233769) 1
(421.85988812600317,451.66967402548977) 3
(0,751.4357997043663) 7
(272.61803517596695,948.5453616947378) 1
(0,1000) 4
(81.99819022699359,611.9735769185341) 1
(873.5129721411439,70.98955728062646) 1
(365.7697651883982,0) 7
(564.6919505599263,1000) 5
(462.15521121448165,923.6455550661842) 5
(792.3445092073948,295.38615833462995) 2
(830.8760552783692,118.88797003785487) 6
(567.8171234915851,653.6684621157306) 9
(1000,19.886114019699562) 1
(917.8879880105633,596.649068383738) 6
(0,0) 1
(879.0371510809405,84.05030486679112) 4
(601.3570503849218,722.4225240896023) 1
(410.0302710523963,707.5846266270747) 6
(573.2660122307511,896.1980581685219) 5
(362.3442867936359,738.6740007599744) 1
(357.9164439186633,172.23870462754945) 2
(971.6513248292996,618.1598661318147) 7
(742.0199538041152,631.4932732897659) 1
(180.6168520323252,440.2602526466072) 5
(262.4831728879311,705.4811580557013) 7
(559.6344292403473,538.7570107103828) 7
(290.05438135855013,689.2555020617323) 1
(462.6222846510724,255.9093021821668) 2
(366.6906898100485,250.08475470289446) 3
(749.7793298380348,0) 7
(571.8459362391253,629.6803717091325) 8
(282.5877329559,210.4532620253055) 4
(865.6407714726665,279.0854079981284) 8
(667.7374326391565,817.7425603889275) 3
(270.70405012646904,0) 6
(620.0343377174001,1000) 7
(0,379.6483313426976) 2
(757.3839127442241,859.5580594871535) 1
(107.44798093601605,0) 9
(407.87899404085016,541.7438546964411) 1
(663.7419825700749,518.2115217200846) 9
(414.3437988099575,389.3413178499932) 1
(780.4045569600075,489.73319612058754) 5
(951.4937833560368,568.9747902695484) 5
(300.8372353211944,404.2068475408197) 4
(610.4572321931903,588.1615377912045) 5
(631.3162200621712,378.4755080706717) 5
(75.68592843865798,472.2183062210196) 9
(427.3755116880797,0) 3
(684.72753793049,0) 5
(528.0128902638086,968.7563088521812) 10
(404.3354986370537,456.55299515612376) 4
(0,734.3804258351107) 2
(625.8524943106074,0) 7
(589.553263579117,736.0045285963232) 6
(210.42910520274205,791.0457749521734) 1
(880.0076181641118,0) 6
(536.9469834984731,1000) 1
(189.6169331492237,646.4983533089957) 3
(1000,214.1765650621574) 3
(791.6682444734894,528.2801533916015) 1
(119.77083564147551,183.79895199657085) 6
(517.0203500945998,186.02835655334968) 1
(367.2349092009333,38.51696947673963) 4
(953.9176905278796,583.6584697484852) 1
(592.2533548590212,814.1576392840564) 6
(665.6084364520459,0) 6
(171.106118949556,339.41257953400134) 5
(841.8207604545553,48.627553761230956) 1
(624.9872420228465,0) 6
(322.2457307043064,713.9444742582882) 1
(591.1555108420793,589.8152836375223) 2
(965.6821246653662,619.3011456420036) 3
(325.4435186700902,1000) 1
(1000,581.6663954276803) 1
(912.9547346844413,0) 5
(0,890.6910340798044) 4
(506.8148244092143,595.2277310693088) 4
(774.0269243514713,65.64391397285442) 1
(1000,465.4009598290697) 5
(739.747166462818,848.6116444474304) 7
(105.22171145002528,342.00220216437583) 4
(355.7614388868599,415.6819090586428) 3
(531.9612285555229,538.3565304429591) 3
