1000 1000
10
(0,0)
23 140
200
(431.596146335709,294.91944038655106) 1
(750.0880282196483,663.4744586375632) 6
(0,255.35626626551897) 6
(856.1783843864728,170.32948570618237) 10
(162.83809527649657,172.70131900789465) 2
(287.7295859361881,727.6085723532806) 1
(0,831.5244404352068) 1
(123.55416208555442,338.57153310871036) 10
(382.7461261217977,215.80916051814808) 1
(901.4454417033974,450.2603806709975) 7
(786.0388619839996,0) 3
(141.2202259670418,811.2841969674084) 1
(801.858648230818,535.5443504306312) 4
(1000,367.76561322044853) 6
(635.7379384335486,710.4439711334245) 7
(482.21371635807134,59.91490805558095) 6
(267.40170108376367,495.8812187781354) 9
(100.0503716336492,703.9306049872181) 8
(552.6308590076765,582.9725986396879) 6
(1000,706.6324311700976) 5
(591.5837476944398,704.859252172409) 8
(1000,528.2823182007194) 7
(569.847962654686,808.5076812895198) 9
(71.99866239262116,657.5764362323315) 7
(723.236679065425,792.3006760956268) 4
(1000,858.6105442282503) 3
(298.34128227766405,537.9440619652912) 1
(324.8024204671086,90.06360485664834) 4
(542.3593054653724,770.1098814220788) 10
(942.2058434550786,385.10580602646803) 9
(81.53728880522618,841.4520398468246) 1
(504.52222605812807,869.220759994768) 10
(0,1000) 7
(42.51427126457742,804.051456271381) 1
(241.32527012264455,506.21217193551905) 3
(347.9049282319826,517.9420614357041) 1
(53.33054610855936,840.6136935752471) 2
(5.995893272505725,376.12559171287876) 6
(383.47339000556417,563.1014428551965) 6
(587.6076414321833,440.2890618371505) 9
(183.14395250779808,542.0124240747887) 1
(0,244.32052176399804) 1
(233.75058965372557,514.2090262479702) 2
(288.727605795072,624.6779825164697) 7
(434.4919017006412,812.297083931107) 3
(834.8958570575052,873.9575681280717) 1
(527.1449518160686,641.3926904454462) 7
(932.431120368247,446.9624915327645) 10
(640.022246361007,289.8871627399846) 1
(409.6803885880764,574.8318694934765) 5
(1000,710.0377875712637) 1
(726.8493447464105,656.7147594354949) 7
(377.68976825976154,0) 6
(1000,917.8805841249757) 5
(95.48300908064863,797.0782561894886) 8
(357.405782597103,0) 1
(116.51452159386793,563.2848505971403) 6
(565.05326202168,0) 3
(454.8779640167396,693.5987186182258) 6
(737.896953192471,901.8417906500897) 3
(67.65747113390239,432.55504029809606) 2
(367.5271050747857,888.7663323716149) 7
(300.43799419988636,497.55321019359127) 2
(33.838732620336884,528.6112838247484) 6
(496.93691383301024,65.80767084921291) 6
(802.6526713135104,343.26324177525663) 10
(286.9381337746107,786.3040250611466) 2
(10.519154300232515,579.1442776723785) 8
(499.6855158489628,1000) 1
(197.92136420031852,342.0719989430215) 6
(947.4896145837778,569.7053589690931) 2
(1000,602.540807561661) 10
(847.1027562430968,810.2408883982716) 1
(308.2130261350326,372.467559266234) 1
(801.3784740507108,587.6841163443855) 3
(396.1308737315654,418.5174735614289) 4
(749.5671093885203,18.428154929429297) 1
(738.8659598356398,617.8657857898543) 5
(594.7383176902345,239.64080314524278) 3
(1000,1000) 5
(460.9468944260357,391.7097683101232) 7
(660.1410217224734,933.335453985077) 7
(0,87.85445878023836) 5
(50.583683495656146,918.892826254008) 10
(356.8858218056554,299.3873962999268) 5
(436.2228646352448,561.6827880273551) 1
(697.0873790880692,189.27194483060867) 7
(413.5822466376759,899.5450358683272) 5
(300.7631526791886,560.8552784731214) 5
(1000,425.0849789923532) 6
(521.6445631013821,439.76440900802373) 5
(949.0450009388525,638.3601953547605) 10
(226.67987018634096,523.6231213010337) 3
(475.99156597155377,944.9020987964543) 6
(447.96489448780613,0) 7
(804.3261704758539,410.40403702078385) 6
(0,437.9806387070782) 2
(199.09135190874042,435.2028190461132) 5
(256.73187723668394,837.2101007942256) 1
(487.16870449865115,402.75226362103655) 7
(200.9654509064846,549.269125047468) 5
(560.6386407891562,546.4130303298547) 8
(239.44058050698675,221.23666010009953) 6
(330.3967330951808,394.25407406356317) 5
(177.15540503809586,522.2642135280282) 7
(550.2908328729995,381.52884471495804) 4
(570.9055510363744,0) 6
(333.8832518666465,445.42070706386227) 1
(815.0599622861891,618.0366174843213) 6
(517.1623838084528,708.7265213557089) 7
(109.64371374004213,377.5089384342949) 5
(910.0025851976393,519.0269368849378) 3
(538.8900784519868,285.9224574103968) 7
(133.79064319857122,506.3207626130649) 8
(514.7317680858481,677.8042960326861) 5
(1000,622.0682515132235) 1
(227.39090122063084,352.64347220138166) 10
(509.6395260864132,361.16639635501735) 6
(600.6303295791031,752.0880456158422) 10
(928.9596094777744,854.2576537148916) 3
(96.60566434706521,392.7769958240132) 7
(0,394.3898645530111) 10
(377.79829290292196,805.5448863310653) 5
(505.9222912118752,32.050572428757164) 3
(861.8191591327479,700.1442312666193) 1
(564.963143030227,868.094046295498) 1
(437.315077934885,501.5737321338271) 1
(372.7181298301492,669.0079637620281) 10
(200.37399592626514,0) 3
(511.52468823507076,273.96246836825287) 7
(688.47542179696,42.22611927547155) 10
(406.7658386149195,427.1768628520564) 1
(833.0066547830509,591.7523239023129) 2
(243.0637420454209,360.71085926117587) 8
(418.84189940850615,856.7704662144092) 4
(1000,0) 1
(983.0778763803219,783.0389370176038) 7
(276.9994617237694,421.41705026760843) 5
(815.276251609366,302.3433986141878) 10
(1000,844.0202657330226) 5
(509.6123725128793,351.2633854025279) 5
(1000,251.35403679230103) 7
(807.9963966915444,603.3627872336574) 10
(250.3416465363249,643.9235790364904) 4
(525.3568358948105,0) 2
(718.9420880259952,642.7516465922918) 1
(417.3223266402158,326.9395136214008) 1
(742.1081761979578,606.1564185015752) 1
(0,0) 7
(439.8009283940376,73.5358097728427) 6
(839.2278290557726,1000) 6
(852.0633118726528,479.315347258586) 4
(0,698.1208222059855) 5
(547.3742812486144,1000) 1
(355.9696797492991,471.3220628171221) 6
(719.5363650651709,409.9284241268017) 1
(144.44536005363824,713.7956346167769) 7
(733.7792675425155,566.2654050875834) 1
(939.2994466295693,459.6486531549906) 10
(719.3405451498963,589.0612391040042) 4
(60.76418730191972,354.01930286110286) 1
(80.2897420900407,441.91387948491877) 1
(218.37798140152478,422.8643088348596) 5
(0,729.8015607209979) 4
(483.23678949319043,1000) 10
(601.4521660869692,794.8014385096117) 6
(461.4797548125714,273.452681959133) 4
(706.5346647441295,585.8546228834542) 8
(595.4607244613115,776.5815588179674) 5
(586.2292274179482,695.8243595639834) 3
(1000,309.7893334973583) 1
(988.6624103238057,214.68941656646285) 1
(868.7476925170392,1000) 1
(686.6171210921844,165.98154250137645) 3
(649.1432350654386,167.49594126460528) 2
(554.1084853113377,423.1917176728712) 3
(943.1424698699695,184.20857391138054) 6
(480.20199442688124,1000) 2
(665.6480612346248,854.6207903162558) 8
(570.7158242431619,32.40210749207057) 1
(293.18842256892765,91.62134754256255) 5
(376.46561889976323,0) 2
(902.2843254517118,327.2633468110623) 3
(560.7826982422238,392.4983517973914) 1
(113.16872651323041,96.37608338406949) 5
(741.9498635981836,915.1651197066124) 1
(672.2727438424071,855.690401573301) 4
(289.09718469558277,1000) 2
(219.96968911719023,29.772550428199395) 4
(310.06259487788566,673.7938348208666) 6
(137.70524432347275,212.97430143653025) 6
(546.609768798726,773.4997868457001) 4
(395.63773776168665,916.5183416612031) 4
(563.7335319958363,1000) 1
(637.0820107315245,354.94239869840794) 7
(705.1838530463892,611.492022778519) 3
(857.1613224557223,982.2760153994341) 6
(528.9760251156397,716.93228123419) 2
(623.5822743237875,438.92467973378524) 7
(995.199264650324,721.955005496024) 8
