1000 1000
10
(0,0)
23 160
200
(395.6607202683738,852.3819862454455) 10
(342.2883389661647,688.6230271042332) 6
(202.646157192136,22.068888691946484) 3
(1000,641.8699805994559) 9
(460.3464361031296,569.8202127357389) 2
(265.07225598835936,739.3009899202475) 3
(835.6271190367447,204.05270882909593) 2
(960.0201422462221,410.2379620705285) 6
(119.24642302820342,590.6928131581216) 5
(503.7081432198894,381.8419630903452) 1
(707.6378114533521,492.2151378555255) 4
(799.1113135748582,575.251253364341) 7
(0,1000) 6
(885.9873261468454,0) 1
(1000,177.33285523141365) 1
(916.3007632095319,928.9139945447564) 4
(144.9389689548196,221.9091055878141) 5
(545.7285378292572,505.2976094516462) 3
(423.4570933356343,324.643396309788) 5
(512.12313678343,1000) 6
(667.2617475917014,628.787567144082) 2
(664.4690781830489,361.7294097774502) 1
(1000,0) 4
(619.1119010680547,69.44398989241978) 2
(800.8945751790832,107.23697935215682) 9
(344.1405838968875,844.8141217913753) 8
(774.3246841004948,0) 6
(259.21509847030535,412.4722781859929) 2
(1000,807.9024212706254) 1
(505.43578223750603,599.968118167619) 8
(690.0417670072688,362.7828056371891) 5
(380.7222904171882,482.8340743852456) 1
(428.2805150026724,651.5938149263998) 5
(291.36868474995697,0) 1
(144.5977072908238,480.0195127435528) 6
(379.64340239384813,645.2513856677602) 4
(702.8294266605407,568.8660519406191) 2
(1000,261.49862807109605) 2
(0,336.5895751962641) 1
(668.1011183092825,704.8148698056762) 7
(379.97192616527684,644.5830027419231) 5
(708.649451747381,800.5374589234173) 1
(777.032559586178,1000) 2
(432.404886438914,201.6199800142856) 8
(180.1480495570521,665.3453841797848) 4
(151.05064058859875,678.429347160127) 10
(249.69362960625654,336.7130176981609) 5
(1000,290.10851755570866) 1
(503.61429284994375,921.694255179596) 1
(588.2974752456346,377.80296329973464) 3
(269.9929156186144,734.022978977834) 3
(405.1259001481664,328.97833344896344) 8
(157.1904284937305,1000) 2
(436.7687410139006,682.9611629453901) 7
(554.7567823347346,58.03175324500069) 5
(372.04991240934123,399.0397797704824) 1
(652.5701365595687,977.0654862169772) 4
(802.5779291381587,1000) 9
(464.82829969174657,208.06419143566245) 2
(694.0272262636673,607.1674453042086) 3
(433.24846202423936,0) 1
(465.08138922386877,491.44745706404905) 7
(0,617.5245473319629) 5
(615.3257634699303,1000) 2
(800.7067417960578,315.54197129696) 2
(728.4991138591528,392.86505743874034) 6
(775.9484457199212,54.13110590420746) 5
(495.34257534776026,908.5281139745648) 1
(142.53690542981258,411.17156912687705) 7
(656.7049374197668,524.608139736542) 8
(63.85204840336655,465.20014590024005) 7
(510.7948652818341,927.2422963176183) 7
(630.3437959884718,704.1166597287074) 3
(613.0658876793163,436.5628297257139) 6
(1000,945.2296021213174) 1
(479.23126425337495,152.82969668618193) 3
(668.4215323806288,744.3401289344887) 7
(198.57943912610125,0) 4
(528.2263189850969,616.9419864435646) 10
(1000,342.07672495896963) 6
(699.5265315307391,548.5250026217675) 6
(270.68666342752897,573.6136183083257) 4
(856.1559655016849,340.1088979943538) 1
(753.175867113862,0) 1
(0,315.19195177901776) 4
(584.90689257236,535.4292288163663) 2
(319.29072806925296,338.15111168529654) 7
(416.7604663871085,526.3104482840871) 2
(513.5134623365319,581.9826816180547) 1
(88.58222466900247,818.8100804470222) 2
(544.6898444253768,642.7493373231888) 5
(49.384221944822514,303.5525636966342) 6
(10.463610064939246,879.3582050578169) 1
(559.6952394233728,526.8119911756448) 10
(1000,164.04453635112407) 3
(695.0876315097468,87.77183919106238) 3
(439.91200374817345,590.257643913005) 1
(597.7910934102978,442.17649103091134) 1
(781.8923701168585,103.84275858625693) 1
(380.23569757611006,474.17978512696345) 10
(445.71377179583686,540.9449058787993) 8
(412.07687460995504,643.7740342875384) 8
(263.06178798931865,668.6972892228505) 2
(1000,157.82185002655183) 3
(709.9796831921914,0) 1
(674.2221668647342,120.48256512323064) 5
(1000,742.9472618218996) 1
(417.9158989858422,737.3003041117934) 4
(235.25165330414058,217.22994673932936) 6
(477.70360440521097,842.1815852955382) 5
(742.8530004935831,914.0629318491021) 10
(97.66006038470215,362.26176584285093) 3
(0,63.33143783634699) 7
(682.5260619210812,432.88558830065944) 3
(842.3064955693427,650.379777459784) 2
(583.7762377684825,921.1771914532417) 10
(469.54564907754377,576.8620062292251) 4
(416.5542210253704,313.0667822335248) 1
(845.80450800333,144.3633310743425) 2
(566.6185937943525,0) 10
(574.743321769266,500.31262631840497) 8
(1000,1000) 1
(666.7446888246984,220.06819573015684) 1
(815.0453553380255,592.6085475811772) 1
(630.2524684224746,29.14347528673335) 5
(441.476558622419,0) 8
(518.5250702639681,382.98321006006654) 1
(920.571482835849,500.4623068951031) 8
(481.24552046499366,943.6015020775089) 2
(130.33382465340742,35.035503352152375) 3
(431.90151298628916,1000) 1
(623.4961705957846,387.9529224238021) 4
(557.1424540552954,497.80636012108556) 6
(610.2525833621851,625.7870993222406) 6
(903.0100384510868,401.8281124237711) 6
(196.79695688964944,425.2293158660894) 4
(655.1827287903443,672.6080893834703) 4
(726.0526180785022,149.6822210846771) 1
(442.8870952977914,1000) 1
(375.5657952280924,414.73558324946083) 3
(318.8317758906361,897.9523583296753) 1
(323.1652344913015,198.32516850354102) 8
(747.8887581178101,423.0446978257865) 3
(284.6984740936536,0) 4
(757.7194978618411,1000) 8
(0,509.04927316430906) 1
(622.8184543335175,159.40412638621785) 2
(686.0922756268955,651.5343971390535) 2
(902.474452829063,327.91406035179205) 5
(556.0889219076407,270.59459203847985) 1
(526.7973135570874,700.3138406844791) 2
(329.6027972510436,303.2775939158786) 4
(280.1063973245985,558.6832799947986) 7
(817.4551238933554,448.59352314122265) 5
(559.1859481750301,770.6757045984759) 1
(0,971.2074015014947) 4
(509.44356288818153,758.9318415589382) 8
(488.2237751722386,441.19504520579034) 1
(1000,523.7856568740616) 4
(596.4356474745097,113.92165245930994) 3
(342.99822873134804,505.98025043281274) 3
(365.0706915615434,243.91779468555234) 3
(716.5653705964257,518.5457747933509) 6
(210.24863835158754,270.23057013721797) 7
(369.3018235371391,817.8323837951178) 1
(204.08048875161228,708.3920447692676) 7
(353.0273481981212,667.8711473500259) 9
(729.4834191105226,735.9869726431111) 7
(226.61022091910672,579.3531694422982) 3
(915.5650848204648,0) 5
(250.19562945976443,1000) 8
(433.9188658708898,1000) 3
(425.41682704186803,951.0246811599161) 9
(840.3403682654282,861.9856711565991) 8
(362.76830465388707,886.4318059427844) 2
(501.4246752218111,582.7144530714129) 3
(733.0901402799125,161.39800934994565) 3
(898.5268372144756,672.494356315601) 1
(72.2474814368519,433.8143356721862) 3
(260.73980314964103,722.1518955723619) 3
(467.25929192873036,641.0579624255506) 1
(84.46469930419221,627.1545013570138) 5
(71.08822642505328,346.3783676434379) 2
(1000,548.0696183646928) 4
(1000,944.8554939069206) 5
(841.1113005916966,900.4996975963276) 1
(383.75848191129694,803.5213943518465) 1
(1000,612.0325206555148) 5
(0,595.4032473982021) 6
(775.9104262026665,899.682952891355) 7
(582.8298407504246,586.0913980011619) 7
(911.0095896330831,368.2203128874255) 3
(88.30004088718033,535.6316547348301) 10
(842.1552712184719,1000) 6
(825.7814594280762,870.0962856874744) 3
(735.4277366131982,637.016175022304) 7
(540.0941436377443,170.534135852296) 7
(72.31655660344467,632.9180164661416) 5
(476.82803276827696,0) 7
(131.4882389623982,863.1070986098529) 6
