1000 1000
10
(0,0)
23 160
200
(894.4177553271231,762.4470037132983) 5
(189.48821365489795,592.2427051375633) 1
(332.0628673277771,195.477557573995) 3
(178.95831184186284,790.3837275307238) 6
(904.1425877022967,665.8837341412165) 10
(709.3817703282828,626.5762237763064) 1
(214.66503373317028,796.8821380073255) 3
(221.24190318980698,824.4625194171144) 6
(504.06073038828896,989.8533242772044) 7
(545.5647605064925,570.2778691998019) 7
(372.13985535933807,640.3578724376351) 5
(876.5905010591198,669.831754546741) 6
(544.6056786091572,118.80682326495997) 9
(86.86204420237186,126.36362994859621) 1
(10.113495428558565,313.12109781033183) 10
(657.5500871497366,534.0677330044597) 2
(276.38138222481723,870.4855439613008) 1
(0,328.1651466791577) 5
(226.61660156221683,585.4871469415496) 8
(866.7297779920223,0) 3
(511.1334415978534,400.63195708584374) 4
(509.01722648619887,604.1003552519501) 7
(872.190439024772,1000) 10
(413.07813277852495,72.94047604959644) 3
(219.80220407574092,0) 5
(0,0) 1
(375.38969766344326,762.1413721676897) 9
(660.1675640276658,1000) 3
(0,734.8946590800342) 6
(535.1001650687372,457.88752511995006) 9
(222.11342082936443,682.2501388770103) 1
(729.2868110168712,248.2686430255552) 1
(0,277.2760965282858) 10
(104.81813929713638,449.8099580480698) 10
(381.30881021301366,0) 6
(433.2673729486608,672.8871434942746) 10
(270.2308015764464,476.2458872002765) 5
(573.2115101089352,0) 1
(669.6373956381385,44.345999941674506) 5
(1000,0) 7
(342.63973665091925,318.8815505124731) 6
(0,866.9543443802404) 1
(795.3807571261083,245.0522025227803) 4
(303.59873506770083,634.9264972099404) 1
(592.3646780652283,827.3705455760376) 7
(515.3961923820934,1000) 1
(0,1000) 6
(624.934210980337,378.680754305209) 1
(791.172432674663,264.8282284196646) 6
(84.69986142006508,1000) 1
(23.047259781290563,273.42894227146536) 4
(1000,312.14354512268096) 1
(996.3616537806964,115.52119447630866) 10
(939.7713883599262,607.6168650711636) 2
(384.4674307173924,901.8132250003224) 1
(535.3230238418577,261.83784995884537) 8
(554.621454718623,605.2625103020598) 5
(153.41996578166902,416.0474458734042) 1
(740.9737573731256,536.5590777080108) 4
(0,547.4542283755641) 1
(443.62857301746385,0) 4
(644.751851215738,770.573035034445) 1
(671.136769266846,1000) 3
(512.2948445239653,619.3527561753032) 3
(270.60957222953886,1000) 4
(711.7155914081634,536.4470632020935) 1
(826.7595462400582,231.77861795942408) 4
(444.4702029796115,855.6996567523454) 4
(935.0312548558027,555.8902284652937) 1
(223.55417173991964,929.4769963918698) 1
(46.89422331630436,0) 4
(452.28113213402696,506.7518466337167) 8
(395.3835771842061,355.21641015881346) 3
(679.9443435924518,695.9260408176818) 8
(937.361927568883,942.8404666758297) 10
(541.3766544047496,757.8689327717108) 6
(146.71435735139738,1000) 2
(753.08473049174,456.99066012698216) 2
(1000,469.16695629631977) 8
(836.7278066092076,181.1746160860141) 4
(913.9613271928109,0) 4
(791.0816593398795,898.6206811202377) 7
(281.4276832846291,0) 7
(0,833.7479480453823) 7
(693.8882797006481,115.21177624343801) 2
(708.6686013575509,551.284551003225) 3
(633.9831195683644,691.3014103312607) 4
(1000,799.070752474678) 2
(435.25384816118054,467.18274507753836) 7
(907.0723778177285,223.67757115188454) 1
(354.42372802868687,804.2302952494899) 2
(438.0944993871767,605.9359317362511) 4
(490.0980022312973,371.9575947966607) 1
(923.4175274841832,904.4876268448945) 7
(485.36802411949225,346.57620507268547) 3
(1000,1000) 1
(437.5860983619534,407.910526220267) 3
(0,116.05568756969194) 6
(443.445780281324,207.43544764057202) 6
(1000,615.1069676931392) 1
(761.1669233390526,219.742790923384) 10
(1000,424.52699845114114) 1
(380.04655680248493,1000) 3
(483.8520657812942,965.8484289498435) 9
(349.67920826076966,391.1449240372096) 3
(463.49098344635246,922.9954187658723) 2
(309.5607137801994,553.7057594311563) 5
(260.576888367297,667.8951486478574) 7
(1000,528.1184720837944) 2
(506.09775811094556,23.992808630961406) 5
(381.26120562671196,617.6480451746766) 6
(548.8468207526497,750.924699778878) 5
(174.04873603215714,501.87397194652914) 1
(279.5241693500609,671.7454513761797) 5
(756.3831526032521,664.4487276838573) 6
(1000,405.1400408683122) 2
(199.2505371781403,825.0966196433071) 7
(10.89281961396739,0) 7
(93.96968910976005,625.9185155853372) 6
(488.20271940479887,835.5848412376272) 4
(176.49959053593784,495.6788310430699) 10
(0,456.0441786988852) 8
(990.6215067235905,702.9128198275619) 2
(1000,285.54090356702125) 8
(369.0839929447883,897.50178400821) 3
(415.8962769774047,922.0278128368382) 3
(580.8856303903235,811.1881334782585) 1
(307.6429296622981,762.20694094085) 6
(249.16405672238582,321.4052104534015) 5
(756.9748138987142,496.1994168210239) 5
(172.24492871282786,293.0469482608904) 2
(0,86.36863418106384) 3
(69.11394706397374,891.5647835763018) 3
(661.911401225278,875.4867225772045) 1
(49.32012811904275,505.44736396061273) 8
(389.79012056656234,661.8167629964532) 3
(65.81562229044908,90.99988582029977) 1
(846.3668956101169,495.3163246935368) 5
(835.9346316330993,437.92742371160136) 1
(545.4998880518136,605.2776048450862) 2
(363.44398469062037,785.7648391502096) 4
(123.57275133332195,28.168899730512976) 1
(553.7345634621096,338.4575565819574) 6
(589.115738659287,489.47585762090256) 2
(644.211771199097,174.80835905513226) 3
(373.39974880228374,0) 1
(296.9722678867204,535.332435587696) 4
(127.31806224711272,0) 4
(398.29956880868235,525.5307541911523) 3
(356.799292289864,685.8371531725894) 3
(69.14260046848483,253.4384115623453) 3
(456.6167370695421,701.7115297021851) 1
(302.33011063906804,548.0450348394878) 7
(784.0042810339328,411.3608823697124) 2
(856.1540928755213,507.23909296747485) 3
(126.80538736222275,376.9657523622029) 4
(645.2490830864059,0) 3
(56.19396034294084,600.5176456635721) 1
(829.7336563417143,371.3316391168726) 5
(493.59009197721747,0) 1
(0,593.179008932866) 7
(15.254139201109297,1000) 5
(9.271603098683954,449.7171100282208) 5
(363.47540969313616,331.3325557291545) 7
(503.5355102498047,516.3467757675808) 6
(21.333039010664947,0) 1
(0,465.0874029991269) 8
(604.842373227776,563.382843907946) 2
(445.30389254415127,411.6155554739283) 7
(4.628100456572554,250.08433084651415) 4
(17.417426377673962,675.9504430387655) 7
(676.5185145316464,659.5755677105715) 2
(534.4080393483648,418.2735281489248) 3
(284.53243506545505,793.2214578240585) 8
(317.72762335726304,350.507448314483) 5
(560.7718916697454,59.316209389195535) 9
(434.57110862295747,494.2321960607799) 5
(54.56011677616317,51.20808643496878) 4
(637.6859936999934,743.4413541770026) 6
(610.6767372868295,738.0596632271511) 1
(337.8275516061933,0) 8
(873.8603576072969,0) 1
(337.1832353607197,317.01705543347964) 8
(510.6291776497711,364.40311016935385) 3
(264.2455804837117,736.83517602739) 4
(0,681.2004093497139) 5
(797.4225363315809,370.628952516886) 4
(709.0141480843599,626.4765126384153) 3
(894.5848696524783,641.9950645122441) 1
(782.199522197234,191.55971059442948) 1
(548.8263988989358,720.9540399844236) 10
(319.0792683541281,415.6565339703918) 4
(687.8581157408048,402.7098376441982) 4
(599.8776200688177,519.6617073125998) 6
(1000,287.3354060834938) 3
(0,546.4601906169725) 9
(478.8875961314997,594.1841048216627) 1
(318.7983027642406,436.13912031916044) 5
(437.40519170910454,616.739392850301) 3
(83.70738075433297,224.48335614341858) 5
