1000 1000
10
(0,0)
23 160
200
(1000,891.143124240119) 9
(0,658.6357608696946) 7
(847.02489916807,983.7533547964421) 6
(136.00444528746362,1000) 10
(326.33211787493514,409.97865228257) 4
(682.6738599873024,1000) 3
(1000,813.3414675577219) 1
(727.0637034861455,1000) 6
(125.29977251849829,675.4818145988418) 3
(844.4569220962726,474.4116017259412) 8
(759.722780157542,1000) 1
(1000,459.7946474578869) 4
(537.0113384047527,906.5875454221612) 7
(284.6455308447921,0) 6
(761.8978471341088,259.3745148407415) 4
(995.1622658491051,0) 10
(280.1606766292781,623.6946112919571) 5
(313.6982450486697,529.7387776341343) 9
(916.2111749142191,198.777649615084) 1
(578.7376205038514,150.71909225454488) 3
(685.8722054504858,193.4859971168931) 5
(213.2633542842829,620.1875997568467) 8
(355.51557895214114,233.18361065110645) 7
(0,455.47736105791796) 4
(852.3793257233722,1000) 3
(185.55436957978515,259.23353736331853) 9
(267.30592958903713,581.529995194054) 1
(757.1205204473931,0) 8
(742.5984108661038,138.4694643477677) 7
(255.69188408819596,632.7612141916686) 1
(0,546.47676128111) 7
(1000,55.55499832764298) 1
(0,789.5839662096237) 1
(641.0392921255328,0) 3
(825.7122901036864,623.7300256372815) 2
(159.9495784679611,254.30782373188072) 4
(1000,519.5566891170198) 1
(905.2878507123406,296.37051832892996) 3
(665.9458056472511,500.507175823985) 9
(230.83506600362495,373.4219164372232) 1
(634.1658200593458,767.0352599495498) 6
(550.7016694068246,279.81190512000103) 10
(0,316.7638318038804) 9
(764.7548643750861,481.5744480960555) 3
(342.02300828118234,484.779798869343) 5
(661.868667309509,0) 5
(223.90869947062157,135.8389896451297) 5
(659.4510055572721,554.9508233308835) 1
(0,719.6630537860508) 3
(891.1903960493098,1000) 3
(695.4434006879735,409.5446451647729) 1
(626.0036979264034,441.72539741040725) 1
(672.8357912122462,731.4491666150761) 3
(294.3606209794849,337.35134090621364) 4
(84.01037661997583,655.8532228748235) 3
(1000,0) 5
(163.71696595753434,905.0895520677952) 2
(331.95580182356525,0) 6
(334.4739399148177,862.9874835284265) 10
(649.1176396327687,880.2572323502086) 10
(811.4182301557105,436.94116282313047) 7
(467.6339496567327,1000) 7
(258.6170774562339,736.6168500131598) 5
(424.7699944437121,960.8248421025637) 9
(744.7689555168613,0) 5
(1000,768.8184966694503) 2
(140.9889111617096,320.8083942127464) 4
(258.8212810802022,0) 2
(384.13608995487056,260.8800849689576) 6
(408.8209396451869,477.62034066052473) 2
(329.79955691592363,806.2209989602075) 1
(285.18253851219004,615.5982958695081) 1
(270.61119612603994,171.0369796302732) 4
(763.2911695696682,562.0354031953254) 10
(716.7339820492128,316.32006631416255) 2
(0,1000) 8
(1000,456.60469788314134) 6
(728.3926500745883,414.96332350673555) 3
(407.38858607591584,575.6325588523551) 10
(754.8919475153992,322.35346177959025) 10
(351.49644813920327,468.2295796513676) 6
(249.43641864620298,359.8348787072253) 3
(236.10577926952084,720.4620578810609) 2
(499.60205499204477,912.5044144667079) 6
(498.9856199982937,640.1058695547498) 1
(598.331781736022,347.0699700017474) 7
(520.8748024379532,520.6016304192001) 5
(246.90368335288036,239.36080097033692) 5
(554.1496952853196,424.3892286686336) 4
(997.7203712081957,0) 3
(824.5649790104264,999.4767310398291) 10
(592.4495547183915,470.90466590236565) 5
(464.4626527511623,316.8213849567595) 4
(575.3131502760959,336.57515472491724) 1
(289.48855432131967,1000) 5
(0,926.5501467113976) 4
(271.9357753473877,911.7864658231002) 8
(307.45038694478205,709.3335798808017) 2
(717.1982483376033,326.32397693799385) 2
(0,755.9085190258836) 10
(239.93552827726376,987.9232126275392) 7
(903.1980538533427,1000) 7
(307.2462580467437,563.2100559775016) 4
(293.1633705228414,432.4176425745282) 1
(196.08184231001917,245.91677434242914) 10
(0,919.4786235935824) 6
(622.2574669637966,424.34452747631906) 1
(267.1234364317861,0) 5
(467.92560581176053,556.2837906591773) 1
(553.5425952922342,640.6198158588569) 5
(1000,314.58894052889826) 2
(1000,702.0013476579217) 10
(0,636.6386001745879) 3
(608.8618302219807,0) 3
(0,592.3066710372041) 3
(164.1103930048364,169.85190135977825) 8
(355.9517783674606,479.8469312747407) 4
(371.9000625565492,836.0530176492559) 2
(644.6177035361687,794.031263955163) 7
(442.4200897395956,334.48315888354074) 3
(657.2445693486713,198.84878056658442) 2
(485.1085860644464,506.9384985624427) 1
(700.8283793835965,763.2408448987737) 10
(391.8695378239787,648.5453432138195) 2
(262.2458848239392,886.2118629300609) 3
(675.9784547849401,122.40457374617375) 7
(288.8026128624234,287.1597123396406) 2
(339.75510790641295,315.0552342417787) 3
(248.26446936403596,523.5131035336909) 5
(410.319937625187,551.0930057925347) 2
(946.3726235176232,635.1282429912557) 1
(928.7258506542867,360.47077186335764) 4
(447.03381586547874,482.70282646292077) 7
(610.2649348292687,717.46029347792) 9
(320.9344774770648,833.0821727744492) 4
(387.7256069616556,564.6516264272283) 1
(227.63689283547274,556.0584561198863) 10
(121.48858905554499,877.1969383212528) 5
(1000,468.8254216186086) 4
(153.05443364013678,268.24224844563446) 4
(654.7778234815003,0) 1
(497.823497396655,440.83689502747336) 3
(300.5296512491586,521.4456166514694) 6
(683.8334504812686,800.5796938850142) 3
(243.2439337299761,377.02521073355996) 4
(0,905.6407713397264) 3
(0,76.62503972688665) 1
(1000,813.6462141492024) 6
(224.65716898177948,622.3411134701275) 3
(4.395398148933339,958.7827053807914) 7
(784.770852967885,601.1783804890273) 3
(623.8290157534885,70.34974184465915) 7
(45.91671518833226,0) 4
(367.43952400029707,481.0468741482007) 3
(586.9861425775314,677.8638160683244) 8
(303.25067510177405,349.3015419753399) 6
(668.4037782527071,221.46746258726336) 6
(847.7821951580815,1000) 6
(783.6198409911801,911.8041863076508) 2
(589.4039835410496,192.9068428676522) 6
(558.7327511286054,517.7984487658327) 2
(350.68899186116323,293.9898664911091) 1
(195.62372541282627,387.216904086388) 7
(472.38489263442966,591.7722921290543) 5
(703.7801811259161,799.808368807145) 1
(264.15428142382245,446.9978624081217) 4
(0,638.7012380970222) 10
(986.1216309474444,535.368971917285) 1
(335.87068832431635,921.6657806841275) 3
(869.1345567745301,325.9975538122096) 6
(245.7310911569585,428.4939537983876) 5
(299.0138675693154,785.6854603083091) 3
(566.0628235766185,554.8939353393124) 2
(704.8658457225237,239.44728702065066) 2
(456.34893872643903,256.3417547429648) 6
(802.1665576449402,1000) 7
(537.0479411087571,189.85267684968932) 8
(0,679.2086083154877) 6
(145.42449305271748,293.18841740597435) 1
(1000,405.466082940389) 5
(1000,680.2302090074925) 3
(306.9123407749443,871.220667688217) 1
(87.26927381116292,690.729679384644) 9
(665.3061029219398,615.4343805262961) 7
(0.2464250010870046,686.556612285608) 5
(404.174778129667,514.4356189374997) 5
(131.75565354537605,401.49702997807475) 7
(803.2906781026363,792.4411274565147) 10
(710.7593625108556,836.1216989816157) 1
(352.88815178957225,367.569209263958) 3
(370.144953973343,479.47526499755674) 8
(496.19802126108925,605.9248492368015) 6
(753.4884028328008,467.75447846802393) 7
(585.3174076143913,0) 10
(633.1012942581732,396.87042989402966) 3
(253.8184522693878,452.66137650608647) 10
(202.67526934788413,805.9013377181448) 7
(0,461.81415533537876) 6
(789.8703661985733,172.69644984928766) 3
(178.3393920943904,1000) 5
