1000 1000
10
(0,0)
23 160
200
(21.6362629818679,711.8467789839088) 9
(0,246.4805657777315) 6
(489.57831419286623,113.6774945372643) 6
(1000,485.89099933139323) 1
(1000,485.0580278908111) 1
(601.5365924922095,1000) 9
(408.05759622218625,620.0976767178756) 6
(309.17649803163874,517.7975283052656) 1
(504.54111514125213,721.4295905013042) 8
(519.5318600344992,853.1771304514821) 7
(207.03791207608378,251.53898054683708) 7
(610.8899546755779,420.46409607001186) 7
(597.4881974098297,875.1348192536232) 1
(1000,886.4696981612403) 10
(272.10180057252046,587.0218092904634) 5
(244.35540083493544,643.0199801989525) 2
(490.2486407183444,395.816425267002) 4
(142.34869964319182,823.956706945306) 5
(559.1938284409009,765.3046223623376) 1
(335.57293229876456,98.47858532947163) 1
(152.13765150191745,304.06768567779494) 1
(685.1843305191371,423.58452593022463) 1
(522.0401999631723,282.58236195629587) 9
(731.5166600712421,1000) 4
(261.7473871447736,171.0505784433442) 3
(1000,857.3230693736177) 5
(455.11735833472943,833.2739867097622) 1
(282.06414026465563,393.0417080307547) 5
(760.0198985071639,137.40975294048496) 1
(0,875.6509118937054) 1
(755.8697983364187,193.99734628297932) 1
(944.4102937265418,97.60047533879299) 3
(0,621.1370971728938) 1
(865.3368407351438,569.4088238786569) 8
(993.9070460169519,136.24762833989718) 10
(178.23885625917768,973.5270936422228) 9
(670.7920238438637,361.1174937285448) 7
(192.63856066940696,285.70689308196654) 5
(992.1414786547932,269.90124909318934) 1
(762.9058424960107,554.8404323599826) 1
(1000,631.8291186718222) 5
(647.1178377700616,94.11475512605091) 7
(401.3028055792096,766.9033896423962) 7
(822.097793181297,737.1540754413562) 8
(1000,441.77700196864254) 8
(1000,529.7512685548428) 9
(242.53722289241955,819.2020131820382) 6
(117.60179471315843,477.25495521519775) 3
(419.7545477838834,384.3593597842589) 4
(756.3874272637638,283.7638556614981) 3
(361.18459088088485,770.8908530790791) 1
(630.8081563707055,905.6245776891801) 3
(509.6515569614978,654.9599811175569) 5
(574.5334332917781,144.16751874085787) 2
(872.9526662347419,647.9131001148303) 5
(477.0125603812941,79.23174515928753) 3
(233.6810194042966,665.6879714349407) 1
(498.8694014126361,606.0211351806812) 8
(420.47682493990663,418.80263186027497) 4
(1000,830.0528616331178) 4
(0,46.70703405826379) 1
(237.84440740581567,573.6221376683277) 4
(771.0981365081011,537.2461877324731) 1
(388.6235798755958,0) 3
(918.9258894567815,914.5843067536309) 1
(690.3638114127427,642.5677270767546) 8
(779.8402002575626,1000) 5
(644.8200681157575,34.012999796361896) 4
(0,437.91076381065767) 1
(843.4325747346547,756.4142190681639) 10
(1000,223.18148306449262) 7
(1000,637.9915416892773) 5
(1000,508.07494458538133) 5
(703.4501235102607,0) 8
(170.67870621280485,268.6928148661832) 1
(668.6833884285805,110.98953432612115) 6
(274.23156714059985,348.8422435118431) 2
(334.33610131551933,572.2397442352293) 1
(326.41550563235694,472.91927312512314) 7
(112.75975686011623,447.5127387699116) 1
(479.81169312574997,359.5621049916516) 1
(372.499827138282,112.53378943058817) 10
(0,648.972248507393) 5
(969.1553584181402,529.3296217428102) 8
(535.2772596867877,230.67702172904472) 1
(590.7049410923216,516.7672862268174) 6
(19.397159749473133,335.634842735931) 3
(436.3321395147751,763.4859148975337) 1
(443.47043101973566,715.7785754190871) 3
(550.13778842577,709.5300988284002) 3
(214.18145791633492,1000) 4
(957.2862220540969,0) 9
(297.71520248662864,660.0241721713244) 4
(1000,715.7682954792056) 8
(500.2883615292866,855.5390086577461) 2
(417.0105804029073,608.0556469199684) 7
(295.24213355328266,661.9086799114548) 8
(284.13958565527827,800.2223708166312) 2
(0,177.44004635161144) 7
(419.12128240353087,441.7915929646632) 7
(602.8741450007288,387.50671197126655) 5
(464.8566085801271,200.44949045096496) 10
(528.9370777081135,443.07363926575385) 4
(476.0643575377576,612.0586205381468) 8
(1000,154.79904265934783) 4
(518.7390256700986,819.5912362645096) 3
(105.4882817111594,1000) 3
(570.6854900518175,255.08193420109313) 6
(504.2662819293279,256.8322245739867) 5
(777.9748175577854,336.3504334983571) 3
(212.88201314481552,659.0144755105568) 1
(602.0961413293952,571.2701249143738) 1
(673.463662831806,932.1284533377029) 5
(533.9238831826767,445.61471688605513) 4
(1000,406.598229136485) 6
(0,203.4329057262616) 7
(274.79154408049794,307.5674980055936) 6
(911.8405707753033,966.8929699316418) 5
(724.1201923887878,602.6629432631406) 1
(782.4557015234985,455.9875319160307) 3
(0,411.4525234792469) 3
(523.2952983247379,305.66008193795517) 3
(0,929.785300483697) 3
(0,246.6051697276747) 10
(856.5310044320734,411.3451330578838) 4
(202.24616690167068,1000) 4
(99.21395550512784,916.5370425310673) 1
(710.2314852326597,668.5682554759796) 10
(693.6421190161905,676.2043131735348) 6
(305.4471870160139,219.91765040574444) 4
(764.1213897965755,136.37422817212166) 2
(266.2181481106175,1000) 6
(207.25259070976915,702.6174653382387) 1
(651.6961520383443,808.0788296834248) 3
(853.0461564890943,1000) 6
(604.5346583509634,1000) 1
(845.5938002026136,485.2991443793899) 7
(937.3747037227947,0) 10
(691.4244999235631,620.0941576512222) 2
(272.4763474329893,137.57452006396738) 10
(466.0696677576421,0) 1
(641.4751134366692,656.1224588359844) 6
(951.1172965988792,863.9881148718176) 6
(884.4588624734024,385.13400027473654) 5
(360.8520748386493,107.7386277051009) 9
(386.52954132998343,381.9164001630706) 2
(0,6.808646404693377) 4
(597.8365190097248,578.2801379443658) 8
(428.3020291950729,663.0895410899564) 6
(78.26178499870826,484.1505673863992) 6
(844.9042228889052,826.1027518906167) 3
(434.89599158010145,239.14097229715765) 2
(212.15236682593763,777.6100763852944) 2
(223.2278951463211,648.8899017739056) 1
(910.4927799146378,351.16724113583757) 8
(656.1063255273206,83.47441831918184) 8
(759.9248539932669,0) 1
(731.4592572775689,275.2063326330191) 3
(79.19043224293506,414.81269110242073) 4
(642.8361324334287,578.7125914882334) 4
(348.6453794024432,470.00627783726117) 3
(549.6977306251214,0) 7
(972.9562765153603,820.332164153652) 8
(327.8513687483677,564.9420013721674) 3
(424.8836712375838,681.9041107531162) 9
(309.4365101103078,172.8424784681904) 6
(84.28781304502087,0) 8
(314.44553116491034,136.37725421498345) 9
(608.694102197649,32.62885352317517) 3
(654.8857342758905,800.8447239236385) 7
(170.2301455928564,424.01977891453515) 6
(892.6132740113509,43.51061163160631) 5
(114.33729632895188,425.0515218149918) 4
(96.69152283001438,760.1144055531445) 7
(221.904998433959,264.99286215089836) 7
(649.7442052363548,583.8631509038388) 10
(816.5354994117065,223.099977375334) 8
(497.8424215042474,434.21203118814293) 5
(810.772639908173,768.8082014060445) 6
(1000,368.49438796147507) 7
(141.47557659041865,556.6846236473548) 3
(1000,0) 9
(1000,713.4671115571238) 5
(248.5441029808212,0) 8
(675.5014544371215,0) 4
(813.7769910182608,660.0347322185023) 8
(428.4119011032875,527.1589040603013) 5
(365.4080111667868,624.991052308633) 2
(659.6800730676616,274.9800884046528) 6
(59.733966046426076,444.869481816173) 1
(768.523904002707,253.18583099199518) 5
(957.839158836878,584.6128291005681) 7
(485.7511004347037,947.2864543532864) 6
(323.68883574843926,531.5054251453956) 2
(457.53207552834135,0) 9
(659.105630858125,555.766302009798) 5
(219.75419676472137,364.82858335165974) 10
(886.7866723248233,885.7852857156058) 2
(684.0779666881829,519.8580226777816) 9
(357.62164228106565,351.26915776505405) 5
