1000 1000
10
(0,0)
23 160
200
(239.27021049575507,217.20227195527286) 5
(268.0122344917492,595.457549219753) 10
(721.2075419334755,208.28186887525732) 1
(424.7750160599193,508.26142961690647) 4
(924.931619833141,224.70631805086373) 6
(715.2507026673773,429.05523498039815) 1
(252.92488817228755,589.0941964729129) 4
(154.32604451952568,723.623652001412) 6
(602.2009863564351,362.6433260895931) 5
(87.74675865411979,102.31607085191342) 5
(47.98006376366345,584.8934371471619) 8
(108.33445279188669,370.27322456440237) 3
(597.86060292403,705.4019953684912) 3
(857.6017067832214,553.5760959942702) 7
(430.8872636704853,545.5906598498243) 2
(475.227218602027,1000) 1
(845.389980406525,0) 1
(464.29123620630867,0) 3
(341.3128109087518,327.73136587284057) 10
(997.9128090159045,911.8479023145208) 4
(485.6160263604995,757.3218476094587) 1
(459.1115894974505,728.3441871179936) 1
(0,1000) 3
(239.8182463613125,966.8044962259391) 5
(795.3892223859084,389.90245210247156) 2
(389.69354607322873,514.5567789123833) 3
(580.7697569473216,563.0364904375103) 9
(498.06611760121353,596.2057043728199) 7
(1000,0) 4
(671.6593945036913,335.8360563919436) 4
(418.90971378921256,542.3952321746335) 8
(207.9580196750499,249.65332765143904) 7
(762.6172925405533,960.8935320417784) 1
(759.1701075407916,769.5231949607551) 2
(427.5528967189224,640.6712369516338) 5
(0,827.4780619796761) 3
(525.0154856497204,560.694067873124) 2
(495.9158948407549,546.1639864322988) 6
(347.71653939040044,56.44740208867273) 2
(504.4701433719791,284.68388600409344) 6
(216.34609453174016,1000) 3
(502.80360436965026,1000) 2
(413.3034047148303,114.11598742433029) 6
(219.13070595288707,1000) 6
(0,223.18455016343523) 9
(500.3986588180361,1000) 1
(0,382.2018724819791) 7
(762.9259350071397,377.06031164687033) 8
(364.87484494737794,283.202819487835) 1
(448.95849498067923,235.9293696197215) 1
(281.5540740567868,608.9912452133437) 1
(437.3317397360431,0) 5
(266.19918443508595,668.7665171210366) 4
(539.5238508127167,279.1630173215795) 8
(749.8299830097192,1000) 7
(774.5729866405085,434.0099136763891) 1
(747.9315140810959,509.9174727355787) 2
(208.35141524906248,45.27279429902006) 4
(808.8982781311286,946.4289728033198) 6
(656.1519635298566,565.3224510042278) 6
(59.923836119025566,91.8464012788998) 8
(220.69548324026704,997.6353513992028) 6
(533.0893776780357,717.1636853661903) 4
(352.78526666854066,395.6545149669913) 5
(1000,471.8251936180249) 1
(196.787900059648,0) 3
(609.1579394868014,0) 1
(369.3481840247779,838.272528100711) 8
(485.2120599329543,927.5214625488193) 1
(142.57228030975608,196.56909866532402) 3
(283.69889906607625,288.8494084206059) 1
(717.6351795982765,229.31425696812096) 4
(495.30249211806984,497.64018953532303) 7
(469.5883035903553,707.0311016496935) 4
(877.1112956818672,1000) 6
(610.1480949178762,1000) 1
(119.28823965422691,677.4086626273602) 9
(542.8128069110987,202.4465138609931) 1
(754.499267605009,441.75185423256056) 5
(467.24706738244015,590.3356492728961) 4
(14.341030255426347,590.6337032512808) 6
(434.2962254997365,242.00546179776495) 7
(484.57669313512594,624.4575197685382) 3
(939.0978186503157,0) 7
(361.57461722855714,763.1119919566879) 2
(1000,1000) 1
(0,357.47228450054837) 10
(143.85604520704732,673.4655835419115) 3
(787.6070728869706,111.12224153985818) 6
(387.7031532399484,742.0759151460986) 10
(657.8847921421295,591.3400232524319) 2
(583.2200093690294,441.97400647205427) 10
(281.1190274886684,512.1310810981823) 1
(510.8437617734753,804.2928131255203) 1
(269.4630583460988,154.3148978148161) 5
(374.6742601949337,936.2971097844212) 9
(1000,195.59229657252314) 1
(1000,14.146256675444306) 9
(1.8616651596407792,1000) 1
(913.5798173073644,523.8229965871724) 10
(877.0899379775753,400.9942496351237) 7
(793.4604793799488,206.40700440530003) 1
(643.4117487642548,709.758880680816) 7
(400.41066353971036,791.168252661374) 5
(947.2069846324828,45.74559189208077) 4
(175.91975422629895,235.7338852865933) 3
(785.4421418852652,402.7326865374392) 3
(445.7272947416441,265.7798548756829) 1
(810.3366306219004,780.0898152501638) 1
(553.430279178201,179.57499272389776) 2
(0,581.5927849044275) 3
(687.5675295459511,175.53488640518606) 6
(686.187418289185,1000) 5
(0,207.87684927414563) 4
(860.3174016667609,116.47157951311578) 3
(686.43430512382,919.5641482279416) 3
(217.99681930106146,494.62347518133294) 1
(495.543201087153,0) 9
(770.5195290854863,840.673710995969) 5
(766.1243614883583,29.289332194901192) 10
(760.6127923484876,588.7149194073678) 9
(708.3674562354641,1000) 5
(658.3500696474148,595.2485268180719) 5
(777.9220671929495,0) 6
(128.8910873333973,416.0885362699823) 2
(0,907.1044777251528) 6
(549.864333322891,682.2010580321593) 1
(304.1415280145187,607.4018626332773) 1
(253.7292001660576,524.348238792632) 6
(722.1898095501606,1000) 4
(235.38107171879943,584.4765557830514) 3
(340.90274185674673,879.6487284571572) 7
(930.6503533861276,425.4949759348723) 6
(964.6233550726662,375.433349394243) 10
(522.0717529809398,141.68214166167138) 6
(469.21809331330866,504.11445220563377) 9
(258.2095905996847,252.00955296659106) 3
(506.54039807567415,269.70534392480994) 8
(1000,424.69082977923495) 6
(897.3107041656206,497.0402244420073) 1
(392.5022277608983,907.0880408700443) 8
(529.6675479046918,276.07934808063055) 8
(1000,723.7945384485072) 4
(482.7815067559388,793.2392556359439) 3
(360.40510600334244,244.7724165068385) 4
(300.28926999530177,444.9318699449675) 5
(149.19237190564127,1000) 1
(773.4987089984432,412.894011173097) 4
(611.2104024359965,0) 1
(542.7669530028616,720.595291644348) 5
(377.7265772686948,0) 4
(316.1374613732728,685.3192042135557) 9
(10.766024827450565,1000) 5
(619.8647274303942,745.337412740856) 1
(762.8600722715323,331.6907155284757) 10
(378.2289457432652,1000) 2
(434.43732150790214,45.78984689729657) 9
(604.336899984237,0) 5
(423.8151134792901,659.6856053807021) 7
(527.3108286769142,340.10424653152813) 1
(170.16964015502356,279.85581151811857) 5
(306.5730681344372,833.5678877346982) 3
(153.10041324472093,2.7485501743486225) 9
(291.4733027292791,742.6804378267403) 1
(448.7059075893923,863.8364088953392) 7
(384.42964985441404,132.11886858779343) 1
(676.7255918647322,935.9485447689273) 3
(82.11457386216438,487.3517655803165) 7
(431.2144939365338,642.1802054825656) 1
(1000,591.2086845886545) 7
(514.3933305074665,506.20839187492425) 5
(196.54667764177702,754.3245828348049) 9
(300.5070112419177,591.8093365438331) 10
(898.2912508709655,1000) 5
(621.3781025051549,1000) 5
(767.1245023618211,434.73212599175963) 1
(385.4793505292837,665.3299365528599) 3
(705.2533372660843,410.7205656433607) 6
(850.2288074568371,819.834878302446) 7
(485.66510898205524,831.5016372812421) 6
(689.5648774556935,779.398346924693) 9
(403.3001758694501,62.839970715484355) 3
(718.7838779019748,400.91123043222035) 5
(547.472113642513,375.63316196407175) 4
(589.823669719772,152.35519687273694) 3
(391.0363895364185,635.9341444352926) 5
(626.5940943453794,353.02641613479113) 3
(636.2571915117288,947.9003258375128) 1
(998.2356095092404,609.9761089579868) 5
(712.2146361819806,577.778651628048) 1
(704.5617958053309,254.28371502501048) 8
(0,563.7392183211789) 7
(906.8946632271766,730.1635455699501) 2
(947.954676100843,442.7189479027775) 9
(404.6929798145143,52.001521708794996) 6
(550.8090918421486,277.9312190214133) 6
(628.7140171230386,398.5142581809744) 9
(625.9161254505224,612.0435140376667) 9
(290.06287178730395,471.191846852817) 7
(612.4418251732302,0) 7
