1000 1000
10
(0,0)
23 160
200
(510.01210220363737,0) 2
(285.38578337698044,567.2713144909845) 2
(473.4487566016994,281.9823263763999) 6
(319.36883643792635,45.51092837056086) 3
(304.558692788509,0) 1
(322.8962479291965,594.1362291023166) 2
(305.3099509051913,577.3227914461859) 10
(1000,455.9855504752919) 7
(492.2717540007582,413.2095135558138) 6
(759.837636721981,765.5999291897047) 7
(806.604671920589,507.6219065346009) 2
(300.1607679777422,572.6977010734757) 2
(200.8215698465483,336.03675923042493) 6
(591.8226238893526,516.7750521572246) 5
(468.3924287818637,420.6928919121872) 8
(592.0446708839409,159.99293886550578) 8
(335.3108021501721,1000) 4
(664.8225786425412,853.3855578919246) 6
(0,142.15374658627212) 1
(539.1516566783811,421.6722697048381) 7
(430.6364143261202,601.6142730566861) 2
(794.9641939834277,457.02387792498894) 5
(588.821676326629,912.6811730604728) 7
(980.7226261853145,1000) 1
(893.7915856713495,561.4096927781999) 6
(162.46204083404598,858.4074488387353) 2
(193.05540727098565,288.36094046090585) 1
(887.0965399098303,1000) 2
(284.96513051046236,237.72265984541724) 6
(671.6995488135135,79.29723596802347) 4
(462.3858609754966,818.0559449901696) 4
(469.4967971125628,0) 5
(303.8526835945069,554.5288295201115) 2
(1000,16.12877395222216) 3
(565.0049059520218,735.193763929115) 1
(1000,537.5769359425472) 5
(440.3266063111778,164.7268513601192) 1
(828.944329125483,607.8761674244133) 5
(652.0891779648928,755.8564138588839) 3
(453.0910003588341,16.979350959374187) 6
(517.0126582213234,1000) 3
(350.27174076462575,974.7492109346163) 1
(492.20360783695793,234.8792449393514) 10
(817.7670512965544,277.7194943374286) 4
(413.12494171383435,1000) 5
(574.6709650172442,325.03434463297924) 5
(472.6683942122335,753.0480127905505) 5
(216.42966342610168,111.75768383457785) 1
(640.760473842064,123.7835765377402) 6
(1000,364.12792703965306) 5
(464.04577130045163,578.7663182396697) 1
(168.4821799567386,384.3643843803628) 9
(783.8685922689044,651.7749434914588) 1
(705.003374368159,30.889682212285436) 4
(844.5546750118591,524.9166965743739) 8
(0,211.05496785515373) 8
(1000,574.5733646631384) 2
(0,0) 1
(512.8037937799515,579.2229499948039) 8
(930.206422157645,757.8767172746827) 1
(603.1203192129589,359.7671780543592) 6
(1000,1000) 2
(1000,556.4095384225891) 5
(362.96490608356766,150.7357107357479) 1
(371.1604261881963,406.7695692148433) 3
(506.9891365176128,390.6656522763635) 6
(706.5928859485718,493.5216860405378) 3
(319.84384833603593,915.8135821855842) 4
(685.5146380637011,1000) 3
(92.35432586008744,366.06198045625666) 9
(535.3415088780564,804.7857954779329) 1
(178.05095885849147,961.9315871795023) 8
(760.9934189422331,431.4340072219456) 7
(376.0968202003388,420.514728219763) 3
(442.01152117116357,472.25472509168935) 5
(318.70942052610127,903.03872337246) 7
(0,250.05597726020136) 8
(293.53177231144923,0) 1
(452.5637760877284,706.6858245884546) 1
(467.8121348492982,550.6230214484843) 4
(932.9348729384149,452.88237607572756) 10
(353.7640214607392,773.4766316987095) 7
(271.4072138772967,190.4705096617422) 2
(59.43391071400947,733.4890166534067) 5
(591.1245222600594,1000) 2
(426.6344189987843,886.8476075973078) 5
(399.46442074429194,115.9241116876754) 1
(289.30442545745774,644.3947898079688) 7
(905.66429752624,220.4944414836579) 5
(119.05449759103061,667.6350706785847) 3
(153.87010311109765,408.65854328253863) 4
(725.7387317769565,294.2413190417826) 6
(0,199.41571449283828) 4
(835.7941774270157,885.4723254481519) 7
(0,834.4528366781229) 6
(0,964.3964700744315) 4
(473.69617704403555,996.5274729660817) 3
(6.362324265767995,130.52467290975238) 2
(183.22639544727662,962.7726850614234) 5
(750.7257182650128,553.3816181428846) 4
(801.0010960913403,186.27853239881614) 6
(244.93889119785283,955.2411914698042) 1
(444.9433927371464,742.2339739621611) 2
(602.5374818084551,675.0393954874041) 8
(178.51970729096394,1000) 4
(732.192410182346,0) 5
(393.653480061844,771.6986778380677) 6
(332.84000506451173,869.1475882395202) 5
(1000,909.5090606789338) 9
(502.7888036704556,332.44706903873464) 7
(507.65841629303696,909.7639884924827) 3
(427.89649391649925,19.816048271956788) 4
(510.2134977582482,13.554232421499421) 10
(641.3802938726577,505.4845884957112) 8
(403.18217464561405,496.044048211658) 1
(726.4739402370205,521.4696000151746) 3
(429.55513666864374,759.1571996579604) 10
(480.50518283455534,101.41821041397174) 7
(116.83447483474703,662.9200226765256) 5
(1000,422.6859947520272) 2
(977.1267552807914,371.8909545087248) 8
(610.7966893092387,1000) 1
(468.6957781207169,30.854321359573873) 5
(150.6724972507945,642.9710963887354) 7
(474.56514018805325,851.383884279596) 6
(676.7594498835674,729.7931812801249) 9
(195.07375711752508,238.14972919690837) 10
(877.1649724181433,1000) 5
(357.8446923970077,1000) 7
(380.95011844176986,225.56336409559583) 10
(275.3594106857023,0) 8
(338.7687993495694,411.57595883586964) 6
(549.0726210453664,170.7637741752908) 4
(405.43655389191855,758.8308385288472) 3
(127.20487492321911,765.7624514533857) 2
(818.7202981458981,652.5811119598516) 9
(1000,134.6316289737848) 7
(1000,137.10016655510498) 8
(1000,391.2783826142068) 6
(593.8673332881941,596.3168891252224) 8
(1000,300.6465982050272) 1
(540.7433797309263,407.88466576308053) 3
(557.2569222544222,371.23851653884066) 4
(740.7133656872951,738.6940120833451) 1
(0,430.7154209708783) 3
(440.8882616175447,0) 4
(1000,823.6304610427721) 4
(0,1000) 5
(809.1467458425468,301.16649907602135) 6
(646.5729945001651,0) 1
(527.8498740300188,536.6822846765598) 5
(130.24986378488148,34.56518279907539) 5
(388.5892716509669,616.6322177789552) 3
(661.018442218468,217.5082373093216) 5
(626.7499033880903,271.0424600678826) 6
(815.1864229246412,25.93212041057103) 3
(173.44978453271312,705.9870641920096) 1
(449.17007275631323,41.26552483661072) 1
(630.8353647748436,0) 5
(208.5742411952649,7.6967790557415015) 1
(1000,886.3250423106911) 6
(980.3009175050177,500.63950375708373) 5
(602.0968900138906,780.1007409958389) 1
(1000,712.9262622252459) 9
(212.59611459860014,540.4249371180767) 2
(784.9228694035409,554.1265314661691) 1
(608.5051800380252,278.2308754592883) 1
(606.3828134912982,1000) 3
(364.3134156705954,280.9185865764441) 1
(550.5570633350472,153.8076862236241) 3
(267.18571849775384,304.68858130572124) 10
(122.99455582423565,423.59220344637066) 4
(1000,825.5307396048543) 8
(6.39730316243589,503.67328859249994) 6
(605.9356610473083,440.7630591073887) 5
(686.2750674564239,1000) 8
(351.7750000005129,524.9527825540939) 4
(389.84882072825087,223.14134108307627) 5
(654.3643958396171,514.6419748625093) 5
(616.4946051004231,358.7549004217892) 1
(261.7466070208788,1000) 1
(149.6504329902496,353.88127737334503) 4
(460.3783261127077,1000) 1
(574.2753829603741,1000) 7
(452.8359312998033,589.4392347350192) 6
(30.426631749013495,123.90090417703732) 3
(261.6698430063064,859.7995108627242) 6
(898.4202831486089,420.54942540649694) 2
(734.2436459624054,290.07009031444903) 3
(920.3387028618095,661.5004086155884) 4
(368.6120332261469,444.9163157765339) 2
(745.2303480957336,295.12484855687364) 1
(859.7106911458366,617.902721903479) 5
(732.5580052342322,816.5364762563545) 2
(924.778157403159,110.12913388507422) 1
(480.2007237763422,324.4463492842882) 1
(162.94921164998232,0) 2
(851.6823984918426,109.20205204706019) 4
(974.8096377546598,367.42881841893234) 3
(819.6769358801082,1000) 4
