1000 1000
10
(0,0)
23 160
200
(889.4180357403213,785.9776566252438) 1
(544.9064205944371,887.9112281427422) 2
(13.216258242757647,344.53618854714773) 2
(76.53904489469807,355.6085951164872) 1
(857.5676691311169,269.2799970997903) 2
(921.8462674953239,645.4906751024321) 5
(537.7846565044214,823.0103920685074) 7
(701.4284909052564,803.4042557837785) 1
(288.3594696625297,44.174865146617776) 2
(776.8067765802587,98.98859399589969) 7
(525.4565476213774,174.10660342554434) 6
(222.03161456037867,443.00829060979083) 4
(990.3998765548821,322.4987070552407) 9
(0,930.5750964367105) 2
(101.98995053543217,218.99880437018527) 3
(446.4497876976633,595.1600475649815) 1
(478.0083470277184,665.9901049808814) 3
(0,950.1748073568008) 1
(912.2807258855037,592.3832960164477) 8
(739.0373011279103,824.0686573434124) 9
(324.66495811154783,756.7883515793917) 1
(332.57860813240563,851.1453879271409) 10
(512.0690045765414,838.648074985486) 1
(568.4605523454084,117.3762064893171) 10
(1000,424.7090291454879) 10
(311.91688590023693,524.4539890455434) 1
(508.05046305177916,298.3180421816677) 2
(671.475815370531,0) 3
(706.9579619415913,64.3246103132185) 1
(678.7753268411655,667.7286737804559) 3
(0,45.991654156310744) 5
(758.0034155745055,313.66882303444356) 1
(849.8801085711109,748.9935016669663) 4
(659.9116428913153,404.9168369466372) 1
(449.1038672200377,351.52730944147663) 6
(469.65833025662045,449.6576425748289) 1
(215.9972848899095,905.559371958567) 4
(720.8231745922336,931.9613861479323) 3
(621.8498601589855,534.7842498291916) 9
(103.68870676320694,646.3886868023578) 5
(358.38692825522565,278.46991300817905) 4
(338.56637587774185,407.4848647573218) 1
(724.6456995036585,112.65528371706972) 1
(275.02912612445357,826.0579559934918) 4
(441.28259479754166,534.3625880194131) 6
(219.60847919213444,874.8132908860271) 1
(442.39810393765015,208.86791270243396) 8
(765.0343778857244,405.9561573747008) 6
(30.64242705843469,251.05496208669493) 2
(460.66485186477917,32.403708929913705) 4
(380.9902116145812,1000) 3
(248.07260970386244,38.67823735454891) 9
(247.3653419488323,0) 3
(964.930264835846,743.2241047883792) 2
(563.862758368912,115.85619714840465) 4
(640.6761504260733,0) 1
(654.5645010359491,508.0000549202429) 7
(733.4967153112225,380.8460542520265) 8
(190.64881277934438,1000) 6
(699.7523959263881,573.3900737390702) 6
(623.5661602247635,249.0764034475972) 4
(519.9343034607836,749.3080792928781) 2
(0,0) 2
(531.1285160644002,930.7056578976619) 8
(956.2445456968599,449.8129061775315) 1
(0,317.866312193406) 2
(0,378.7284350215074) 4
(956.4680927174145,390.5285109974393) 1
(614.6506325326388,1000) 4
(1000,840.274647102594) 5
(868.933975345552,116.17120630985738) 5
(333.9962591960758,631.6663142216911) 4
(671.2228856300223,531.9079303260721) 7
(0,611.0254671929671) 6
(420.7809572191589,169.7817119783569) 3
(941.2363159246011,359.57624822700245) 2
(389.07244314216746,203.25172079317178) 8
(1000,698.4475514407449) 6
(0,653.3645125022173) 10
(479.94965466737375,691.5508970437586) 5
(359.1081974116413,612.1404354509943) 1
(633.0470423935191,1000) 4
(680.426242637149,505.31568039571874) 1
(419.3378661472864,0) 7
(241.83401693593123,797.6052295400227) 1
(201.85066500735246,0) 3
(802.2413225579122,642.4567941984475) 8
(0,859.9842371615962) 7
(470.27767436268755,712.3933654926964) 2
(519.4589129891109,266.7208752185355) 10
(708.238814443854,547.7914864857504) 1
(533.5017239942374,290.2094138332169) 3
(532.0057262237243,205.99924816852757) 4
(242.11144687111647,768.6664787726697) 8
(0,757.0420714920829) 5
(26.151392681229538,240.23829650799314) 1
(200.56162907842577,157.02918295411803) 8
(379.08765082742974,450.5648763876406) 4
(535.6273219538607,218.3562180974394) 4
(852.4093703883855,536.6864903638724) 5
(910.5738819312821,720.9962368223146) 3
(153.29926892070807,420.2113329066786) 1
(858.748101111536,382.33379306026256) 2
(434.0605183452559,336.6716848503334) 7
(492.3196875170225,912.1452940183204) 1
(287.31127623275154,753.1392967263837) 10
(849.2263912241958,1000) 1
(866.9392665117696,476.908731926769) 5
(192.96256195882398,126.60089078925711) 5
(0,20.70063037155313) 1
(960.3695898947487,453.3268238692984) 1
(433.1186336411317,586.0445222388059) 3
(748.3742918177257,972.5054873994152) 1
(725.9747285910483,278.0671093271907) 5
(776.4972630246054,470.8688163615088) 4
(244.6877148228633,598.1597114968527) 10
(353.1665840196912,517.6956824889339) 8
(113.25857491359875,226.76725902443042) 7
(845.0201889867369,276.88263224912254) 2
(918.6106377023416,103.0103766876245) 4
(299.69269903811005,0) 2
(0,222.08883081679772) 6
(864.5682029066111,844.5115347045783) 8
(415.8307227251348,636.1007491825058) 5
(205.3939893709507,69.6590774142739) 7
(768.6678971717008,1000) 2
(934.3382462244617,912.9241995347387) 1
(472.73093046629657,127.34903536007914) 8
(248.73645514776678,1000) 8
(340.1888328183373,1000) 4
(0,682.1504168572563) 2
(557.8500769788185,684.7582222410274) 1
(344.73285858154253,232.2521185259492) 7
(357.2237270746291,320.0393043162933) 5
(748.473019483888,204.48527075189656) 7
(359.6306559076302,190.258665414108) 5
(426.9508000486438,128.81286303091548) 3
(335.513176273947,0) 1
(735.1960225625337,881.3813158125391) 4
(544.423439496958,488.3386295350165) 6
(274.0484751078531,336.46621185645944) 5
(452.4958321395927,344.912526867064) 4
(901.018028675456,421.0709397235857) 2
(614.3350082897875,642.5437502166864) 1
(84.45056217196719,320.226562725607) 10
(608.3265334364783,529.3846372053221) 5
(736.1911685247657,877.6679977072429) 10
(485.79909727055457,218.2410815751096) 8
(1000,722.8505630449811) 4
(214.36647409524267,280.4217278328425) 1
(332.15042335493115,0) 3
(631.8980828651553,0) 1
(758.0025437378389,1000) 3
(730.7888453892363,152.42230162008667) 4
(647.8138870639449,853.0619357669603) 8
(417.82765834661456,528.8114587541472) 1
(589.7041595920892,248.08974747332388) 3
(360.26290816184974,878.6357161504822) 2
(497.1152790435051,674.0277964841725) 4
(238.00963642874677,458.10631556458117) 7
(741.7515433766991,715.7521641981576) 5
(606.9008752571511,589.8695523731215) 9
(613.5004381766771,300.7127340204102) 6
(69.26156738553414,936.8441445949959) 4
(303.51863604684075,376.22510093549954) 2
(419.8228849367309,309.57444691380874) 4
(158.35410739242565,357.40233867293796) 2
(0,90.04557459072026) 8
(445.936936729277,676.4902200148352) 1
(456.9413160243952,743.4697575203929) 1
(906.7135748686183,419.77081225418846) 1
(501.9442984212246,592.6430494319304) 2
(778.0911937744676,447.75599449003306) 5
(850.9833721558814,876.4619414234612) 7
(253.0870773922254,826.2223871690097) 1
(834.4090557689258,120.03129760566554) 9
(517.577127081323,498.6268757002428) 4
(571.7245952597913,534.07182455535) 3
(17.320051020191897,89.16196806863553) 3
(101.95432847935052,205.1727169693961) 4
(1000,908.0554708557777) 6
(389.71010728566125,612.6419615111586) 1
(282.4184651321269,652.6292574289679) 4
(0,564.3215437533006) 1
(77.81734842286534,215.39636794075267) 1
(480.70003351162785,777.2956492681542) 1
(446.84071008864083,264.12592166439924) 6
(133.68839285517504,371.51365768448454) 7
(331.44213997488066,651.0726547915309) 1
(1000,23.866462610651695) 5
(421.1307929616796,84.12517256388094) 6
(672.4826447992868,195.11359964810867) 8
(449.31569532407167,934.6744136288484) 1
(0,521.6086122341858) 10
(544.0934583039043,959.0717050460881) 2
(647.9811252125938,343.99950620897437) 6
(292.9359075079316,532.5813644383467) 3
(260.4816081993706,633.5111068717637) 4
(567.9740978231686,843.1045450000817) 10
(234.72891511993288,222.47307653442164) 9
