1000 1000
10
(0,0)
23 160
200
(215.09864922398486,238.75862423255722) 2
(579.9094906951022,0) 6
(625.8115552639052,722.9905846455725) 1
(296.1899915102281,464.50898829122536) 5
(553.4713622016196,587.2371831059271) 1
(919.4845482763687,1000) 7
(351.6937719984771,813.8835404390909) 5
(0,401.47777442828203) 1
(787.5599228214147,292.0992846527314) 1
(640.4348796647848,875.2456574491837) 5
(942.3067598806188,777.6673436808096) 10
(690.334442598134,536.0125303775777) 9
(828.9288612275645,333.8513624598866) 3
(775.6645490297176,0) 3
(532.4018071759594,891.0172371070107) 10
(775.9307564701403,617.6737323048358) 10
(0,512.5272523134785) 2
(281.51749718566475,471.940337843343) 9
(366.08884036158065,404.4009385178857) 4
(633.9937481248945,408.0331981889893) 9
(1000,1000) 7
(226.34790447857785,521.5583780630466) 4
(230.3546414100208,1000) 6
(821.2310147674921,569.417262972808) 5
(748.2158009126247,382.3470178173384) 8
(233.47394656970818,529.7905181700152) 5
(0,1000) 6
(134.75749288158607,206.36314414649996) 6
(861.4325978051429,589.2792057166555) 1
(303.3176494573023,0) 6
(89.08351211889203,687.1933889316626) 5
(839.5344093994097,134.23656834578054) 5
(131.3905699903779,390.463686979039) 6
(0,622.9762152976764) 8
(688.364508578985,147.85120504735767) 5
(520.3869688793841,745.2359857974293) 3
(863.7785390918066,115.66326535561586) 6
(44.14783554726836,1000) 9
(360.535648328638,333.94757659721574) 1
(99.97924008969773,0) 3
(0,603.8702436906589) 4
(393.5539525232782,521.5941061796525) 4
(32.712482426348686,365.6868781303179) 8
(761.0655250758819,94.71821819323787) 3
(775.3043435716265,370.95565402668933) 9
(473.4760915763876,819.6165391385164) 3
(526.7390434244865,0) 1
(425.07196751639697,352.6908374746422) 4
(293.9927296729795,250.424735001998) 2
(566.6720156127918,83.94467514586785) 10
(437.89371773431156,1000) 8
(1000,7.352194347794864) 6
(95.34480368787513,382.85753997378066) 2
(110.67819087682057,361.1404497524138) 2
(765.9107464201916,890.924823319506) 2
(550.7741051955979,777.7421570797756) 2
(958.1522106969795,749.0364030902256) 8
(834.995050424362,955.2635069981345) 1
(148.56175410363676,43.8550612187737) 7
(291.3383584961325,546.5364539131753) 1
(1000,777.1565378063717) 5
(808.3802632372688,620.8847427223495) 10
(282.65798167098194,854.2949354295638) 2
(931.4713475197699,870.2332218718855) 8
(209.04916928816874,636.8552791547323) 6
(1000,745.1777971446451) 8
(0,434.78290158764236) 2
(89.10421184378066,820.8090046018071) 1
(480.12769854320027,32.196330594396045) 9
(792.1288677506478,59.900775045542446) 7
(412.75601100277095,593.2792660893393) 5
(197.82391615708377,635.9182849924086) 9
(840.3465906073683,118.22492335064072) 10
(388.78083193290917,634.9527249057791) 5
(605.6557130595289,536.8296953602086) 4
(508.2392375674028,322.3623942064801) 1
(578.0296278497343,864.7781151271721) 5
(806.2719009991206,467.83851639537284) 2
(818.1800734698968,695.9743372328794) 3
(172.65919209842764,137.44338624566137) 4
(127.29971135264952,0) 7
(749.9115218782266,668.746090669209) 9
(589.8370144580507,737.6153676029146) 4
(443.57262406286435,467.1290555274477) 4
(642.7216616387805,545.8195863118206) 6
(243.64126004704355,625.5703775523149) 9
(1000,398.23763501207475) 5
(227.2037967673209,1000) 3
(244.4093338038339,70.82612094162613) 5
(985.900247459629,1000) 1
(867.187331369689,359.63103782190365) 8
(701.3430789228743,335.33571323657975) 1
(646.9675889828882,1000) 4
(495.4644130776551,776.2366410556258) 1
(329.5920776883546,228.1248941568171) 5
(565.2547517261634,957.9786708053098) 4
(539.7066081697635,99.21817332120662) 4
(585.6991340501784,676.6800313834208) 1
(622.5968701616423,1000) 5
(944.7380183493918,219.81457330354414) 4
(64.73963986730337,258.3204879065918) 2
(144.4922866616755,654.882289422027) 8
(166.45863882669164,888.7354352706924) 10
(1000,627.0918371879138) 4
(702.9373108231559,214.08996896238824) 10
(474.7541274418277,342.4299383937159) 10
(579.6681070588315,831.078445437106) 2
(1000,541.7922906094296) 10
(139.47943519708122,0) 1
(25.97196314737829,331.97838724188966) 4
(127.53148726996318,877.3716080540626) 3
(719.0726471971908,178.16061518133648) 8
(247.79159566237738,0) 6
(714.4166545855198,876.4107157300402) 3
(554.6361691981572,94.98239994276099) 5
(575.6151507135644,1000) 5
(863.9828547520145,55.788146684779804) 10
(763.579835996557,362.7450406003112) 2
(769.4400717802996,464.5237340987678) 3
(0,612.5135489360284) 2
(517.211648902285,348.5994302058359) 1
(211.19386453428154,111.87222461583059) 10
(766.7162270886813,433.02910896530193) 4
(868.6698309824668,76.52847366792861) 10
(108.0711024446021,365.19761168286516) 1
(393.5820834543933,992.1543213672037) 8
(245.81591295921498,857.2440215844193) 1
(470.7693399463786,285.6060943880477) 10
(520.4829099361209,147.37315685178783) 1
(392.6257672125324,368.9427416782895) 3
(0,512.9686852447257) 5
(352.15835058508526,0) 4
(365.9841040636059,213.1707049830643) 1
(484.6192897306429,532.7306959035985) 3
(0,85.34461257493535) 7
(544.0572878730295,643.3121241567737) 7
(462.3462145929083,584.8953438908752) 10
(0,276.90694187480267) 2
(0,257.2495012624081) 3
(227.19698688151163,454.4395962050629) 7
(529.9551575136474,365.8557623242308) 4
(706.0166763882592,0) 3
(343.26524310563127,0) 2
(290.2223608645969,141.00040862373095) 7
(47.65627072510739,160.39835128861307) 6
(1000,778.3368012519758) 7
(750.2940198268595,314.24001953427535) 7
(769.666052686056,193.43050941071823) 5
(633.5475540428142,382.0241052560747) 1
(272.3590805292438,25.87119971209495) 7
(484.1678263915865,806.2629141257039) 4
(482.55159127319905,393.0058815572346) 1
(978.7866711422203,85.85471226767123) 4
(400.6644403714581,402.01246358885476) 3
(227.4147437765963,130.46424247909778) 1
(952.5833466435545,258.9403204093695) 5
(553.3285023672834,1000) 4
(291.6476443116887,0) 7
(1000,447.69621876027867) 3
(506.1812310151216,340.46050288811875) 5
(747.8866467236941,256.2505882886002) 10
(264.6099237215218,306.6571795924093) 1
(995.3654099836587,510.52143938966583) 9
(268.20085297959963,396.757164657699) 1
(69.62350255101359,588.1625894893782) 9
(0,133.97345139305583) 3
(287.22750723321224,0) 6
(286.78102508937246,299.4751381453435) 6
(276.3022810976611,81.9197519749224) 6
(508.8050238961836,352.46076275499286) 5
(890.3708580412805,662.3002417443564) 1
(892.4967658842086,609.5495747829493) 3
(510.464671809975,355.9803259189259) 5
(659.208816095724,326.4291918583592) 4
(795.549938846291,603.3722066722543) 1
(564.5276097905778,1000) 2
(485.74189693764293,645.9136793649363) 1
(638.0998710742415,925.5006593801772) 6
(451.61675954713957,587.9161184951439) 3
(493.94843651465675,519.7535509241927) 7
(43.8612186342076,367.6370817859778) 1
(0,234.60454448140695) 5
(934.1185854130896,834.1286743304868) 6
(0,0) 10
(305.37281228534084,930.3850491837719) 9
(629.2120471454748,0) 2
(676.1463408642734,855.2606469614232) 6
(201.30472561962978,336.95969218641903) 4
(312.1637220764834,574.242030718041) 7
(395.7221122019971,814.1077707767101) 9
(367.59858883537953,359.8426395976595) 2
(49.258462834268755,500.16737954935485) 3
(54.02991425605802,568.192260943992) 6
(557.7491057364832,1000) 10
(625.4569303098733,728.8129502678498) 7
(1000,0) 1
(443.1225418376816,714.3844055395741) 7
(883.3775476353167,495.73015251483093) 6
(463.68850102701145,794.3752808262432) 6
(217.4136519248924,1000) 3
