1000 1000
10
(0,0)
23 160
200
(881.7383524815149,688.4878323027601) 4
(1000,542.0539341273221) 3
(859.0634804463809,551.3512798834851) 4
(421.824717374557,249.31146617329145) 2
(0,404.68110544117144) 1
(783.2959348133201,578.4164147059104) 1
(1000,1000) 10
(512.0015813409584,0) 3
(288.5298892881302,267.16420229618836) 4
(544.439353009126,769.862137606505) 5
(269.9719483044547,263.9888366760167) 8
(343.8851123289219,313.85918416010185) 4
(1000,647.2618073518801) 3
(682.9800113466824,4.4137697188634775) 2
(986.1134248653811,548.6912718160103) 5
(567.7668726335967,994.2419416027776) 6
(469.44618641176913,703.7274892357515) 9
(554.2069879419695,258.130086987691) 5
(205.4968892925499,419.3925698430115) 5
(0,622.56978158694) 3
(323.22174848838904,926.6737347502758) 10
(756.6726676275983,1000) 4
(729.3368803932129,62.6327458860535) 5
(753.0685880003921,391.17320032911425) 8
(578.276175853644,170.23993788236703) 3
(613.550573750905,524.7167226647791) 6
(537.0380155142404,963.7748309275223) 2
(435.2309450247662,224.27757558275567) 10
(691.7430343649795,50.99108252546563) 8
(710.0789688877277,293.81569306352895) 10
(720.373894393361,141.85516599361375) 7
(520.3586601255603,363.3076206300932) 4
(645.9019920111766,839.3391988030692) 10
(596.936928435956,524.7014271209562) 7
(571.4802679292388,851.9773086292363) 8
(288.41880531103016,185.00573183632616) 10
(368.7255919860695,773.2018413261442) 6
(231.72039022829142,379.1880154162227) 6
(328.4480904035988,307.42364202942366) 4
(1000,370.22585034351494) 1
(763.6485099985789,560.3019678552608) 7
(304.6012016719361,845.0520629692068) 1
(319.52343084995414,0) 1
(614.8132713257222,786.69844270398) 2
(864.7947426614435,571.7878197181841) 7
(585.7846865346721,537.0213846018938) 1
(729.9288379627042,389.94125660126156) 1
(785.0740938620552,328.7107605027534) 1
(1000,609.024130082698) 3
(857.3892551435988,57.58214895759875) 4
(78.74343079613533,1000) 4
(152.12787367318697,594.6905939779325) 1
(223.695811914432,667.863478259562) 1
(304.9250824565596,697.2217999981641) 4
(828.7393285888261,542.98205073099) 10
(490.5617622556602,0) 2
(484.39806067567054,1000) 2
(742.3218695830413,636.3210678055367) 6
(975.5951592725589,796.310355228571) 2
(747.9012508788118,244.65564924092587) 3
(578.4309248505248,94.50120838586253) 4
(493.87853615151613,543.6104529072802) 4
(609.6438777257365,386.44193150178586) 6
(29.664508638551013,269.4600442103722) 7
(99.42084879934407,706.3915794093715) 6
(819.8090313103344,590.4535595165165) 9
(691.7335064459999,0) 8
(812.7398266906739,652.1223850126611) 4
(283.635099794428,639.6250431521045) 7
(0,293.0367244429675) 3
(934.3677132230939,369.9804426047221) 1
(737.2423816473008,1000) 2
(513.2719131031553,615.6529214409326) 3
(664.6182868530944,869.8725160663619) 6
(906.7807279139713,670.4255473396079) 2
(776.60566108071,1000) 5
(818.906794481519,552.0598229094677) 6
(315.5110986368216,603.4742565456901) 10
(948.3048254341351,654.1516505080774) 10
(783.1574449522536,620.7984914181504) 2
(182.557121750347,283.3387719945144) 1
(753.8993605043921,137.23252900501694) 1
(104.22702655226578,831.7163139941475) 6
(829.6158513334644,1000) 3
(203.14025599127314,553.4940492189806) 1
(640.4640165562777,1000) 10
(545.3194850604939,403.52105949229036) 6
(773.1036219634204,404.6089530667094) 2
(516.1451822659855,737.1750434327759) 6
(711.113015087292,0) 5
(767.555155897028,735.2308614585179) 1
(244.70088882706622,234.38649297214698) 8
(128.48557706350573,737.3363151530016) 6
(493.5389081236218,723.4852657815331) 10
(505.10570239914705,542.8739347944982) 2
(0,438.0487672069522) 5
(1000,440.9042487338946) 4
(148.5266874376121,299.1637539599716) 7
(647.8839086994366,189.18383934479255) 10
(562.1962539369354,277.236818405401) 5
(97.22870577685751,675.6875488493279) 5
(0,307.825737161301) 5
(548.6174700105674,893.4118368268907) 5
(706.5016689997459,650.1620353045925) 4
(800.6452561088133,367.6907613747414) 5
(282.988066403498,78.26555029779132) 3
(486.06839894869125,560.966623444962) 4
(229.78543043633675,788.9219722320802) 8
(329.91727481392064,136.96087928279104) 7
(412.836542844559,561.6040637374326) 8
(530.6503713487807,819.7851730148598) 2
(315.7778909921326,0) 6
(198.40304227051564,697.8048292819005) 6
(504.515952740223,568.5283995266053) 4
(360.42541564915996,0) 9
(144.3089823778854,256.8137337946565) 7
(391.1265927632001,591.3991751705676) 3
(395.20859053867224,401.38579307757834) 7
(304.50722830052416,512.0074844816128) 5
(0,347.04699243240844) 3
(317.7876169298385,25.5875474417158) 2
(709.0568806433048,300.4443466473713) 7
(203.25548814264772,412.93377473777616) 3
(484.7537721942058,39.32896212389585) 6
(361.4233243808626,627.488028936949) 1
(432.80065508607953,202.6697402536575) 4
(65.5673671737959,282.5937913167571) 5
(435.7828706933973,1000) 6
(751.3893167985686,349.10176493461233) 7
(936.7531536196324,800.0194794589385) 10
(168.52597587723506,585.1545190335935) 1
(569.5611626774638,200.59204287198224) 2
(387.2535544351869,453.33883199634624) 3
(268.53263757106646,413.2887452494504) 9
(242.24144719620028,688.2739593354784) 8
(175.0312317383395,639.2860563893538) 5
(189.16179805125142,151.11513500559283) 1
(0,705.762893210995) 7
(545.598000342643,577.0613197621063) 2
(552.1214874609484,1000) 1
(486.52591223705593,324.5775566607929) 1
(811.4529062457079,604.4412185914366) 1
(753.9072816926009,551.7054600568897) 1
(1000,744.1375606286055) 6
(267.0647556986128,226.92293289411316) 10
(1000,862.888353782231) 6
(160.50840078262678,249.93101992369827) 1
(546.505684116119,647.7158841362303) 1
(734.758473441844,865.1303813236427) 8
(657.9786092511263,204.7716100682108) 2
(195.7364039356388,709.3774037597402) 6
(386.7593995670875,640.8311336963657) 1
(962.3018320873759,840.5486226366687) 6
(290.4629367901204,819.784137544861) 1
(392.37711849524374,141.62058646742474) 10
(243.7991389344313,197.20878457303633) 1
(575.2347313221369,675.0959084604954) 1
(404.48077526771294,139.47576533084327) 4
(452.2063403335058,838.5645139454562) 4
(0,736.4657525173749) 9
(714.1171337613212,506.06840017472877) 2
(0,348.3848481429286) 3
(0,238.39691511562665) 3
(261.6621514332511,769.4951592505357) 9
(458.5393579987742,848.2426278773282) 4
(239.45264594290762,326.45641303587763) 2
(231.861465589953,2.550150930119514) 1
(590.5337684863001,614.5312375301417) 5
(0,650.9740977830714) 1
(316.0461145941677,994.64698737854) 3
(317.41596272541847,751.5076410471448) 3
(1000,773.1729222747681) 7
(0,243.8040539301424) 7
(1000,504.3607251873344) 1
(77.71087292259512,1000) 8
(1000,823.2365829619887) 7
(713.5361709604404,804.4625441769783) 7
(39.810267040811596,615.962235174663) 5
(147.9114331054692,118.85885839352414) 1
(475.00535643837344,0) 1
(0,450.3407212381558) 4
(502.45451130431456,436.1875468609019) 6
(378.7263606472024,427.22404718828943) 4
(1000,89.7418630224459) 7
(366.9395650156895,326.86681903079426) 5
(166.97665350724526,872.6247662110306) 4
(291.3131279315671,1000) 4
(394.20734189284394,576.0830634553483) 1
(649.2022957328692,1000) 9
(479.38260525348716,1000) 1
(817.4164845335515,481.00139955043085) 7
(431.8065462035383,581.9241884269967) 6
(0,153.9221505303061) 3
(899.1289537601061,307.75507174903856) 4
(364.8422717105808,889.3873362668598) 1
(462.98296354931347,741.8345792035967) 3
(496.8326905939664,820.6599192949822) 1
(327.48196405775195,505.2760877417521) 10
(248.48128808835017,496.7321337351446) 4
(493.39395961574365,441.964404045201) 1
