1000 1000
10
(0,0)
23 160
200
(96.59103993039383,0) 4
(399.43804946308535,656.0627929652047) 7
(544.1660246875285,117.31059624720677) 1
(1000,494.58217186966726) 1
(640.1567030096181,167.47086913738758) 5
(756.9357873457724,5.674165520102179) 8
(223.12527385740185,368.1917404122879) 1
(465.6773105784918,0) 4
(314.7281504330628,616.286615198636) 1
(342.92755024745406,581.1027144750826) 5
(102.26075482221631,341.62763781622215) 1
(842.6056808458302,235.8070645162063) 1
(571.9265487552675,699.4545413969767) 6
(392.3494254759679,31.982057293609785) 5
(602.8092129199889,0) 7
(101.06062470423785,188.5113115592244) 7
(576.6648600435168,609.3107305372098) 10
(819.5512653390963,112.565032054541) 1
(192.57652905037673,128.04046269810243) 5
(1000,254.15456614002036) 10
(700.5261621148335,868.7579028721356) 6
(1000,367.799649202988) 4
(861.4448589818184,968.6256688104926) 10
(1000,875.4003538134261) 4
(432.8263017169395,791.2993836914393) 9
(21.111185965762786,822.8685322245592) 9
(819.7471644127627,376.69880322061715) 1
(482.56818807036456,570.7383438854678) 1
(537.0263605232904,319.9847261217078) 6
(232.01217525423056,980.1759530257646) 3
(244.0708119178258,225.86529779054575) 10
(55.980242373279225,634.3266768158554) 1
(872.8822647788008,350.43300583132043) 4
(539.8872062636893,835.7657506382451) 9
(71.09013914735175,427.68749681082613) 4
(776.7202643066889,670.4725241803155) 1
(554.0186313999548,501.91678054704255) 9
(463.82932146525894,397.50377130439904) 10
(628.0749330789147,462.6329230827826) 5
(0,39.07695236344745) 10
(584.1787031518165,336.9212490388642) 8
(597.1552175810587,1000) 3
(725.5311746672071,272.86958393912175) 1
(470.2966374428749,233.11039170785415) 5
(670.2982834483072,972.0502089645007) 6
(548.2549093972618,525.6111449549888) 4
(117.25831820690746,948.2148770265218) 5
(408.734211424566,927.051051553804) 5
(515.9143492897834,235.1320226926622) 7
(0,299.94776977827013) 9
(235.77711639352782,324.0860596982527) 5
(941.2546544315359,1000) 2
(970.1268402144847,367.45436067477317) 7
(0,1000) 8
(808.2299710990783,304.70988845280795) 4
(403.2148049320022,445.67415535567363) 9
(601.228258687623,950.9916577473343) 4
(413.64684177081193,748.3751055943279) 6
(417.39180845491654,877.7994791144351) 1
(685.0298776520922,580.6375330107782) 5
(777.583737124787,439.55678824829243) 8
(565.1000135147258,383.6849272076843) 1
(314.9151446024422,567.8584895601459) 7
(121.61784144044987,388.95559373973373) 5
(530.066318726539,924.1754795964491) 4
(916.6571583306093,165.6981583263244) 7
(564.2815697297189,0) 6
(336.3410336169969,587.5185882957292) 5
(264.3210696090769,243.22567637280957) 5
(0,725.030377194174) 1
(157.7084367883079,542.9606590022227) 1
(1000,963.1787961723493) 1
(729.4495016644128,245.21440709430976) 7
(663.0763903041711,615.1562560216585) 6
(0,704.3580415850462) 5
(853.2968874258015,530.4317142594715) 1
(456.3583756617401,737.070438447544) 1
(221.2361019857367,355.8236888565779) 2
(670.2022438146381,0) 3
(723.3567814131263,403.387234811623) 1
(510.11698238320264,717.0989752964585) 7
(554.8119652286142,620.5196743967429) 4
(36.353102589160585,725.8805745079022) 1
(370.4377422383679,578.4074617008939) 4
(629.8434663387186,642.1356289493872) 2
(656.4060437899501,275.03549538380037) 4
(298.35272547135776,578.5562628668328) 5
(363.3612349873031,0) 6
(118.03737001905057,492.32119624267125) 8
(665.956917164269,475.4499111010389) 7
(598.0571182462045,425.9971994848408) 1
(952.7603948640576,519.7540998145967) 7
(39.39097619945477,1000) 1
(399.18266534150393,288.64716375121867) 5
(455.0575167772318,471.4735116949538) 4
(141.71145792596292,381.11089720247423) 10
(316.9227586046186,0) 5
(24.420420340560554,276.5588686324121) 4
(16.09290737489448,639.037990207931) 10
(264.9165330288317,699.5458746231155) 2
(544.752656256587,0) 4
(0,495.5022874177802) 4
(122.74675874517652,76.26578953833678) 10
(930.4468427567117,250.85626880890445) 9
(709.2854043376526,439.09019706006205) 4
(148.94946455625524,873.8702643763407) 5
(514.9135455131473,502.43180378213117) 4
(256.8484211864359,912.3409526624374) 1
(722.4386754365466,290.74308428424433) 10
(216.69272740937754,742.570957817121) 1
(101.62692981493439,1000) 4
(412.5977670221608,673.0394495495241) 1
(712.9548256506143,194.22069951957224) 1
(47.931490004166335,226.0393392935208) 9
(12.219215325453774,654.223425550744) 5
(860.8567579684302,617.6366296027048) 10
(488.8073151219263,0) 3
(1000,525.1227507259426) 6
(515.1246415005259,868.1530268338572) 9
(254.5382759644855,661.4802040958568) 9
(0,599.5861078309148) 7
(152.12636106751842,771.3006981031117) 10
(166.98050714219647,454.7340791264124) 8
(710.8043993875522,843.1279228052391) 4
(0,549.9645339660696) 3
(647.141787028231,13.558578580579535) 2
(296.3074045650462,535.7123858830456) 1
(352.7285792985846,56.56394825151898) 5
(657.2187595324176,787.3611675037488) 5
(745.4203405780052,1000) 1
(0,887.9217330282452) 8
(793.063937007402,682.8408006255277) 3
(43.34098963585694,451.39952193688436) 4
(153.89264210447828,0) 1
(246.58118441187347,719.9233615116162) 5
(166.2933617029019,546.4973232737863) 9
(372.77526465776464,439.4417313548348) 6
(374.2468400810616,553.3052163119195) 4
(853.3601549179443,0) 4
(312.07963977221254,815.994468996423) 4
(414.60598951331616,745.8149324022111) 5
(742.577919009178,314.4546698447017) 2
(715.9986816771309,850.3217240102358) 1
(402.50801130406023,69.87913593897366) 6
(1000,937.8703201499383) 7
(333.4903972007197,225.26864792050185) 10
(1000,364.16045937928993) 6
(874.6235126435123,0) 4
(149.08448729912539,194.0853101873235) 4
(379.8786998471144,50.76266882098696) 7
(40.53209208464625,0) 4
(440.52549706808946,648.6702970794519) 4
(695.7468196666683,558.1043232055756) 5
(210.04640030368387,458.9798548923276) 9
(269.0711093219977,446.9204939005667) 4
(3.863798454270409,671.7946540379907) 7
(383.218050780545,335.2181971619018) 7
(351.3899332429737,1000) 1
(455.84355863757435,0) 2
(853.1027718320527,638.9528819047723) 1
(0,598.4439587946416) 2
(565.1153869049598,363.83469175527694) 7
(92.75761299292509,546.2980374976165) 5
(384.6605772921361,290.09564165196116) 7
(376.7376972172383,940.7641020552051) 3
(553.0647810647935,1000) 5
(721.2077590022129,341.26735099586097) 2
(901.8561331751586,381.40893543248376) 2
(1000,553.1345449070328) 2
(644.365101970358,0) 4
(669.762262654376,425.09195499563486) 1
(853.7436664149077,265.3750037579123) 5
(5.080111650590993,580.8438665281877) 3
(0,296.3461301423374) 3
(401.61326791229476,771.2905533989967) 3
(756.3012932114975,608.7734552499996) 3
(0,391.7993576569256) 3
(1000,614.7428811439056) 3
(1000,351.8857158788038) 1
(519.8267540373907,0) 1
(925.0830564359215,926.6292959114859) 9
(883.1069271970015,907.3842233374207) 8
(1000,0) 7
(205.4593092608361,245.5813614253987) 5
(1000,181.15427416541348) 3
(341.4032951042034,130.820469301267) 3
(593.4507294063742,309.7721400384428) 6
(686.8481610677858,422.80378198617166) 3
(737.1112723261508,284.84618835714446) 5
(1000,441.7891779279583) 8
(351.16120570310306,221.32516523196517) 6
(363.1313547645751,479.0921771028526) 6
(294.3117274112103,113.48651595308218) 4
(63.76048444929262,0) 10
(692.0831839784735,941.017198982969) 4
(367.3796620189617,541.3230797653915) 6
(686.2555346269444,41.63139061153106) 2
(961.9807171042507,632.9925548266859) 10
(732.6559957715235,774.3280166123322) 6
(261.1354129326931,1000) 4
