1000 1000
10
(0,0)
23 180
200
(718.567853064018,623.051847230844) 4
(446.89444268588653,119.57284442235402) 8
(499.27235213420124,442.8562528247282) 8
(769.2535495591903,812.3580719089032) 5
(769.4008913398939,346.6777628088962) 8
(289.2561856708031,659.669291068826) 1
(368.805393597067,138.76962627508027) 4
(726.9459560494948,0) 4
(297.07514904210495,537.5629542069875) 10
(669.7195921569873,1000) 7
(448.72416182402213,370.6529204362995) 5
(631.8499509050906,633.7077655428268) 4
(718.7626528870612,130.7461045925353) 2
(387.68197210246205,145.43817757591916) 1
(679.0576140782587,854.9762404625831) 4
(226.9720381417668,250.545837149251) 9
(391.8293482368681,268.5836321982151) 6
(301.61028375981516,128.05015199436025) 1
(361.33476393199254,545.9038042084787) 1
(932.6101062528182,460.55523019442757) 4
(0,443.23269987283317) 2
(206.6146704081449,180.50702944102903) 3
(370.02454423907454,136.95251992386193) 1
(871.4341337424846,77.33656035190319) 8
(478.84600295219315,417.44411340111265) 3
(232.3217903992911,313.3008209486876) 5
(783.4230471397793,840.1557580707322) 2
(1000,448.13003342411) 1
(314.55486586360837,0) 5
(234.61920913537165,61.81171896156769) 8
(587.4181104935409,884.264602636325) 6
(202.94033804850864,151.17700142247213) 8
(440.8446555266164,496.38364989201494) 8
(207.16375701211024,831.4217819688454) 7
(323.10087120290166,702.8166449326737) 6
(317.037291822793,1000) 3
(448.946904589804,1000) 1
(103.83883149032295,896.2475503277857) 8
(378.1181634371826,1000) 3
(165.53910525955303,241.3649680693847) 4
(522.5083946853044,692.4648586752118) 1
(705.4024015082884,352.4733453651476) 3
(865.4470730151521,377.1938850442373) 2
(76.28091256048475,824.934221470909) 2
(533.0239763386289,571.6413862750588) 7
(545.6483358911181,682.2656231344263) 2
(481.1517539680748,76.49310546164219) 2
(847.6443606890768,705.9936245775933) 4
(303.2904285765932,811.1354794940768) 7
(1000,341.74502608324246) 1
(1000,643.3799078099019) 9
(504.17653939993033,360.692441930223) 5
(665.409608137438,202.59787807138247) 3
(51.519378071178835,563.114402223812) 4
(529.9025813230428,685.696073647996) 1
(50.172643584361026,608.4663971533705) 9
(405.11389942219904,678.2062250221315) 10
(823.6506439692623,379.4123888386292) 4
(807.6448094297025,288.1010195708283) 5
(1000,672.7577471823178) 4
(268.77428678165506,721.6080758733297) 3
(810.424592890558,190.7974034566338) 7
(136.87928026545308,245.26730396506804) 10
(0,704.1749326721448) 2
(447.5087695912018,84.61764867201407) 4
(1000,677.3097933197299) 3
(501.77942603168714,269.97457391233854) 2
(637.9375401828981,841.460493185038) 5
(1000,1000) 7
(388.0617353317162,512.8492722410602) 8
(276.0069059318769,739.8071244417742) 4
(1000,257.25532471089673) 1
(57.3006024875275,194.40041859178882) 8
(760.0718887264243,657.6041549531009) 5
(396.16537326799806,378.1931684862284) 4
(156.39805834650093,1000) 4
(218.88670434269693,0) 6
(389.2411809490046,247.96948489991937) 6
(606.4366939955493,522.1326080228099) 8
(580.6074665462623,735.2767564263604) 2
(906.6889368380422,160.67240276571783) 4
(525.6611383288868,225.97108872067912) 7
(512.8933590082145,507.67673943253993) 1
(624.6312331005405,980.9368046084824) 7
(660.8058553855627,1000) 9
(789.9516234718227,796.0192163104496) 8
(318.92070657096167,558.6906659076426) 6
(473.577370315036,497.5179505342473) 7
(522.421781529628,371.36355357483495) 1
(669.6059048744578,535.0212260746923) 2
(442.5932435542763,779.9374805621185) 4
(545.7194009192254,0) 7
(290.6425278787697,187.31570962505225) 3
(0,541.4749448648686) 3
(802.4818848085954,339.09093174985014) 1
(1000,884.6668130297187) 4
(494.5831749100528,206.2608111776525) 6
(535.1326850930182,628.3162059959598) 5
(154.98896592175294,155.73323725709162) 3
(407.1853308860939,449.3225205570144) 9
(368.80964117128747,242.86262614927836) 5
(360.37429034200693,591.956680876345) 6
(830.943680746289,539.834659917271) 4
(0,281.5118630779416) 7
(501.1182833489791,193.68352388673765) 1
(589.8029185658095,413.6025067007114) 3
(519.8647759141204,612.8132732012062) 6
(1000,264.1513067502293) 8
(0,360.1597902794813) 2
(470.49169849239,0) 4
(299.9755753978409,806.8018465553835) 3
(610.9392844434173,426.3951400011666) 10
(562.0211389338998,460.31897322871794) 4
(428.0132088352017,159.5635392314108) 3
(825.8670388302289,391.61480687914934) 7
(726.1120256959779,303.21266755283676) 10
(363.0691121844424,0) 1
(773.0788566228174,164.83253268304827) 3
(887.538732067466,732.8477149660237) 1
(93.99106123184953,528.2191375392831) 1
(686.8661811726224,279.16635793830864) 7
(410.6863617939864,166.92210306038447) 2
(403.49829855892995,351.16919217940847) 5
(220.70062802828033,546.9812465209269) 5
(1000,475.14454987259387) 3
(280.1059306559584,908.3378633255209) 1
(88.56389459864693,0) 9
(0,226.00611971053456) 3
(1000,956.390289874952) 5
(670.1505234439575,576.5016385870808) 2
(528.4920488264484,477.61871898399505) 4
(0,169.52051000814402) 7
(1000,328.58612380914957) 5
(598.0428049996876,666.2088931112885) 1
(774.8995292395113,578.4028798185868) 1
(642.4647003527459,133.8728660888023) 2
(442.5305681592673,246.85745082323797) 2
(568.4639703773332,786.5990912775591) 7
(693.6520965541749,1000) 6
(270.14924271667894,211.79456867450665) 2
(101.92921220580615,486.1882801546379) 4
(503.4286690907826,0) 5
(467.9759174386854,203.67908881546356) 9
(102.70687108761456,1000) 8
(670.2651167403128,220.2541025713901) 9
(601.7626851876421,426.71954339463116) 3
(509.49878737182473,157.36598491162664) 10
(29.895560538882137,1000) 3
(366.45215598425534,0) 9
(244.1436589545252,341.91059301486956) 5
(313.16299082241,530.5232530196201) 7
(211.11862743273417,422.115703069304) 6
(390.5280495680169,263.62016660574636) 3
(547.8009121233214,587.7622831131039) 4
(134.48803769850105,261.65485336431954) 5
(0,232.35184846320004) 5
(184.85544217498392,396.28059973491145) 3
(362.55996507630164,969.4582105791364) 1
(474.7318582282515,893.5739806314656) 9
(223.5217361726357,152.06162399654744) 4
(808.2404900559527,0) 1
(1000,366.3882769030094) 2
(605.4810277371045,611.4155457676043) 1
(207.52393728266497,794.1353252867302) 4
(313.3354768369767,0) 1
(969.8221058857057,1000) 3
(794.1194114555424,958.8990600495997) 5
(429.8590439721169,846.0520291536072) 5
(737.3001055703837,815.2237609409167) 6
(399.1190505307346,521.3286431220374) 10
(0,165.9208796085499) 3
(427.71892126171184,908.1767583131002) 1
(492.5346116183068,930.9349193872182) 6
(468.3039458217743,510.694948430909) 9
(0,0) 1
(441.9696982716733,0) 6
(704.8153248778843,414.7047901010036) 4
(1000,514.6639479148547) 6
(346.96972854089995,847.8547689226012) 4
(827.9349504023472,383.3032362546558) 1
(0,712.6349870771119) 3
(245.2790586093795,560.8122247647835) 1
(309.7147269479751,0) 4
(167.42973208952793,260.86609649975946) 10
(449.0619392895959,533.5501201990693) 5
(1000,773.0311024547202) 10
(0,808.4686266617028) 3
(426.41792607674154,577.4010704304933) 4
(575.19497490865,1000) 5
(421.43328234644065,455.6407757960128) 6
(1000,873.4830963717513) 1
(695.5618713619876,181.17050138999173) 6
(800.555273897701,492.29413739279056) 6
(312.58171280775326,695.4335774564435) 1
(312.1625078502532,53.0497866666401) 2
(13.419431586107521,638.5171174113325) 6
(305.5242696272302,380.1100424944341) 6
(672.1232429465801,544.6607912009578) 2
(613.6420709461402,605.2576256033749) 7
(619.0086288031042,365.8215730890588) 2
