1000 1000
10
(0,0)
23 180
200
(78.6896545200961,848.9857432804531) 4
(379.95807198342743,612.2625926744294) 7
(430.55723940417477,367.2783591184589) 6
(611.1500891132018,0) 7
(992.5550895732255,475.08591465084305) 10
(944.7902292556117,945.9888824186211) 3
(679.6712957647196,277.5134958827124) 9
(510.85058475986375,224.88271003084685) 3
(1000,0) 10
(185.49066952224535,408.4586797602444) 6
(713.7526381480791,444.02172998758414) 4
(692.355231759232,729.3134536818804) 3
(734.3959103096815,0) 6
(450.17621681342763,546.2033490904932) 6
(613.9297279467983,74.82283786562476) 5
(1000,650.9806148989014) 3
(543.2199541134231,881.3638602983008) 8
(694.8711841902773,359.07220585670234) 7
(480.5424832139282,392.37558744164414) 3
(1000,829.2004937243698) 3
(980.9095290594119,156.6652241835912) 7
(1000,255.97638094840593) 8
(524.6091324810864,610.7712559661759) 3
(217.40038304045015,221.2559801424477) 10
(126.30358398024134,429.68741413485805) 1
(289.1463180531954,606.4190545369736) 8
(297.08151124594553,0) 5
(350.91379156908783,487.1435729159567) 4
(531.6668951929001,0) 2
(1000,1000) 9
(41.95333999678104,580.197932770918) 1
(215.72388208905636,1000) 2
(293.01457358504456,473.30915450926096) 6
(422.42266717584886,450.31362005473886) 1
(538.9473633880294,1000) 6
(1000,570.2193751383998) 5
(416.4861493140604,32.255141598037085) 7
(194.70689472993638,438.8868835051199) 3
(224.2465134113953,666.4050105944459) 9
(0,100.37011023005624) 2
(880.740143765774,0) 5
(394.98559427039874,789.7020849542632) 1
(611.2464675026805,854.4109022509324) 7
(575.9694363016613,516.0055591186747) 5
(1000,276.0140649068734) 1
(663.2867374866623,715.1109612845569) 1
(155.9964206030246,702.9246313849766) 4
(708.9998372473892,637.8626198659075) 6
(876.2363223605457,472.1433935412405) 7
(934.37403998099,6.617912618265507) 2
(325.2671020172694,122.98008371424277) 2
(782.8100630731489,585.9224857239001) 1
(501.5467231589408,236.82781537938513) 4
(912.5567327965102,395.2743050703167) 6
(545.211755363204,0) 1
(176.742645786654,657.5776461474637) 4
(655.8101062856352,769.4517641588736) 8
(812.135902831955,563.2464498696215) 3
(673.0653189256436,953.495563247563) 1
(924.0951712780272,164.2269917907849) 6
(130.72144721802204,737.3843546196008) 5
(802.2005509992548,361.61824239096734) 5
(301.79062478796925,983.6076527230589) 2
(1.0814613987202506,143.67444406079602) 2
(621.1493586041901,575.8653253139506) 1
(326.0513186206914,392.5860560947404) 2
(265.75577292429483,883.4934551313729) 4
(286.48219233319725,662.6315380378597) 2
(948.9180322150816,683.3430270943835) 3
(0,231.98427796411693) 9
(0,0) 2
(814.344302377857,724.0047688917489) 2
(747.514158805075,338.39734254078735) 10
(608.4476793622669,539.220157963303) 1
(63.791286318267225,642.5340353376647) 10
(708.0917034800676,790.0583749939909) 3
(74.56627584606724,604.8719685481742) 6
(624.7980863529662,0) 4
(518.6671206550119,1000) 4
(67.08234614562497,431.48583827428854) 5
(129.39541740088634,818.4404578296744) 10
(922.2847239999019,487.56614671292556) 3
(926.6035047587371,266.0155841817035) 6
(304.3207349004912,899.7181590321275) 3
(600.7848081162396,502.8297016989681) 6
(285.2383497579707,244.5936266914601) 4
(1000,282.36242444780214) 5
(0,25.721801788874245) 2
(431.3444205805164,968.3287024453718) 6
(478.50926035317616,688.8589657599598) 6
(514.6932908776065,201.94018998074853) 1
(52.59831308769725,639.5978053852456) 2
(321.3872154620203,57.554428276139845) 8
(213.53914396424176,414.2211687402769) 4
(688.3934657190398,347.2926450432635) 9
(454.27538240283667,284.80776669490626) 1
(657.092723842753,255.6277058801861) 1
(446.7114288004233,576.0268990617957) 3
(1000,563.4803182895133) 8
(553.866112133031,586.826845741029) 5
(965.0348119516514,187.8538424163528) 1
(775.999096557636,374.45179602515515) 1
(233.96180707326153,478.05687545976474) 4
(489.48310670335337,26.450758420536488) 4
(795.1824651621494,774.4541029971931) 4
(793.2759783536062,240.28467428715072) 4
(932.5282020030513,213.27072797395982) 5
(752.5068026621467,146.37289457593744) 10
(457.3677363747484,919.6554552968661) 4
(582.0672643463863,743.5694624668884) 5
(275.27118934991154,120.13209910293557) 3
(140.2860073754078,109.86120236804686) 2
(183.02988051565774,352.64213228494225) 5
(0,103.49283181342872) 5
(460.63409951477576,573.9861319438768) 4
(1000,638.6242506995012) 4
(539.9677941486929,79.40003326019252) 1
(706.1694370702734,549.4843688900118) 7
(241.92106027568065,947.1910570299011) 2
(853.6108723848433,552.7235228732495) 10
(797.9247433726628,837.5426594770561) 5
(180.45742372270638,0) 2
(498.60034799907424,704.9735589091887) 1
(691.9067194035085,302.3678538969241) 1
(474.43462940999166,896.2783582180718) 5
(756.5733230258427,1000) 1
(605.6379430630471,1000) 7
(1000,940.8843504864271) 6
(1000,857.8774901018097) 5
(838.8240542397085,734.3460262411596) 1
(924.924525103228,436.13246609695227) 2
(262.7609262418804,226.27460014975628) 3
(352.6524001858274,456.23486986204153) 3
(485.23014177165123,625.2730446547479) 1
(392.35670689717455,988.7499338591681) 6
(440.4675951882406,728.4595410394586) 8
(834.7039912893968,0) 4
(395.2180832157039,667.2684278687873) 6
(453.3812023213175,387.5545059106957) 3
(691.1539343640652,1000) 1
(561.17049245433,591.5914469537278) 7
(535.045392941401,823.9582667246257) 4
(567.8650272037632,804.4081052553844) 9
(341.8804544264792,547.5796441171261) 2
(0,700.0503096911234) 3
(177.3647241581187,685.6468174982315) 7
(322.70756121121644,433.86287706813954) 5
(870.6293441785665,694.7172437926711) 3
(1000,503.3692538820007) 6
(0,700.5569514454232) 10
(653.2370214749878,280.33900057280107) 6
(337.61059089200245,992.6412824695454) 2
(633.7135761892117,178.0310431093693) 6
(282.7977759607313,1000) 3
(918.1313772472635,659.7705757755716) 4
(646.9577381069244,754.1715764135381) 1
(774.9016497164545,357.86923271723936) 1
(866.5603421636433,251.20596441890714) 8
(465.9972182497287,414.1123540210832) 8
(340.8599166658776,1000) 5
(0,454.3523371494032) 4
(730.6742146992773,728.0956928674548) 6
(211.75032293343827,0) 5
(162.5179118228363,822.0511450046137) 6
(1000,449.88358349503983) 2
(627.5699055845854,705.0246570509471) 7
(472.721111498645,498.9658069114819) 1
(608.566513963704,70.61483111450838) 7
(847.624342674901,320.19720402961457) 6
(868.3615611330928,483.1712438913006) 7
(682.1940537692903,0) 4
(528.2504396426301,594.3378219126375) 5
(614.0292106143629,201.06191548839945) 4
(0,878.8986632674439) 1
(317.42347877770953,936.8232090073069) 2
(284.82841234970977,788.795920411976) 6
(331.20522544606786,888.0772736691048) 6
(351.1276512866331,84.62380645384161) 1
(457.30967969350667,261.8695329549607) 1
(35.00592861556936,0) 3
(386.29767511131087,553.5955001954934) 1
(507.8122156116992,913.0391784801836) 9
(198.09072614307826,694.3439017763465) 4
(554.5825564252528,598.8542969535965) 7
(843.4834525255419,634.6026799613306) 7
(814.1283599168167,763.3231473671094) 4
(135.8198486843463,16.567636528583705) 9
(536.9153881238104,396.71947570268316) 5
(255.52524828319824,138.9420300838064) 10
(184.93524543498057,1000) 1
(400.44516013874295,1000) 1
(678.1641907729394,207.58581386478693) 3
(386.7699304246056,590.609214040904) 6
(521.0572539081821,324.26054838731665) 8
(690.0303362750606,601.1810060437792) 3
(1000,637.1687752252101) 1
(474.25146198859466,454.79134585792934) 7
(1000,966.476393035655) 6
(334.63472426387375,130.1665737993702) 5
(357.7280990606338,551.8218896019073) 7
