1000 1000
10
(0,0)
23 180
200
(155.34050809074404,359.1984897981875) 9
(380.55786050425314,442.34829867624217) 10
(374.79054981651603,340.0682810923241) 3
(517.1601061893668,483.77759988132965) 9
(227.38782526493117,799.1284246317092) 6
(640.091273503009,640.2234995610158) 3
(394.0033351695314,327.05375692333905) 3
(0,43.85117618698587) 9
(653.00008666086,267.5023974421355) 1
(598.2334611571808,582.4071632410546) 1
(690.4797233144884,358.5672835740056) 2
(901.4994572084323,454.3609373255221) 1
(326.62806736577403,671.8295370931977) 3
(0,399.3860043968049) 4
(719.2067027444552,516.6720494244292) 3
(544.6095808917544,886.7990590611273) 5
(1000,700.4877155712272) 2
(274.4661045662549,204.19182948021) 2
(1000,378.2439313671364) 1
(1000,783.9940551131081) 3
(0,381.6544053409751) 5
(316.0501795327862,0) 1
(777.3115998930352,762.2444263227328) 6
(0,335.3504530964972) 8
(399.2108081613615,582.8999983084691) 6
(736.9789878110887,318.66250505083275) 10
(551.3216195230723,21.57042083836444) 6
(51.04285592205247,780.5072692303659) 5
(0,365.6338227317167) 3
(77.24480289571727,728.0439016592252) 5
(588.391535556318,672.4037975475727) 3
(761.2049134435729,198.39068176683418) 6
(759.1791272006178,396.0932188057458) 3
(358.95286768766687,950.2252639201859) 10
(254.94645427756842,553.6904064372484) 5
(0,357.72944414527626) 7
(342.24725999497286,588.1555119147806) 5
(551.4035678101616,563.1478408053391) 10
(680.4867863320744,1000) 4
(432.7102800107895,645.9788746562398) 5
(596.0667818700706,973.8485670913301) 1
(964.9314729766106,227.52847536157776) 2
(179.4472382248905,320.2587449850934) 1
(416.50768376764233,663.0596318438159) 1
(1000,0) 3
(1000,858.7189047041195) 6
(600.8148581653454,378.0549030472401) 3
(285.6030363337326,969.2748223586078) 6
(230.708144007768,254.48811404671324) 3
(546.5337094065674,668.9242673970086) 4
(210.05823545404616,767.0043150805889) 3
(362.33593211206744,292.9874371033293) 2
(542.0377073338645,901.1177279354829) 8
(483.9971122756543,398.2272409581072) 6
(14.76798185569288,435.3389175067438) 1
(485.6206960115238,106.45455884755978) 7
(516.4198928683162,824.364098441526) 5
(739.0787521970824,1000) 8
(246.56383960362555,466.8293954593577) 6
(312.0443708432804,0) 3
(375.37529635953075,213.5506867165895) 1
(512.1474747423683,43.26421397273219) 1
(290.8273757707939,96.91614431179431) 8
(629.3910387420699,599.7863141184624) 10
(755.7814247490605,0) 3
(458.5135331950804,52.6712994963022) 3
(46.27853114888859,879.6208509709445) 1
(234.50062069184452,374.6241283413925) 3
(416.6859985578255,20.739841400323485) 5
(444.2097454348627,328.11088745802357) 1
(666.1447957688806,344.1997475538426) 4
(501.175727580709,126.6508545151409) 7
(524.1281180652253,504.83713940327766) 2
(783.9495531486125,1000) 3
(110.82011768884155,149.09639439674385) 1
(460.4559574708018,455.91305003197306) 10
(10.53663915041983,365.62003402092785) 6
(721.2998608402738,761.1974027470077) 4
(1000,460.9276463984231) 8
(373.905894875826,301.36685728286716) 10
(619.956083999437,504.06099051235435) 4
(352.88960463597465,1000) 1
(527.5000259278455,21.559084725658636) 3
(578.7047425744845,799.393408096651) 6
(1000,374.91058947111947) 1
(1000,11.821589885251115) 3
(295.17594592031975,822.3470268893061) 6
(814.9814872060599,59.13122407098035) 4
(368.34530965431543,501.9174051777648) 2
(693.9365014335622,105.91334879776241) 1
(66.33895953616917,751.989655625736) 7
(207.77347077437406,434.0296455125407) 7
(792.5850790734742,666.8033633566747) 5
(681.147737450575,729.7756937438864) 1
(270.9965515822082,521.739256568351) 7
(1000,1000) 1
(602.7470404779057,453.59142474621297) 1
(30.07487078355905,545.0375696231667) 8
(482.9203904831011,678.4603148288068) 3
(97.73028833085806,400.79532209968704) 1
(516.1504777718854,485.6476604821876) 5
(595.6928659569982,861.5257315647023) 5
(575.2978070142924,893.8288482329526) 10
(501.20954315565723,172.39375286438127) 9
(931.8239346074158,585.3843770269165) 1
(668.260972739087,872.6068221654814) 10
(423.85594449016463,537.5838116444354) 5
(925.6530954162226,1000) 1
(0,192.4910079809436) 6
(155.77694473747601,109.56967958086926) 4
(0,512.3826063814074) 6
(277.29495287315467,87.24315402189546) 4
(580.9253727631666,0) 2
(80.7490574304893,425.4174080278436) 10
(215.20167931018068,0) 6
(30.011788876046694,633.6264241013367) 1
(479.6823471261681,767.8492247253841) 4
(873.5530663171745,383.75631736369473) 6
(374.77302927793073,573.6398755060422) 7
(947.2994200108485,415.43536479216164) 1
(1000,956.453173405455) 1
(807.9301917461445,89.6695545637229) 2
(672.9963165943649,223.89152553044948) 1
(562.6445807234004,775.2769320186935) 5
(917.0928572062417,382.08430986162034) 10
(442.02922843465603,416.0628869324466) 8
(1000,726.9775500684813) 8
(414.63535939959036,570.2879242232111) 6
(541.939583200108,821.0014825805695) 8
(1000,805.2147286582183) 8
(226.04752192043736,542.9487041115555) 2
(751.7914740922955,753.6845668097368) 6
(238.46251968697914,212.50514080052568) 8
(480.7148371203259,27.61380416573718) 1
(232.35962479735554,649.6443061885391) 6
(255.79133053826473,721.1298893554396) 5
(193.48361490824516,488.39572941735764) 4
(892.52289414806,889.7687736467017) 1
(784.7626409632928,131.6786235432354) 3
(922.6620713324925,859.2852604021014) 8
(508.55318629271665,662.4773916665431) 1
(249.14935944333473,740.2492394094729) 4
(381.13755185396656,640.5432214222217) 2
(559.1753096603056,218.04104970453312) 10
(261.5385941700789,632.8565655996631) 6
(513.2228450704595,869.6685734771041) 5
(167.68765493852715,662.0965683801141) 5
(127.99090556961687,334.8363702875415) 10
(1000,869.1112873797197) 4
(307.84510352302897,290.84625760960444) 1
(833.4433354268804,492.26531227871715) 2
(0,685.4975907149067) 4
(643.225914078384,48.369135382164586) 5
(0,907.4548151887146) 6
(525.7858772116724,491.0318588978397) 8
(0,1000) 3
(52.08986174064427,982.9771014642879) 10
(974.6827542815306,775.7183372001604) 1
(495.60292412291886,968.9682927415909) 5
(0,644.0026069560104) 6
(430.16002967350323,147.79599385871944) 2
(390.5184687237893,0) 9
(331.48292604015796,810.992112421746) 5
(529.4521840052605,981.8095104575721) 7
(421.92404545703937,440.20592844510526) 4
(617.3988152711707,364.74562441089466) 6
(407.7312565062393,251.09597527831278) 7
(143.62994919127988,231.81250918801226) 9
(908.6291210332379,363.96049770226614) 1
(0,6.826060039762808) 1
(344.16580080164033,1000) 7
(522.2608910844268,712.14025585945) 1
(45.229836112359976,499.46958622159445) 7
(441.7411679218459,268.5423525991953) 4
(1000,527.1183847695002) 1
(548.6557085358772,541.7349045382323) 10
(429.5608068483804,259.3500239255583) 8
(1000,388.8821191890917) 7
(847.1511093560675,291.88559542847605) 6
(671.5411008145338,581.4509512757) 7
(204.5796883459954,946.3436727827564) 9
(684.5366835994339,359.89076154727627) 7
(771.6701680035759,509.5613414484396) 1
(557.51733299779,82.0241268110226) 1
(308.0799169909191,876.3448887430302) 2
(139.79348530083792,121.32378908581438) 6
(516.6567607434705,592.0516609109544) 2
(378.4816804730631,711.0530178161769) 7
(432.4209033908334,0) 2
(254.08629412111418,814.0968714043387) 9
(365.19152448868726,328.5541329756146) 9
(583.9350274148369,252.81537707895933) 9
(382.205006767888,605.9299450186732) 5
(580.5682990689666,873.1395207393628) 1
(240.80490468173502,481.32560650497874) 1
(210.09761909389954,1000) 2
(260.5981771927158,609.8374184190294) 1
(9.875343257295583,733.0164904632405) 2
(840.7052606140041,395.7055963349651) 5
(427.23141910972805,598.2700982708276) 7
