1000 1000
10
(0,0)
23 180
200
(619.3808118413256,420.4155938130621) 8
(998.9287756172747,716.8746911177408) 8
(609.3994662800056,723.8237178887562) 10
(707.1021701861791,732.3467718576289) 1
(635.7806708662631,757.460764938428) 6
(815.9966871590933,248.73681311334659) 7
(384.6901340267136,678.5428864048337) 9
(233.645567767888,333.4968458584196) 8
(245.12381806997377,519.5713916515298) 1
(403.1049994157794,83.72301933926036) 10
(280.15791863058047,646.6377348598917) 7
(1000,0) 9
(279.24174908984287,538.7962229363025) 5
(319.99596011378355,779.5340174983994) 7
(1000,427.8656586965702) 6
(1.284274802531172,198.01305093578162) 1
(491.77256710219973,297.0305262593447) 6
(0,983.1479390095369) 3
(847.1512486030408,425.3407083631371) 3
(729.2188479066605,589.2604135311083) 4
(192.05662666400963,847.7660546421665) 2
(654.9881181060643,246.59764384299595) 4
(457.042760538468,575.1312176726967) 6
(679.8994654402181,638.7022458765201) 7
(326.54745901751255,0) 1
(1000,524.7896750221882) 4
(786.2479283999769,290.5472072618295) 4
(495.9240756482385,251.53079107755167) 1
(515.2351319778239,301.8772337345987) 7
(1000,599.1988399060272) 4
(547.4440514935836,1000) 1
(355.82839005646974,474.9658338332335) 2
(0,153.24884799796843) 10
(0,440.2667591426321) 4
(69.21675727063348,566.3851297248045) 5
(906.5529552257375,696.9804388013766) 2
(639.5807417192568,790.0007854145372) 8
(753.9604276379405,985.5680804356704) 2
(390.8740732798231,43.039023519422756) 10
(232.74460699891853,395.4321802608269) 1
(917.5817150216071,316.5258605845992) 5
(836.8008487776611,444.4532995864813) 8
(503.43386501578624,379.7596545153091) 5
(406.225601810078,610.1472348555475) 1
(308.0869362325424,742.1204744337281) 2
(0,340.11849796691047) 1
(947.8283860194815,987.3802999758767) 6
(1000,843.2439906683779) 3
(1000,505.38023574943014) 1
(222.74059590387304,857.3362946599492) 1
(530.2777290523845,909.4632577810867) 7
(167.32096981981687,314.3889751664667) 8
(426.85114416531974,240.7692540157032) 6
(453.4588119124899,556.1352150517835) 5
(218.44174226972086,54.31084925176992) 5
(557.0428396100298,184.4961197025184) 5
(884.2274450430572,596.5732467855289) 5
(684.2102198926223,77.5481449954807) 8
(0,1000) 5
(598.3568981730994,789.2146770428761) 1
(939.7031539201816,0) 4
(171.7054036136658,53.04205637082532) 6
(267.4334555855901,82.29188736454984) 4
(845.0177798541476,664.968749573628) 6
(190.73032736933084,819.0869644761214) 6
(261.5284864980358,989.8894457886977) 8
(316.220869410442,756.655496714038) 4
(570.8680148866291,484.56509409037795) 3
(0,0) 10
(293.01650867020305,0) 6
(144.44860710702295,1000) 1
(615.9470741334914,320.9135174636024) 1
(270.1151073624888,783.1156656272365) 5
(802.1784877593484,403.1262246622635) 4
(752.1274668137605,479.059956516937) 7
(695.1698684534193,0) 2
(618.2474370411945,819.8796295270993) 4
(0,64.6610222608669) 10
(488.82787081262234,474.86603923000183) 6
(655.3341096813185,1000) 3
(506.1740494802127,521.5428463586189) 2
(0,622.9693999185266) 4
(603.4077444011937,715.1779921989305) 4
(312.10991522933256,0) 5
(129.4700831384792,661.657646706701) 5
(1000,767.560458902572) 6
(915.5718299463213,716.9334210411763) 7
(687.9839416451864,807.9770045328553) 3
(575.9124862420282,136.67120524611062) 7
(487.26972773720314,453.5250445820413) 3
(416.078444309985,749.49410612215) 8
(266.30945436416226,535.7937585951478) 7
(828.6835783175901,1000) 4
(624.7370577745951,815.1883628251644) 3
(681.6984870230564,507.6012105596224) 5
(915.8089663094502,674.0788706098) 9
(251.84690265314018,840.8074152169628) 1
(799.309363180339,869.0913228896685) 6
(109.2303831454928,335.7728731319055) 6
(84.40517930704351,75.70845711728305) 4
(0,129.2957720094293) 3
(733.1132168194814,692.304747043102) 1
(606.8643536726256,482.8174371480777) 3
(423.4561087373142,644.2386265796572) 7
(350.1131936536648,746.7920249923307) 3
(545.3261080770662,902.4247681926447) 5
(593.5981841828122,550.0911797998402) 5
(618.3601157592526,1000) 1
(326.8792672623283,935.0779887209131) 6
(916.846347976404,78.04076841602642) 9
(611.6888386138069,485.1751789211256) 3
(519.3642097667471,831.3924892207006) 5
(728.9959042390298,506.32343380765417) 4
(665.8827863986382,613.8173595578917) 3
(585.0894488810574,918.0585281421688) 10
(840.0577440780828,341.44316585653814) 3
(829.943569081964,22.555228772836756) 4
(932.3173142822575,0) 7
(457.3299195997551,896.5967374656641) 3
(602.0942747610427,832.8913362570054) 5
(328.0588253516553,686.3851024944485) 9
(881.432915856438,506.67083528943186) 5
(74.40536620153631,857.9734133818702) 10
(480.27078276769186,496.80858128579985) 1
(579.7993044537247,544.7752906589064) 1
(0,249.89578263383083) 5
(63.00201375578678,285.82067533763234) 4
(1000,705.3814919625195) 6
(357.0100619047297,875.7818326128153) 3
(733.1778554952623,361.38265938431095) 1
(811.9755825870473,313.54193752261153) 5
(302.41497293689076,437.0551847753857) 6
(602.5183507551351,1000) 1
(426.22556736027525,42.87331483906132) 4
(0,629.1787146199191) 5
(947.070865768588,337.20412488507367) 5
(491.93102483942414,1000) 6
(132.6753562563373,164.95403402371488) 3
(302.75376382058414,731.5258201756967) 1
(429.1486418410137,560.5953104685083) 4
(399.5264089504685,232.69421954388486) 4
(292.6437475798584,834.4420028953957) 10
(890.5745596866834,0) 9
(202.6520484730542,771.1204730670953) 1
(612.9585046456657,738.7645541767461) 5
(330.12192411994454,673.539350529464) 6
(1000,397.39633037684587) 4
(613.0312335563142,0) 7
(1000,854.2629037900731) 5
(508.8689046852213,57.23698739647983) 8
(320.51098299252595,318.40841879665516) 6
(191.08736101017217,315.77271356159275) 5
(143.03489168055336,1000) 7
(198.1987312676261,524.0878030560202) 1
(318.3360127571341,811.0654373121558) 2
(992.7103096515013,52.22021414271006) 3
(705.3025324695618,558.6149574138574) 1
(765.2760017673702,871.6210714385174) 6
(421.3112107149418,584.4236500761492) 2
(1000,23.44714444496691) 9
(711.2174370695362,400.5790876103023) 4
(737.0514147972953,0) 1
(212.83400253016964,447.6436809891233) 8
(571.9187512452937,593.4202262764932) 6
(423.8527688257478,0) 9
(609.5503695095758,733.5065483846599) 7
(392.7660991400263,490.03827865876696) 4
(447.6485943158016,641.5397522102223) 2
(1000,520.5632974377354) 1
(80.83903157092703,607.1187882915747) 5
(657.8414233495805,211.5437003508497) 8
(530.6891365261941,582.2482003195728) 7
(729.0513650561668,938.7089433215071) 9
(0,267.7424549812922) 7
(271.2390733978183,420.25058861283054) 2
(804.9361533305762,921.4403996069202) 5
(362.0452508620545,304.2299489091527) 5
(1000,485.4158467198698) 3
(729.5094142514777,156.06567664705608) 3
(362.8277690110936,55.638891320706705) 1
(708.5552508250313,195.6159132174899) 5
(445.0651488266734,207.81883110367977) 2
(188.12277396942324,705.4872287262197) 1
(473.96167846355934,715.2453324190171) 4
(0,546.7688518418545) 10
(0,861.8443391930654) 3
(123.2762807879401,305.95930005685653) 2
(16.577514798920163,532.0802473694813) 6
(0,611.1248925520541) 3
(939.4242186744663,342.0012062993042) 3
(492.5524743301143,1000) 1
(561.9011011944639,805.9095721474105) 2
(830.5869972978098,903.912736173962) 8
(0,736.0010059891049) 3
(675.400866878069,608.3287212799016) 6
(740.3976720474908,599.2429315879247) 2
(514.1191296853694,101.80686765759333) 5
(258.0912383075315,0) 10
(345.5393660845453,869.211928178656) 7
(318.0512023588775,832.4756899500721) 4
