1000 1000
10
(0,0)
23 180
200
(630.3304993974542,151.0680257170311) 3
(1000,963.6722479985119) 1
(439.35847274155174,498.8069762727153) 9
(352.18522300877066,567.9355987854833) 1
(620.8857997024086,375.50543977833195) 9
(694.9331543285043,921.2801581668715) 1
(203.6365466670124,606.3738131186573) 4
(307.86290594977686,327.0674362735438) 1
(662.6930165642431,1000) 10
(578.074122840997,1000) 8
(896.5699290991156,291.98179744088327) 1
(163.51442817263444,459.1405249819042) 8
(65.8650908218753,249.33381532070666) 2
(338.42035980182555,757.6300351311459) 3
(486.4394855629151,345.8510081947468) 8
(738.6892617863905,733.8859483976963) 1
(197.7211316172078,301.5669306381793) 10
(218.96894463704126,737.085379505402) 2
(934.3619916651583,257.33389044119934) 2
(1000,834.647030003561) 6
(43.84354168661412,0) 8
(644.2887206073233,605.2231723754448) 1
(154.37852346605803,1000) 4
(959.7744771728815,675.8312267641725) 6
(105.93136344438653,466.1341811035619) 2
(1000,438.6085494817304) 2
(668.0080418732239,932.3060583590028) 5
(0,195.19789824595864) 10
(620.3536288021572,1000) 1
(554.5842973250698,102.37958077639468) 2
(963.5998938302466,485.1206673622198) 4
(898.6686721351634,303.5907494865742) 4
(669.2084482510395,1000) 1
(790.9737538722809,0) 10
(129.14383064108512,1000) 2
(0,759.3082565917997) 3
(695.0091147021778,532.8497386298568) 5
(913.2790312093433,526.4600385037166) 1
(659.9178915821315,103.3969816866582) 5
(337.7663389215586,960.4554805357543) 1
(656.507097935832,623.4402014219912) 4
(468.89876287693204,850.994360170051) 8
(700.7893393636724,873.5318417594285) 6
(397.2209482662761,704.2755090929404) 2
(969.8095606948267,796.0727826560008) 10
(446.6871368102186,542.8658768600063) 4
(348.4774408470897,0) 4
(777.7766619758692,441.0489248429927) 7
(168.4577156930418,13.067746860884597) 2
(677.0065630009316,0) 5
(415.9287148864064,257.9423669542804) 9
(824.4863052042052,0) 5
(506.2633258713615,736.4861286150356) 5
(0,28.953982837937076) 2
(998.9995763705708,115.42061450870426) 5
(838.8903355102268,657.7081602297771) 3
(48.10618038919699,455.65810112329564) 5
(1000,716.2055864990884) 2
(235.94414770738814,203.5826448946496) 5
(529.1851898404796,663.5840001174104) 10
(579.1968124044195,273.9617085599283) 8
(644.2267588823166,892.3554343530308) 1
(435.9123460037473,437.9054881763643) 2
(212.29538363493378,260.6990323042253) 8
(1000,717.9454391320555) 6
(1.226846506482957,203.51502143307602) 6
(374.4048174629112,0) 8
(309.94132670260615,1000) 1
(694.4511239212209,633.2792263892954) 5
(827.1834206939247,501.61075827985024) 4
(0,988.056414873743) 2
(587.8405843117484,514.999226210083) 6
(305.7964866725366,596.3024071853157) 5
(249.32202473889706,865.5441191577006) 6
(0,427.698485605749) 2
(146.28166983078262,653.5057937178217) 1
(706.6496519913898,592.6578046624701) 3
(489.6067257883004,728.6347118106696) 10
(0,428.74589253415246) 5
(416.70227749622813,637.71178291043) 1
(0,459.0514010496195) 8
(342.37030405931284,668.3788047975133) 1
(767.211724005788,26.416088988157355) 3
(414.02180689415195,607.9116843323648) 10
(285.0032855737293,757.0002714528348) 5
(552.3536552789708,605.9805754427455) 1
(1000,470.486084248135) 1
(817.487658246903,436.7913430247272) 1
(724.253853694227,229.9943188131171) 9
(924.1683107009785,396.67340932595505) 10
(441.1710268474537,86.12285593225789) 4
(287.7751197184958,91.43469471664048) 5
(638.8839336507972,925.9045819734524) 8
(920.250005660525,0) 1
(1000,318.8241036601312) 2
(908.6799576306082,727.0912056059162) 4
(294.12106045230746,995.1570657968058) 6
(314.01218032403585,0) 1
(643.0029945018946,0) 1
(640.7659833773114,900.0644371483883) 9
(714.0314724530533,791.4956659804664) 6
(891.7602902575338,3.0785835820106513) 10
(125.10743730159237,89.26815788444122) 3
(1000,19.92226117779154) 2
(734.0548829248384,1000) 3
(555.6172421198578,613.6225060686534) 4
(730.0296340386312,517.4573407809111) 6
(181.36305743467625,484.1898312535652) 1
(330.2016034839253,441.76361456939696) 5
(603.649268344363,468.9473969977644) 3
(705.6324254806648,237.26711932139864) 10
(1000,34.32975802521389) 10
(842.823226193506,0) 10
(319.2971822542446,634.9182114220548) 1
(560.6663071420239,306.1590989079559) 6
(694.1092986556803,718.8464824254036) 8
(484.54237867762504,336.07976863616113) 1
(387.1259359585364,900.3635956083481) 8
(895.0137946978023,1000) 1
(661.0696293410753,591.4258492393406) 10
(0,69.60898882395821) 6
(855.0036869397247,391.9498013885459) 10
(323.9935493311581,594.1386538041884) 7
(928.1717056789646,961.2919299859831) 1
(693.7183126842467,365.18026765137614) 3
(91.68769536691775,390.0997334506878) 3
(293.4500406022181,604.1266186786577) 5
(756.9297377833753,0) 5
(678.6453044859837,511.85181793247904) 10
(568.9225614853203,528.4555919370464) 1
(898.3576167890762,740.4280362818522) 7
(4.507308737097389,542.5144111221061) 3
(996.6573786068127,420.57239861791686) 7
(970.2400958284647,994.6058560943321) 4
(432.99135873137607,910.5309788722288) 6
(0,456.7164490365528) 1
(841.7273470958908,838.2078027464538) 1
(854.8888326186559,386.8049042609741) 6
(792.5508349013678,211.18811580988967) 7
(654.4830953967203,825.2565134075303) 4
(241.9171250885475,396.52312914585406) 6
(280.4257390581922,139.9048030732585) 3
(383.80561373229347,715.8584249252519) 1
(965.7650744080154,622.9711447724576) 7
(888.6785351336991,639.3618320955554) 5
(315.17932968797277,223.77857113134604) 1
(796.4566861335156,537.986173927095) 10
(567.3643433167751,333.8404413547154) 3
(825.1698551058236,529.2137714030542) 6
(213.9742811037791,1000) 5
(497.09222843883055,0) 2
(107.86026729640457,503.58278612245124) 1
(617.1517402361712,220.26313192979836) 6
(391.62008803795294,0) 1
(894.8621255304055,356.6592835960472) 4
(767.8695368834558,312.06661994767853) 3
(356.61579620164645,628.3003902759957) 4
(485.19921824527245,253.51886140642014) 3
(0,276.80564140311765) 2
(559.3736174732016,593.6380089923243) 5
(840.2461971269129,158.51725683127125) 2
(216.48066814103942,140.65265210937628) 2
(690.9472396463372,216.2396318175974) 7
(423.39538439160987,757.3396006677881) 4
(609.1452571738168,604.3460083034408) 1
(311.0681289118023,190.88793479156408) 7
(681.0429225752727,133.35971762589202) 1
(649.840754377241,117.94407174967472) 4
(0,639.0377345055182) 10
(0,0) 9
(242.47901198615102,264.1321352835895) 7
(389.21726254451215,150.4623494081796) 8
(625.5933475539114,449.77230331407304) 4
(227.15527534597862,569.6193062160313) 1
(803.596814292116,179.37598652122853) 3
(554.9939498852659,1000) 1
(821.0596471736177,475.73937383997895) 9
(361.22453623159186,607.8583593130375) 6
(737.5115851910259,477.65459321320884) 10
(481.18534468371877,514.348152942091) 8
(1000,1000) 5
(795.4098300242126,139.4053695994533) 8
(0,579.614109246181) 9
(483.005579659236,0) 1
(176.0907077931431,4.696088274242584) 2
(320.7463927940796,663.0061108601312) 7
(980.1134035218851,735.9452019387531) 3
(0,160.5692614071603) 10
(254.41314800532444,251.90741018316373) 6
(112.61387088128481,1000) 5
(380.44213038108,389.13539311208467) 5
(579.6178405326207,638.2615641993708) 1
(0,222.6738717924714) 5
(588.3300161902627,40.40826393785096) 10
(351.57767543247905,808.9254159120111) 4
(635.3678211311621,650.7404278174554) 3
(876.7197654925783,93.13616272327914) 10
(297.3226214077504,577.9505539896074) 6
(334.70866242547845,206.53599889567818) 6
(793.2343729329509,865.9665756661364) 2
