1000 1000
10
(0,0)
23 180
200
(201.41836060912897,326.0740384285596) 9
(474.300343193675,246.7173421117507) 3
(485.6304814643017,913.4047494653183) 6
(319.59441567979036,511.50964467917663) 10
(688.4480808576519,97.55526857554861) 9
(0,445.97409108529473) 6
(1000,690.9897111716364) 1
(393.1732026124198,209.8914023237012) 5
(504.94846927509894,193.68142537463126) 1
(80.0526321283374,29.61667155074764) 3
(262.61004834824,1000) 2
(435.57137847585926,188.3350748905246) 4
(770.6833551864593,475.5982032286307) 4
(45.970279204865335,290.8632609918395) 8
(566.2433722245452,746.536391723349) 10
(536.5028629931905,0) 1
(310.54391818793397,317.9887338766654) 6
(945.7926567495058,1000) 2
(669.9954210138735,303.42157974434195) 7
(606.5908078430729,319.69215524315723) 1
(406.3485107711009,798.8832435214943) 3
(584.8993794864361,147.68648104413552) 1
(314.6049816887943,669.8886485186911) 6
(890.1881405466531,420.06405622846) 4
(335.91457122271186,514.4554774261159) 8
(176.2953441814982,120.0480989243161) 5
(525.0764871500547,119.74083962326125) 3
(762.3143679381872,649.6129810567486) 5
(257.2255594215565,581.2750401483017) 10
(638.2293169644374,0) 1
(182.26400826902795,856.0796452027084) 9
(711.9376306877532,244.29784101114046) 2
(673.7395800058399,336.8265463618561) 3
(175.7595551259218,413.0284307984899) 1
(0,586.3084195754819) 5
(800.4604375684146,778.0313344990466) 1
(690.9108613816142,619.8463500067943) 6
(529.2136538167815,201.3466181611655) 3
(34.56930925600341,700.8119149821479) 1
(970.9893785825711,780.5298783420288) 4
(292.2363468351922,185.47115390874706) 3
(502.543260257648,802.131355000135) 6
(145.2974936185223,485.4776553453536) 3
(868.5294080804013,1000) 1
(398.8341085144929,768.6804971541621) 6
(197.26497231406012,472.5318207237754) 5
(586.196925564398,232.7615626651825) 7
(698.8336918535344,521.7088061757122) 7
(787.0269934217301,50.41121954832056) 7
(730.5912085617493,974.7800808335116) 1
(218.79010091413437,652.43636124928) 5
(292.74806351022244,700.080335308217) 7
(476.93790624600734,455.39443198498213) 1
(906.297346786555,370.4116656381126) 5
(0,433.9473504621111) 4
(447.22943661224195,0) 6
(0,388.564082332471) 4
(538.5371362646082,1000) 3
(535.6136371620648,535.3142312335057) 3
(216.63714304436957,700.5297255290756) 7
(462.7795231836965,610.5690567103798) 3
(1000,723.2059065780153) 6
(650.005642774437,832.7035173898032) 2
(285.60942879035076,968.8313481343287) 4
(558.0628643279156,573.3159762321548) 2
(682.1620026231058,1000) 3
(1000,49.78523683551202) 4
(0,1000) 10
(452.3959774157959,154.379094957858) 5
(678.7440797479453,0) 1
(291.1523873526909,320.41160699051267) 10
(601.7445581253563,535.0484150347722) 6
(553.5378929196543,265.63568876882283) 2
(683.0638911690335,428.74062173724576) 3
(566.5874735486283,611.192479449782) 10
(605.2201930576281,260.3963663807984) 5
(422.77100824088166,301.3935833412788) 1
(898.8829876160444,364.15009000077555) 1
(921.900431738497,254.51910634944892) 7
(611.3763061769539,867.2619619080452) 5
(261.9430067394742,701.409551094589) 5
(636.2726888304624,630.033263432211) 5
(572.1988592708042,645.841569028435) 10
(390.8621391380137,214.9111428234562) 6
(996.6130069522497,539.7690363750547) 3
(651.0546139560741,439.45333600689787) 6
(954.9430901813014,362.8074756375172) 2
(526.2606162247492,195.93292589676986) 10
(654.2512219435808,905.5553896208783) 4
(728.0899139734994,584.6783696213082) 8
(631.6473219608583,380.6905472846305) 2
(489.1216853877525,199.6489317931959) 3
(635.0849967845012,159.56643313944596) 9
(273.7331313788863,619.4147792769611) 3
(0,296.1185182630089) 6
(91.94484557008212,435.14877785126794) 6
(318.0487139493166,764.5452701094578) 4
(206.26412735251336,284.4903637122437) 7
(28.959517530814708,43.87134933392616) 7
(0,64.75077457427454) 8
(558.7270011962578,0) 3
(168.98058754994867,179.0974690301136) 2
(0,534.9023844630883) 3
(496.6232019311225,476.84728603207213) 3
(580.7946274661508,124.98266738748987) 10
(439.868930860971,912.9875470159632) 4
(219.47299040848378,282.4590325664169) 7
(1000,464.35225669792834) 9
(0,961.0934138932932) 3
(751.3198512383792,780.7705713819669) 5
(546.6689576358607,291.53655186037486) 8
(72.3793223872089,0) 3
(0,877.1777046453274) 2
(608.2667548160648,407.7896928073462) 10
(461.3098283902038,581.8205407312425) 4
(37.21890220692961,384.18867571315093) 4
(19.303640544245297,602.9791720788764) 5
(756.3500663162887,633.6230698774906) 2
(557.7662717850887,1000) 4
(655.7296224263544,821.1857701509265) 10
(270.44731837380357,529.0395448073386) 6
(775.7026018360283,379.57938545844826) 8
(295.48151851378793,397.87707007014245) 7
(685.7527088908124,0) 2
(332.0965051487525,968.5849691341434) 1
(416.2801695391153,529.8151423131563) 9
(713.8327115338612,536.6407400285653) 2
(70.47416862903162,761.7702834478873) 4
(782.067590194649,643.6592808832419) 7
(1000,460.74627813100847) 9
(14.410589496016144,43.015020583466196) 10
(167.3019807845801,924.4417178140218) 1
(421.27224540634217,0) 1
(408.6332959212599,710.6640351715471) 7
(151.0680286897611,432.22775255727566) 1
(873.0400001887886,353.0517565571876) 1
(390.74143513604474,15.48228837851184) 3
(540.6562049151453,256.6397035529894) 4
(408.5554274492825,0) 4
(520.1508620938491,562.0665610381081) 7
(381.7283572155433,853.0941376331558) 7
(722.2125117336491,306.4682873384329) 10
(444.12570713044397,758.1612461363169) 1
(491.4812779764318,28.751442122331184) 1
(1000,123.8523151868149) 8
(237.06690337393815,0) 7
(661.1646038302874,462.564115226365) 9
(630.5214982279597,481.82365375273247) 6
(303.5225921362021,435.70231136216665) 3
(321.71984575442923,0) 3
(294.3578785565027,689.6762151185148) 1
(301.3290106361129,3.597968669483123) 1
(835.3950877958489,0) 4
(675.109438701274,582.2996302202301) 6
(546.0825507895164,265.7990826391003) 6
(290.7621404541445,362.4468219982482) 3
(696.7117934316329,878.2183671666303) 6
(184.29451675412082,327.4971512157256) 2
(0,106.51845998292043) 10
(215.11234723728404,617.7402368463731) 10
(107.63847632904293,978.2194140080187) 5
(630.9588212827664,294.59714180895264) 9
(180.0521949975971,314.0955724052477) 8
(273.5396218982952,550.5188522994792) 2
(878.3154951895233,298.6724479602994) 2
(304.70739997388284,295.2219049852424) 9
(414.7806833397177,104.57083234891144) 10
(528.0559519804314,1000) 3
(326.5942525795219,1000) 5
(504.05977478588244,636.4780003030178) 3
(561.9804400386179,478.75646485826877) 1
(632.5396408325362,631.4060104210823) 5
(754.109917595059,0) 1
(655.157714249652,279.9878374588509) 1
(611.874011375728,92.80344329315164) 4
(792.734616875123,324.2604789315948) 6
(290.5056402744726,7.922504692935604) 3
(497.8279596329744,580.9286824621543) 6
(1000,475.3178215554968) 10
(434.50011679851974,754.4567191924316) 5
(181.7561424528883,838.5827426481583) 2
(68.4090662282041,48.18133058357421) 7
(1000,728.0533209339355) 8
(0,510.1240510249207) 1
(713.9910435950012,842.1766638455929) 5
(964.7706660391004,743.5737330021803) 3
(0,510.8708177546695) 6
(32.23395561016275,578.790256171367) 8
(520.9779687466224,0) 4
(946.232018481521,695.5488816926867) 2
(296.1464445235748,649.4534318941767) 10
(785.60736856761,754.1136132665343) 9
(778.6015489808944,1000) 3
(131.77348164843295,455.05534399255015) 7
(501.1964264780252,883.0322243827084) 5
(306.99043533594954,297.70708924736) 2
(511.06633983614387,459.66147988631593) 10
(14.599003580223268,498.82612200757796) 10
(534.0655039782716,284.39914319567004) 7
(959.0473598347289,604.9550779473465) 1
