1000 1000
10
(0,0)
23 180
200
(435.825645429264,810.0990642086434) 1
(398.53748696889596,575.8014594716268) 1
(446.96363286012763,578.1303209569908) 7
(862.5691755244914,958.4333939102754) 8
(739.3104062855161,179.95779389048073) 4
(348.7618767270259,507.80772390517126) 4
(694.1036998971483,38.26926865937946) 4
(193.40970873647836,481.2681836826478) 6
(542.6571922189395,364.66305882224947) 1
(721.2524432531525,343.9553485255274) 5
(1000,510.3571686858947) 10
(810.9600813544922,1000) 10
(593.6326479305687,0) 4
(0,155.90916610720052) 4
(513.7125113877086,862.9133661496251) 4
(406.7981906808011,384.1204281637087) 4
(660.767495368402,290.3566804981948) 1
(112.47837236638776,0) 6
(1000,153.01885957233907) 1
(567.7702388883959,635.8814665605977) 6
(704.6662836235431,614.9804537668676) 1
(883.102306306997,217.00360084627988) 7
(295.72676289179503,454.7668550270546) 4
(873.5108185434894,82.0608590470024) 1
(636.9171516523314,490.53599022597683) 3
(446.3453086119571,0) 4
(348.405369603297,400.0163650421626) 4
(315.97433816325037,212.0570723730571) 4
(641.7038671540399,676.352639997599) 1
(556.585217733752,910.4912491800621) 1
(759.3251773703731,497.4995325598085) 5
(1000,211.7612231282729) 6
(864.004322804534,4.623981617652078) 4
(853.9351667376926,442.431451924224) 9
(815.8036485949829,373.80581386430094) 7
(571.2134689551499,781.1457703993485) 4
(902.1579925655747,622.9168652771351) 6
(0,250.6656425354905) 10
(311.73659397219274,203.3351475783292) 1
(541.2249023061692,814.7596641146879) 5
(562.9184395454216,0) 1
(351.9700186025567,995.5897781667579) 3
(1000,77.57535805254594) 4
(1000,153.78160651353136) 5
(994.8292259753996,244.0067661961771) 1
(359.10113850167215,131.244160894466) 4
(599.6634208326665,701.7712790836625) 5
(620.8509252639536,982.1076150228153) 9
(522.2500221288716,375.38172218562187) 9
(240.16382052099334,472.7977526316523) 4
(168.96565322749922,392.5262226954912) 8
(982.8966390071142,689.5424439359404) 2
(649.4975590565914,924.737889604964) 1
(701.367197952455,0) 1
(423.355218231949,687.3032047744364) 2
(1000,337.26888294141065) 3
(645.1466077926478,807.8103710542919) 3
(652.6409091909227,1000) 6
(93.41855225225049,956.5963016786909) 3
(463.19029744319175,199.27249880921448) 1
(647.4612193857628,366.4008796763005) 7
(385.17372439601365,229.69544377968924) 3
(831.8505951624852,215.41465849863823) 1
(0,981.3129657904) 8
(387.6464194804046,426.29797077388616) 6
(611.6621316329929,973.9170305999563) 10
(884.1998825704231,421.7902854607653) 1
(351.85527896855035,179.68548311778932) 2
(1000,498.2002770478192) 5
(583.5553230205576,569.4757678666194) 6
(1000,563.8339975183058) 4
(392.2618957345053,235.07020588356465) 3
(367.50223389756746,98.49226805815869) 1
(500.4254128052922,0) 4
(253.7193619050073,528.0774339837637) 8
(0,98.46825313384369) 4
(931.7039814067144,0) 8
(298.55648000896963,759.3080671536238) 8
(641.6615746252035,116.99888969107712) 2
(795.3970600353887,800.3816895615383) 3
(433.8832665284832,380.41749130018763) 9
(1000,920.1390572123187) 1
(736.8458446883025,35.63873518655282) 3
(407.3967405830029,841.1332084615775) 3
(507.02708277700117,39.92631792743475) 1
(881.5823330836813,1000) 7
(1000,1000) 10
(968.5270464549095,756.7740707391697) 10
(738.7162359905519,356.3335846118389) 2
(658.6269638630047,303.9933298593439) 2
(518.9750027868996,551.6337732453482) 3
(223.97436366627676,448.9367492614148) 6
(534.2787209438377,143.74173841700025) 8
(961.4402292345617,0) 4
(649.9034349418002,563.775932835773) 6
(240.08388981871934,573.4204855604944) 4
(173.3076610754656,1000) 5
(0,183.2865874399182) 1
(693.7153253566028,495.0836068202351) 4
(428.72797062757985,943.9264978074258) 8
(561.0935662885754,521.7998323671482) 7
(783.1291419685606,381.69374053473166) 3
(786.6841654206928,351.26866964916326) 2
(753.5746338913689,1000) 7
(412.831670289723,0) 3
(0,520.9981193182136) 2
(133.0280033026732,523.4298560408403) 4
(870.9500767258396,640.2432546400476) 2
(775.3207715723834,682.7118601016167) 8
(832.4304253755618,546.8954200032454) 7
(657.4430668660141,1000) 8
(753.8556958954143,483.6272460400122) 10
(0,966.1559275987356) 10
(373.3020107364162,775.8352728063236) 9
(979.0086567898495,289.1108950355912) 5
(211.388657661237,167.7675752778933) 3
(1000,743.5339261728443) 1
(173.57649640294807,422.19893278954345) 2
(1000,188.98006338516575) 1
(967.2587830190434,571.4192050125813) 1
(18.629863946733053,604.9767904332116) 3
(595.8065128066735,600.3276966591078) 1
(741.6404934004491,607.7856942865241) 6
(582.2703632206884,972.3973553851213) 6
(152.409418953804,403.23377841778967) 8
(700.1652644452112,575.0309351483756) 3
(637.7721019483639,507.73668229559325) 10
(527.5032016755405,445.2058407116709) 4
(303.0637200038743,910.1818585985551) 5
(985.1278517480712,852.973069042709) 4
(147.92410776933656,588.3106494221418) 3
(657.4166090894244,197.82432904971978) 5
(687.4788913467829,264.61931100425727) 3
(201.43277053669073,566.3759305148026) 1
(478.87640143725633,771.1995909808586) 3
(390.7894018919603,649.3906705036828) 7
(501.1350111379163,571.5043908997654) 9
(136.10338829780375,388.73941492350406) 10
(1000,155.17532751253992) 8
(398.7030801118826,437.45855371385676) 6
(1000,285.8956273059042) 5
(656.0544004686354,112.85273487551706) 7
(573.360474007641,0) 4
(1000,265.0349973771461) 2
(269.1477213162369,87.23822415950474) 10
(0,608.1235045597692) 3
(372.04571288718756,493.2977648270301) 1
(0,338.1924348425855) 5
(460.99003112455216,399.3503058155128) 1
(174.14584745827392,577.1072022259384) 7
(259.516310775066,555.9371787141824) 2
(524.135321647648,754.6654974318808) 1
(0,849.6896487511364) 4
(240.07830723187152,433.4534737958629) 9
(0,0) 1
(633.660622723308,193.84075041799582) 6
(207.01476054606997,642.9829965377945) 1
(393.03599696778355,272.77140349039746) 2
(44.4068903525997,743.7980847824867) 1
(317.45872484030133,1000) 6
(755.2225862066391,430.75067581918756) 4
(651.340542261974,822.3750772022242) 5
(861.7829036584619,521.1811788077848) 5
(751.1048116376202,671.2555624765579) 4
(507.67668694402437,496.17149015675113) 1
(535.5984452872087,385.73892237837833) 3
(853.4825970061806,550.9866212916985) 4
(0,145.29557710242108) 6
(0,336.3210251447597) 6
(430.5293018826213,625.469718014106) 6
(214.1085455174274,995.8291747916926) 1
(146.72061391829624,852.0558734147888) 5
(1000,873.1600278248469) 3
(968.954078298558,279.35877670920365) 3
(654.8696539987004,606.6664056085787) 4
(955.8027227791229,359.42005461727695) 5
(0,1000) 6
(111.01654668975056,229.22227520005407) 3
(555.3253647259186,79.15472215302219) 3
(437.87592193389935,709.2001370287504) 2
(564.8737016597045,350.370211533241) 10
(592.4285534067673,58.33303033933112) 5
(474.71946420360604,704.1540404078384) 10
(486.5290041817217,597.4820672181208) 4
(317.7267437353398,891.6944067918046) 10
(654.607733210202,343.8001580232153) 10
(742.4283963543996,247.24343268322718) 5
(508.04019209267767,236.4337309272118) 6
(946.3327882687179,782.3252243287527) 10
(103.33637076750836,113.72328796106046) 8
(352.02727491999264,365.1303755624235) 7
(73.32474453304405,768.4496263026753) 8
(789.899624270528,239.82172204314907) 1
(0,650.734925618238) 1
(691.2084778384011,234.09701835340923) 7
(578.9563032651423,161.3552159719248) 2
(716.7590805598652,260.7607690878657) 1
(1000,959.3383690046544) 9
(62.7645498369331,371.3940867473324) 4
(805.527341062979,675.1192158319918) 1
