1000 1000
10
(0,0)
23 180
200
(618.1746358434215,475.11252604144534) 5
(388.85138174372423,763.2694439714389) 10
(964.2174529309839,547.403568116616) 3
(336.43319422780127,557.2579139429114) 1
(433.5678539584056,829.5871189582788) 10
(715.705885747605,263.8960478068094) 6
(741.2573091261246,756.8746673824883) 6
(323.66697268685766,386.5987906438633) 5
(618.9337370243603,689.3946362875707) 8
(370.991141451393,625.0250986208623) 4
(171.4498741657804,304.4080385822997) 3
(1000,654.0412967664613) 2
(120.42867901825082,1000) 6
(555.2602092723727,446.8852036939753) 4
(500.288729108847,855.7340038336783) 2
(605.8985556319133,371.40334603085694) 5
(770.444038331568,332.02434572996253) 2
(258.00437913775676,366.8860704566724) 1
(127.60809683829336,447.3855756290927) 6
(705.7355931161328,301.5366047432209) 2
(1000,353.6035100356445) 3
(433.35921540995434,0) 2
(531.5311623692301,940.2073202345284) 9
(101.51104307667555,722.4181272916253) 1
(0,10.54656273737453) 5
(319.83591540071893,0) 5
(913.7502076578099,781.0265353449817) 6
(644.98443375326,608.5679986612238) 1
(167.40331886142246,310.2889554478629) 2
(849.042302301004,122.52345058032591) 1
(747.7184669940525,757.7479965562354) 4
(289.9321989199305,780.171745104506) 4
(871.765312992098,313.1753703605804) 10
(405.25513366365124,681.3152277759772) 8
(955.723116729701,597.7333394104443) 10
(534.4426996232803,342.1327806974246) 10
(0,67.52442402974475) 7
(285.00835119105375,201.87071722440578) 2
(0,388.64539901822366) 1
(674.8029958693621,1000) 2
(570.1629031096058,253.73330091498383) 6
(527.2042294296614,326.7721090398186) 1
(0,9.052193873419583) 7
(546.5326848510558,885.2181368731319) 5
(816.4321838995268,835.7841368130853) 3
(0,619.1072652267947) 1
(676.6435020991048,399.5830313369561) 5
(47.16151613678852,440.54342964726885) 3
(390.2001230316264,692.6675260603897) 5
(897.6440639563193,0) 9
(241.14718249073178,449.6776310451864) 5
(306.23691583236155,237.6834806951669) 3
(1000,271.02010679591444) 8
(1000,517.0929397992851) 8
(470.40873873714537,311.04090048198805) 6
(383.57436420820335,317.89143142624545) 1
(512.2165480183655,0) 3
(0,757.9075113909244) 7
(389.2538954123353,509.9861467056068) 6
(597.1702183579346,784.0696201801602) 2
(747.135852253837,214.45923990945602) 1
(132.55849988916424,600.4586465255354) 10
(57.28728164890714,0) 4
(409.80831406779816,719.1212410196861) 2
(544.903046991087,1000) 4
(808.8543414107689,354.3354520135815) 7
(294.6920380416807,671.6945206957673) 4
(881.4956697123658,195.65215958964126) 1
(950.0302958265513,0) 1
(697.9173211929924,438.3071893519868) 10
(337.9085982646127,189.78971224036877) 4
(0,0) 6
(1000,694.5673090261932) 2
(287.9948092158654,0) 4
(202.30996188286014,236.60114293667186) 2
(849.1814780656512,430.33816806420623) 1
(776.828460896505,749.5628117589667) 3
(944.9915609281773,226.3456533005043) 9
(566.2371521392231,6.643467788631881) 6
(705.8344033612021,635.1734496213805) 3
(0,623.3375329251977) 1
(521.1273387679248,664.5692226191375) 7
(301.6130062152376,368.7897025582183) 4
(284.93461614713937,874.4658138030668) 3
(1000,505.2270957405099) 1
(592.3064520215628,711.6671918984439) 1
(559.228294238988,399.0487921326677) 10
(524.133715857092,802.4867871174437) 10
(170.76310682606874,445.2018608789485) 3
(220.47031875985112,52.5629380188322) 8
(1000,411.122235948692) 4
(451.66173624855327,205.04784292291964) 7
(428.0902203222834,271.9492176005001) 9
(1000,255.79126466889613) 6
(1000,867.6362640580242) 6
(629.9124757374448,667.55747320061) 6
(0,904.2052232081282) 3
(449.10772536351936,667.4112732140488) 8
(354.42086252463497,305.8135734875122) 2
(1000,568.2219249403923) 5
(0,698.7560827517709) 1
(551.4725430617499,162.44854748869767) 7
(1000,538.2549508085701) 5
(340.0285569926176,517.0381703402151) 3
(548.8531540776969,762.8366601100922) 8
(136.6066993039007,865.4315667312491) 1
(122.00489707786721,415.12911006515264) 10
(495.1408470504642,1000) 7
(469.15984012354846,518.2607556758782) 7
(901.2042158673453,99.53138673589808) 1
(232.3953300476777,793.4920788070729) 3
(0,1000) 2
(1000,769.281626964216) 1
(834.1967934368072,809.6459428189594) 6
(951.0473588171632,739.8110864241437) 9
(0,273.25406472676434) 5
(371.0846306932601,419.40555667592736) 1
(842.4082790077881,783.3689325430946) 1
(77.43487188547738,472.9042371958192) 5
(1000,162.36422573616863) 5
(678.9813454084374,0) 7
(318.3092388959164,360.9941153083607) 10
(286.56769225763065,342.1858084005603) 8
(1000,411.589109882453) 9
(134.01968544728993,62.21952806743968) 6
(671.3721503802273,673.3512707929442) 4
(146.90878475837735,674.5580158853937) 7
(365.54472247608555,591.7512271315111) 5
(991.2890898784448,620.4070184198167) 6
(974.699498924411,75.37173917151904) 8
(1000,18.002250304001905) 9
(1000,778.5338182921379) 3
(395.60133496634165,390.63008233039363) 8
(575.9451114401822,771.1335244690465) 8
(693.764889118351,929.0059331733235) 8
(441.5588663902106,583.2609905456299) 1
(317.51976877708466,144.83162905081178) 10
(1000,892.1925899832374) 3
(946.8006529861545,412.32227901853656) 3
(543.0167189737073,434.58396491459314) 1
(772.7497286734688,177.58401731084905) 5
(108.15626716517562,253.00316421482412) 8
(535.3203986423615,80.41056937213045) 4
(575.3150826007602,241.06024321482346) 4
(428.74836954182683,325.05352021801525) 4
(197.75505293238967,288.9246609784587) 2
(602.612722842064,386.79375451276616) 1
(934.6007116621608,956.362396968595) 8
(925.7592027032972,61.11568554402737) 3
(644.2495687014462,319.7286241966976) 6
(605.6585811572427,801.0513949220467) 10
(233.5839272182214,0) 9
(654.0731295640776,227.9851936795357) 8
(317.47911232048455,0) 1
(261.52752540279397,447.19249166124524) 3
(734.0859785711522,722.9049028035591) 8
(457.84213216027825,472.2476683580993) 7
(468.2339779437107,199.26308972165378) 10
(500.905050895566,603.0131940441175) 3
(258.22738373601305,685.9024934469858) 8
(359.12135247699143,845.6997765082789) 4
(601.9474699159664,609.2666065405483) 1
(696.9729647068602,338.0318932060044) 3
(36.876918695537825,1000) 3
(369.60546302839344,686.8046733609862) 6
(691.3397731233032,346.05227819406934) 2
(854.7477594160059,381.7963266714274) 9
(758.507391103396,1000) 7
(454.1688076412212,710.0712022635456) 6
(378.475385483606,320.22654273539416) 3
(446.6201584880429,721.8826418435297) 1
(694.4463003353133,1000) 5
(649.2829422649061,607.96658539558) 4
(229.98686899872678,474.70319228546657) 1
(883.8182444080592,0) 1
(811.9623658123733,402.0841891998506) 8
(630.6646744416149,384.2173994322091) 6
(867.4202509350703,677.9107341192998) 2
(542.2984248924851,89.3349989369948) 4
(106.54322126457919,639.8589480952171) 6
(895.0304680481042,536.9294717327264) 5
(682.8396229628572,483.54348907249533) 6
(569.8721207497131,740.6234201066584) 1
(243.38711172108907,1000) 1
(361.3421544557405,199.19636241736265) 10
(584.2180694051036,625.9481751681761) 5
(54.70979026759892,475.72398617194335) 8
(567.0785385318926,759.3917000640547) 6
(0,758.3621073787814) 6
(436.36219606031364,247.83227417343394) 9
(269.641585694265,1000) 3
(1000,538.2408430639374) 6
(639.3378522464602,702.9376067685009) 8
(451.9195257836293,447.07780444215115) 2
(685.7591453100174,627.9173556685525) 3
(155.1401957634398,208.04918192469245) 7
(598.1735270883117,666.1297489942569) 5
(492.7720159916028,432.59257757362843) 8
(343.2666833757646,405.59450640972517) 3
(669.9798222921264,693.7291910615207) 1
