1000 1000
10
(0,0)
23 180
200
(673.7252914527332,737.6046382697705) 5
(417.1435585308552,962.2457741733631) 9
(639.5641620121726,417.54859884943176) 7
(494.9943183692105,867.5669172704503) 7
(269.65730930043503,742.1587956792606) 5
(954.1745884272959,381.41984848394105) 8
(518.7753919487304,773.1376571426042) 3
(529.79400920891,40.00966707733994) 1
(671.1364749745904,768.4674381085426) 1
(846.332249783927,591.1953661362115) 3
(716.5309325215005,1000) 3
(760.8101301055403,236.27994917974019) 2
(833.7257485937408,0) 3
(859.6141065712213,601.5417754138746) 2
(850.1906510296135,39.1191096183199) 1
(409.1861032796008,722.579710949601) 6
(921.64671380062,729.1494397119941) 1
(293.26963707652897,541.8048231948156) 4
(476.66992460955305,209.32160762850106) 7
(0,826.8146450323892) 1
(944.5990288316278,911.8991582817512) 8
(885.5970179246551,797.6369243007109) 7
(124.1388802671309,584.7628396526372) 6
(819.2910787301837,450.0545335974786) 9
(867.2031969595057,901.6049351940494) 3
(984.1704236296276,753.5477749407971) 2
(0,251.89547524945925) 2
(230.36726640621316,177.5257421076563) 1
(644.5864514472687,0) 6
(419.05599252242024,456.7728969072076) 5
(434.68491066042066,666.9681871328038) 4
(874.2067887874358,398.9341142650933) 5
(679.3511607378662,705.2994456194644) 9
(946.0534158955111,656.4002006546061) 2
(138.61499025915043,419.51018759611725) 10
(891.4057467631349,936.1493879805134) 5
(400.59710894493065,0) 5
(495.98764233369013,71.99727848629675) 2
(213.2214978883609,557.4962674302524) 8
(1000,348.04113699973254) 1
(505.8494556481929,1000) 1
(291.4539709404838,973.823744797434) 3
(247.25506993333565,485.01269502730105) 4
(723.7505092992685,288.3399429557504) 7
(447.94002065088694,595.9971594292183) 9
(458.66229420445393,501.693825925354) 7
(236.13550999826805,392.30262600257186) 8
(395.970071847234,238.13565911984597) 1
(628.7562284398083,172.26919212424195) 3
(0,88.07696204564274) 8
(105.31319129955267,1000) 8
(363.56018979688486,290.75494839239036) 4
(638.7336669688364,209.85283588668165) 2
(868.6195514019206,380.1822019434409) 5
(482.28382763134834,382.6820370148732) 8
(62.304059454561354,0) 9
(391.14881508102883,522.2311204223148) 1
(240.5062960053831,889.2952984357512) 1
(753.856726544939,153.0284503912274) 3
(0,1000) 5
(324.45467876645057,5.249947625743289) 7
(636.8028868003698,170.51984508439256) 6
(597.5547584657149,302.4325643178696) 4
(520.1163067853062,374.33860636423043) 9
(221.68437975411604,421.7435507179522) 9
(659.9774517238495,352.86609108934056) 1
(640.9169393426115,285.513459077133) 9
(239.1349478603409,445.50617037056077) 4
(688.7004063874408,348.9741272697222) 1
(992.0847676096316,674.9649629063929) 3
(1000,662.1321649112167) 4
(275.36041912588144,418.92887765898683) 10
(637.6233107856444,184.99358050578854) 1
(109.7435632327913,353.83249904070834) 4
(339.8033749930655,66.602145626219) 8
(969.6358411450378,278.14354480457985) 6
(501.34209849285503,826.9571596506482) 4
(560.5907158091402,497.2896754349135) 1
(823.9915694911299,388.34837284785357) 6
(749.8029400477983,594.2337905183554) 1
(718.4904037351739,342.34029605776885) 1
(39.67598530217623,0) 3
(246.53112253342175,700.8611148228753) 4
(134.83939953175513,584.2100598416134) 3
(260.1019948690931,411.2171348264329) 1
(524.6461615245381,878.665780808574) 1
(178.0759219640584,0) 7
(588.613997141855,554.7802198364277) 10
(598.7296969312716,489.23884352785) 1
(642.8760177620794,477.5554132590271) 6
(422.5414712082811,391.25717901875686) 3
(1000,709.5632777916167) 9
(434.37143322174927,968.4582862197846) 4
(478.08252082277323,260.22015610315236) 4
(879.8979723777561,728.1349234057996) 5
(544.9249989679504,1000) 6
(338.6490564439205,1000) 7
(585.0139712852564,1000) 3
(379.74699527941374,1000) 6
(620.8062299608023,237.96397569911574) 3
(562.6983388823621,1000) 5
(187.66517222614982,332.9252469556901) 2
(1000,119.87506587207696) 4
(38.034688586644734,418.4279106042869) 6
(97.35734331254417,917.5241139348338) 1
(173.37558597442415,797.8768968196184) 2
(900.3863211094374,659.9472103022584) 6
(373.21210052646387,289.9939162066928) 5
(741.9349236301506,393.6863209276124) 7
(383.5402239722036,256.1139609000229) 4
(939.3332729167553,879.3485376794829) 5
(661.6422325127755,486.39305017391456) 1
(585.0086567107222,526.9818715337736) 2
(0,795.0825132706311) 1
(773.3208574179542,649.2698987330368) 8
(191.81765456711207,746.4331116078375) 10
(1000,337.1678790560461) 4
(501.8399318589748,467.78136509324946) 7
(657.9757772050185,0) 5
(841.0274939147423,195.11426539224493) 7
(281.7200982904566,219.59365772637267) 5
(0,480.6753827249796) 1
(671.711248039732,219.38095797837445) 4
(1000,770.1712739364328) 6
(722.8542555623374,1000) 3
(144.79769403546328,649.761433041467) 1
(1000,418.4425316235254) 1
(781.3664449846249,420.8711894800508) 4
(299.1549575468037,738.5351820510713) 6
(1000,235.8013302028893) 7
(777.2298989995736,619.8339039593845) 8
(248.38739997216723,461.2685617913168) 6
(963.2550895129747,863.6279183452887) 8
(0,0) 2
(752.8230172799522,581.6984822967476) 1
(365.38043219124745,951.8610052126021) 3
(614.7196688570988,432.1388943850406) 1
(11.965145134978684,510.7698268953616) 8
(740.1784348706959,913.1345996255577) 1
(170.77291064974685,0) 4
(409.30626740381877,813.6229175967403) 6
(320.6049183967765,532.7102102160575) 4
(485.6874125557672,839.8474091233815) 6
(185.06656890431645,407.98879934580714) 7
(459.4596535136733,1000) 10
(957.4743419579111,442.07520801079744) 2
(204.87717597832824,337.49880061085844) 6
(382.22855233074534,532.9040875542754) 3
(757.9143253549787,663.599941745071) 7
(734.9149902423678,681.1412946937362) 10
(302.577664572256,690.7190538398316) 2
(437.6825161831525,33.97766868120755) 1
(40.00630700232733,418.42726377481824) 5
(1000,245.49960378876733) 6
(679.2010046754511,250.422039982854) 6
(827.6302239655868,161.72884957577634) 7
(552.3624980143136,951.9552780473091) 8
(53.878856325303616,444.9552929813704) 7
(358.35672763238193,821.8081089971608) 4
(234.840472564844,341.46044697352056) 2
(859.1792101305116,455.67915693264223) 6
(60.87745384294027,548.2714154556077) 3
(675.5944404729578,942.6412437518883) 5
(1000,648.6829819972686) 10
(267.6586555609264,377.6543959407813) 3
(867.0307998861961,703.9738974280639) 1
(965.7164907736203,659.257066166213) 4
(0,445.006568527309) 2
(508.9563505411956,531.4420682390985) 2
(1000,487.25205102931636) 6
(0,771.1345982983812) 3
(291.9314714181944,760.9257269005107) 8
(934.5121990355736,638.0951084006205) 8
(463.25051366434315,372.44159261494843) 6
(764.8777749561962,191.2875671793435) 1
(914.9294230528006,31.38830332477687) 9
(447.56236345696726,931.4697139087551) 3
(64.82441123911508,398.5233172454787) 7
(340.00084943071624,330.27068922060585) 2
(456.3453035568761,841.3720651171193) 1
(976.7709531638836,989.3701718211653) 5
(384.85368966392934,634.6475824914646) 1
(1000,0) 1
(394.3109021262764,706.6033851444561) 1
(644.3965029253748,366.11011823612534) 5
(776.0292774983894,759.3021339601273) 3
(822.7464422672318,905.6516698122289) 7
(581.0818950072603,916.4993888822457) 5
(0,525.1068335839035) 1
(677.1300628111588,150.59476277587754) 8
(352.8650755077648,0) 3
(310.78057298206494,600.4285042499446) 5
(726.0697993269306,584.8477150135813) 10
(978.2551176261147,383.7047697090961) 6
(634.1058567895817,150.1263500842801) 9
(210.9476782116347,453.6189615871328) 4
(298.13136884536493,830.1755961596474) 3
(482.61117230383616,448.50378576444615) 6
(111.10654158681922,1000) 1
(564.2937574232684,407.41143048937) 3
