1000 1000
10
(0,0)
23 180
200
(0,766.6456636175398) 2
(945.3624432889675,544.7631936634989) 6
(919.8630861633906,846.6159559490922) 5
(307.8998517844629,322.44654709108875) 1
(783.9760304682861,766.673378899216) 1
(751.0904087691463,675.721197922789) 5
(0,584.0063571981785) 10
(414.4910699795303,129.3991085815723) 10
(1000,332.46476828167516) 1
(449.28535761789976,594.1147785106186) 6
(311.9774464222355,775.1519815190559) 3
(426.34981776573136,1000) 8
(281.4760373913674,534.624362631166) 10
(0,1000) 9
(495.5562242319374,505.4857348481801) 9
(424.7668560865634,680.8739689060574) 7
(701.6258819517367,976.8947994037591) 1
(728.5945315446902,0) 2
(611.4916113388987,588.0593891954366) 10
(170.17657664873275,658.7607397961924) 9
(108.65987232177963,725.3943745760254) 5
(800.0159949319877,191.80551791813946) 1
(571.666536429775,896.76074394615) 10
(956.6425788490772,579.0550433414153) 6
(730.9227273643197,640.5223273827403) 8
(1000,579.5205753267215) 8
(660.1482523033212,517.4885693278902) 1
(470.90513522120824,349.43241807223467) 8
(845.9568441966621,466.63570144779476) 4
(0,775.903520224394) 2
(0,94.82124929128429) 8
(377.109541266974,741.5842198550499) 10
(1000,814.6640677663584) 6
(123.13877152392001,524.7839345031064) 2
(945.3792443339764,63.32888414173476) 6
(486.98858935135075,792.4064595100074) 5
(580.525257547694,1000) 3
(51.58151377711647,881.7641450244962) 1
(1000,499.5572409240385) 1
(869.6364661828998,606.9810544955395) 10
(225.48664346691533,567.2716154536024) 2
(189.51817310109726,539.6976807832995) 10
(641.5933544067015,1000) 3
(551.4969805835829,323.51991065765276) 7
(308.23142788616985,1000) 4
(531.9819802494814,895.9820253657173) 8
(254.6859516596221,306.415807588608) 1
(404.07067389844946,0) 1
(758.6905723064403,899.2819070366065) 9
(82.95528049445397,578.4456469770803) 4
(486.8114608788082,291.03201443490684) 4
(472.9508641474545,397.1605312476978) 5
(865.5688332469101,875.707744636853) 10
(847.300388842457,199.16404257594496) 4
(324.25324374624273,37.0225157416279) 3
(603.3973824881541,897.863412649617) 7
(1000,30.985946313004774) 3
(235.72328991958602,357.5098816619164) 1
(126.6475085434297,1000) 8
(149.45013964967734,571.7708526336261) 2
(22.110996230771548,747.5069871696685) 1
(297.2307364289884,543.1145324537408) 4
(263.2103139509584,371.90405993988725) 9
(561.7358264727899,351.7654502123744) 3
(888.3275772879392,295.46938339092316) 8
(234.64945892959247,192.02512772615415) 7
(826.226159553501,872.2890020659484) 10
(236.52907975028359,665.6474379859485) 7
(931.721244383488,616.5274086314182) 3
(730.461469741428,783.7678788323849) 1
(0,512.8301640795194) 4
(634.0283857383838,281.30345295505697) 4
(809.0863396991458,20.28710158041082) 2
(161.80916296242043,983.4086190345618) 3
(584.1443104608757,404.4698354959199) 6
(0,449.4549108459172) 9
(272.51409011662673,270.42890068943893) 3
(0,914.9481500363213) 6
(636.9206760677821,0) 7
(326.2821668791112,0) 1
(544.7789776939784,818.42991069489) 2
(1000,944.752772974434) 5
(232.60179710090256,325.2151395748378) 3
(314.7159988107096,439.22671685826145) 2
(335.8441930449642,264.4221169492634) 3
(75.74016136096503,157.17549683616932) 8
(424.3899596585894,210.9652903817606) 10
(0,74.9768454276437) 1
(595.6999227787524,1000) 5
(360.447516131726,821.6329145566735) 7
(559.6199574978905,304.3791288126495) 1
(852.3907509120831,669.3575310189037) 2
(904.8674791136259,210.63444104033607) 1
(564.4352951535587,595.2644889568246) 4
(214.83755258784913,318.26937667056995) 7
(74.56381072545042,240.14862507415853) 7
(176.3447186418016,677.1444748843525) 2
(236.61542256700744,577.7047789587506) 4
(135.6303379458601,772.8053407277928) 5
(777.1958127817202,0) 7
(0,875.967818557943) 9
(734.1075729770586,246.20663663047532) 1
(114.3493860015401,454.56985980314147) 4
(362.99397776449825,410.14881605396965) 5
(498.2213694566074,488.3694329084541) 2
(563.0482713313776,1000) 10
(260.8930510382006,714.8109526813091) 2
(218.00411989011644,421.24016995092296) 1
(454.32881244632097,355.36508820265624) 2
(895.0044946111368,948.2970377387996) 6
(192.00189258397404,1000) 1
(682.4457194104169,211.33378936182072) 10
(755.4774079527663,305.27087885850415) 1
(694.5603214410422,1000) 9
(685.2142983004196,834.8225430840332) 4
(797.0584845689918,723.285390100721) 10
(605.505735250335,379.2801848183945) 7
(795.7675849361461,603.2316965536968) 3
(143.2554113905905,256.5622810102726) 1
(680.0282627928133,706.9469811219712) 10
(331.45780296470696,422.8906398016637) 5
(302.03289671146854,684.9838742654916) 8
(841.8837564691171,490.37077037335354) 5
(0,469.59991570656155) 4
(0,635.0235028066696) 8
(1000,842.0837593709264) 3
(561.2053952280736,762.2326466742078) 4
(678.2059035644539,314.737424410376) 1
(355.1617906264643,48.14988155859231) 1
(751.8660625356137,328.8018252083323) 3
(426.6293430417058,442.3378351828591) 7
(239.1693880482369,1000) 1
(846.3494297157672,207.85041236652387) 4
(877.937290585664,757.9138611790031) 1
(0,546.3820551150757) 3
(623.9935067533218,465.4104733726759) 3
(346.0190066141141,101.6054090167375) 9
(564.9178333087316,548.3964754159826) 3
(744.2310805906934,531.2303709204638) 4
(262.329694536009,519.0561817068574) 4
(388.4709250597647,584.7221355309697) 4
(543.5935387516607,991.8561685235275) 5
(687.9485720459822,0) 6
(151.55749358001492,1000) 1
(763.4015737902967,799.1752838391641) 1
(1000,333.36204756462945) 1
(299.9979077156111,0) 2
(769.0553030082306,127.6599853096626) 3
(502.6940567833789,720.6709573590313) 4
(917.1815941740751,480.18011292661885) 5
(434.63373329821314,561.6007734915268) 8
(376.0455578387546,637.5870747133379) 1
(421.381600917492,477.32639152512945) 6
(122.19712849401492,927.7001277182692) 5
(1000,660.3576945544685) 8
(32.310256973938465,0) 1
(0,806.6622937922095) 3
(319.6621555215872,791.8334487969519) 3
(484.76188572757763,977.7302890484799) 4
(493.91136831038756,717.6534361050105) 2
(467.15851084519056,672.0131970431354) 1
(258.6188759546475,203.89140791891947) 9
(315.2437218118106,938.9558603675596) 3
(295.69291679806554,961.2788788176906) 3
(634.0837584558175,530.4050289561155) 6
(542.76834471269,775.4511725720923) 9
(283.5248946253429,653.9306357630954) 10
(397.9277285081381,705.956776828591) 3
(30.091751945528927,829.9458950596377) 1
(215.37469727063382,468.4226447590052) 3
(41.51145679294086,927.1161358627745) 3
(181.51550302009582,358.8816515088175) 3
(487.56695655106125,253.3738305697829) 7
(720.9984616568213,317.28490435171886) 1
(347.58213445498285,521.0071417003926) 4
(594.3463420035753,0) 5
(972.5876147471216,913.1840571544625) 1
(562.5120816213016,121.2552840598907) 1
(1000,403.86982727943115) 2
(881.2446807013697,0) 8
(511.77141460371405,249.41168039482358) 8
(682.9784250514031,0) 6
(627.2378056166698,414.8227211761646) 9
(872.7796679383725,620.4546737148655) 7
(214.3830705618672,822.9847890328499) 1
(628.5149476300548,875.5270127471011) 3
(772.4504230955317,339.02952557161046) 2
(0,332.6777238080091) 2
(319.9618004317762,201.27475270939777) 3
(536.3450639415811,217.3863596965993) 4
(625.605627764731,260.2449233580633) 2
(839.775708074884,267.87488948417956) 1
(314.0349724230256,98.98783020794525) 6
(235.5675581544262,127.87409875241832) 4
(121.37925984466614,0) 5
(754.8938281896023,821.5315634268521) 10
(393.02674741560145,330.7740125558088) 5
(568.6923360278797,632.9162378909184) 6
(641.7459593719393,334.53327301203126) 7
(888.4886448348468,521.1531171572682) 3
