1000 1000
10
(0,0)
23 200
200
(748.3014872656383,333.9061328473636) 3
(0,685.099670994225) 1
(1000,650.7623070074277) 6
(277.27657959635377,0) 2
(667.8587880098717,514.072993885942) 3
(772.6780647663916,990.449679698567) 7
(485.9423233369801,366.9562429904129) 1
(170.87448426970758,149.51337380512) 9
(748.6743791913575,0) 4
(361.56072986569643,0) 1
(0,716.8173229303311) 7
(261.87200360570404,503.04703837039057) 7
(0,211.79635804804917) 5
(126.13670310961174,198.5068391432048) 7
(523.1036941979398,1000) 3
(653.9679593233966,1000) 4
(190.84614711262395,807.22971604373) 6
(292.48298993563077,137.73132064216935) 7
(542.3639877674304,860.639996401231) 10
(1000,745.496963286764) 3
(862.4742742188607,565.7593497502514) 9
(858.6666028986742,321.92102674473546) 1
(695.2417555782042,619.2378556334924) 4
(593.6881058811304,587.0078673062396) 4
(757.2099644121477,287.5463620952837) 8
(231.73998865460766,98.0617172916692) 3
(316.54214719141765,339.6737757519811) 5
(698.4905108631503,755.7876084973037) 4
(665.6695121273766,767.7158652071054) 6
(630.791124824836,700.2719444305471) 9
(92.75569247077345,581.3356362890601) 4
(0,908.120808338519) 3
(223.28982579713437,656.6153006319107) 5
(380.9780222005963,631.0503166215958) 10
(223.9724198399366,714.469325176482) 7
(520.6949309719909,0) 3
(500.0374031466034,908.063917532613) 1
(540.615452396153,854.2135927309573) 7
(0,0) 9
(524.7686527121508,559.9060563264412) 2
(230.25430794073833,0) 4
(42.16318485600186,659.7857651644025) 8
(431.41327701519754,473.7265790776845) 2
(99.4350840619818,0) 4
(104.62536844481826,373.8416552133471) 7
(648.6146635037857,681.3476636711289) 4
(1000,595.9846922726656) 2
(460.4426832838317,815.3491861904952) 4
(112.9272613177954,647.60963669927) 5
(124.33458754213581,950.253287706422) 9
(242.75044575811722,481.4362863673799) 1
(610.8792889302857,302.72690537825633) 8
(599.3096746978706,208.93680750063726) 3
(535.2201652666897,359.23577497784026) 3
(546.870660954569,387.6396173590674) 3
(172.61435401271518,384.72013375312366) 7
(556.8766875637593,811.2284335914882) 6
(565.5711950007059,822.2096946538593) 7
(436.80510876659923,295.77653012783276) 2
(875.2201846926394,339.7313629182599) 9
(628.2928387304331,828.2291420072856) 3
(750.4030050952435,216.41397602408102) 3
(627.5623772344493,452.58540305395434) 1
(362.6570478541787,528.7325845146521) 6
(1000,264.44128726532665) 3
(475.00833660641223,818.2504827598684) 7
(765.3943850214409,880.1955427432612) 6
(304.83633045113504,249.60090389821767) 6
(615.9744973063882,549.2941509226182) 3
(806.9539296024878,817.9887802268217) 6
(369.0130585292294,541.4927417618167) 10
(954.3723454443978,296.5779559523552) 2
(442.8114433318911,272.9331773462527) 8
(883.0801793036278,593.1205128589701) 1
(331.35303578701314,0) 10
(319.469755915969,0) 3
(905.2331557465536,219.52429422668268) 9
(418.430335244398,227.4488726208334) 1
(256.75883690173663,271.14152015475213) 10
(373.4941836173808,427.5601542421835) 1
(163.05317503488033,584.7860845141449) 5
(1000,340.962692054026) 5
(377.33070019333553,127.41407752159841) 3
(275.7890664729747,330.2969454426428) 7
(544.1334392312109,132.9791619640318) 6
(633.5424711744646,535.7699223749291) 8
(539.1696523734053,134.5738719789528) 6
(165.73241625553197,1000) 8
(459.2874252656409,1000) 8
(230.33934997203545,43.05169607977581) 8
(713.915490046486,464.0823852439222) 3
(974.7740447266744,141.00001140117155) 10
(729.1776211903963,538.7245621438628) 4
(553.2305187137945,950.6868870643566) 2
(445.57274130795656,770.1607200475537) 2
(953.9899445702248,0) 2
(680.3258704322908,528.3869400638112) 4
(174.44849087730307,725.4240776294546) 3
(921.7961222057068,894.4401947711232) 5
(143.01755283733087,983.802523424747) 1
(850.828445439699,311.04081407287424) 9
(282.0652813359218,599.9862774636207) 9
(109.40109555203037,799.8367721170919) 4
(739.5449799906298,612.3212706082718) 7
(253.86332736472178,572.9636542423223) 7
(34.15605943694209,707.2602413426234) 10
(493.73627245168365,398.47303064047554) 2
(540.3804517794078,0) 8
(480.43975827876307,1000) 4
(458.4917545049385,1000) 8
(606.6281581892307,692.8530945746318) 5
(236.4504454196125,884.7159139758755) 10
(1000,222.34476476123706) 8
(726.9882839918018,1000) 1
(607.5168451050829,915.1962521260056) 6
(988.2884457964944,950.4144239392293) 3
(326.67145638155773,828.0243345255031) 1
(1000,297.40949324776284) 1
(523.306839593854,590.895901699675) 7
(575.3594703545613,162.03447121867936) 8
(587.3459291772333,507.19667271691515) 3
(646.2690341905612,534.3009925468133) 1
(574.0248048019658,581.7381288728697) 5
(1.0836890686371135,734.0300468006487) 8
(632.2683716529899,162.88663284526098) 3
(821.0146560809146,842.206728160442) 10
(449.58991082891737,868.5465390219854) 3
(558.8841188707083,533.0968511408951) 3
(447.7788405784988,0) 5
(506.89319036512876,1000) 5
(442.6025250141946,681.901183409152) 10
(706.8576504303719,615.6937540615876) 4
(219.12587675133886,300.13322423065057) 3
(659.8325457914735,352.5390901889432) 1
(703.3653110337873,460.5350711401876) 3
(774.6326624241485,764.2778739659184) 1
(224.89234800147614,1000) 1
(81.12839460939051,359.01827588964767) 8
(341.5737563717183,767.8190796318531) 6
(756.0044931851847,769.3387560359736) 1
(548.0261503541317,0) 2
(183.59679800652998,341.2312487314398) 3
(442.99457461976687,63.118029075031245) 10
(608.6873615005074,9.896163731838044) 10
(0,436.12633045843046) 3
(162.11841772557926,690.1762178938719) 2
(399.6050382135692,391.79257110304843) 6
(606.1932305778673,305.5417728052637) 1
(654.5860147710756,377.8664004771697) 10
(170.6345921002894,629.479069851624) 3
(897.2963810327044,718.1469308206036) 8
(540.8942986918935,337.0177088064853) 1
(188.9607861679791,422.9693881623211) 6
(1000,0) 7
(541.9117484504626,0) 9
(189.77555685644262,820.0651743332257) 1
(919.7467067649607,660.4923178941283) 3
(48.99147805255467,334.9508400535602) 8
(743.5773815476357,943.5456912873915) 4
(549.537810591134,271.1543796372388) 7
(1000,299.2943592535896) 1
(1000,77.71909789175845) 7
(43.07251019336002,836.0007339755782) 5
(590.0472745516123,661.8269207282177) 4
(238.48652220769208,790.4989162404905) 3
(632.3113357101117,368.4566709207412) 9
(0,958.1270743308537) 8
(0,494.1746918937641) 1
(569.549858994789,529.8225049629875) 3
(411.17852665638975,1000) 5
(239.2300524928781,525.8617999161959) 6
(208.2399443988955,488.161027855368) 1
(1000,437.355775625026) 7
(661.568506090665,766.9004149776686) 3
(703.557986505712,67.33684902284426) 3
(1000,702.007027634093) 4
(815.8798839221661,0) 9
(271.55318032546876,872.9629746858435) 4
(273.08580594639676,375.0190729166212) 8
(259.40318172074524,178.18164996254967) 10
(766.8690047683508,0) 6
(639.0362914657806,796.9896871073344) 4
(791.156571087944,1000) 9
(694.2995493172878,313.20348906187246) 9
(861.324700782242,354.34349228755735) 8
(1000,859.987179014289) 5
(362.83588485986854,0) 9
(628.986062950277,470.3545929505102) 5
(859.8587280272336,332.8529757743375) 2
(746.3142790540068,898.9614873078976) 1
(460.3151826023269,674.3938641889854) 5
(440.1292939271339,551.358664848888) 10
(695.6465846574393,0) 9
(233.71159265489672,142.00421954687312) 6
(477.89339078685646,245.20507823580246) 7
(1000,583.2214556588542) 8
(468.45698494579244,0) 6
(410.77462692467685,442.45141255179493) 2
(565.8089578661452,276.831216060413) 3
(202.28177530610753,3.3452679769854967) 3
