1000 1000
10
(0,0)
23 200
200
(0,486.012781335814) 6
(1000,185.64934183261698) 5
(169.83743808581312,844.8092961956042) 1
(451.13518258195865,247.7026420836088) 9
(92.06860534286966,146.7254015073628) 1
(801.9737905324907,504.93548907779757) 4
(564.1500273683498,604.9769463322549) 5
(710.1283978775448,605.8053046140988) 1
(525.5936668903006,1000) 1
(808.9796677090809,959.1438303158645) 6
(551.7305514249792,491.5344307623233) 4
(312.9780729417182,211.77859420160445) 2
(567.7284273103808,919.1748881528538) 3
(429.3566571506598,528.749630557922) 1
(640.3876025373859,74.49588599484929) 4
(964.8634693465714,763.5877842307711) 5
(827.8252716807867,0) 6
(506.17106409278614,878.7442240945925) 4
(129.88570017939315,816.8230432109497) 3
(751.4326268547004,626.8856510213517) 3
(516.5360278686442,1000) 7
(328.87167198451573,655.6525430337365) 5
(719.8593332461045,447.78628931907457) 2
(493.2153714321667,711.8078173203053) 1
(1000,1000) 7
(474.0566841633507,426.13031823806637) 4
(316.0261937560906,414.50694613893535) 7
(209.29652812665267,310.8169364091524) 10
(458.4301260089089,817.1898729055229) 7
(568.8889419039665,447.27011566316526) 5
(363.6585723770081,266.5962480187117) 4
(516.7430031062522,49.78461977521715) 5
(705.8629642420219,428.17374881283985) 1
(0,424.52631918552635) 8
(379.8113528554693,737.5426243754192) 3
(893.7834268136885,386.20376703623407) 7
(420.53258604078275,175.42868869657968) 1
(769.508110439401,792.4684860779962) 3
(438.04962654302216,0) 8
(0,660.2460811790859) 4
(190.1368968905433,821.0841588524152) 1
(239.32978314170703,155.6370709490455) 7
(613.5562766570333,594.5391592034493) 6
(818.2288704964308,1000) 3
(494.2007228290193,894.4229360632621) 5
(590.4021788341179,228.11613257750122) 5
(41.100564964508806,172.80421890592635) 6
(1000,961.0938448586646) 3
(447.3681837028395,620.4192754117156) 7
(0,986.3533295449448) 5
(451.68741466599107,0) 1
(509.6855900082827,513.9901353268441) 8
(937.9308975198453,670.2419944368991) 1
(161.0493790180754,1000) 2
(780.4637003070607,612.8594280731065) 10
(465.0410999142723,946.1010429986154) 4
(409.82042262828094,176.2776837511039) 6
(1000,640.552717328882) 1
(689.7131332768084,662.2574073177823) 2
(655.4592638256192,883.0832267110098) 8
(686.6441172093586,1000) 4
(0,769.0976506869517) 5
(888.68438645695,392.0071589740553) 7
(545.43615561502,281.1964935601552) 3
(351.29048454652525,541.9138536530835) 7
(28.717885357494936,652.5624953194634) 5
(865.5409908457002,240.30019748752147) 5
(451.10912927529273,635.4071453098535) 2
(451.99222025853993,455.27496029468415) 8
(355.08700197725784,768.5804148235022) 1
(574.3863395122985,1000) 2
(71.10312217768421,144.52790410819182) 8
(0,754.8592358061342) 6
(122.88856571749636,0) 3
(685.982011025791,641.5912817918245) 6
(496.9573830576828,541.8382520790576) 4
(806.8789547706716,580.7239835410022) 1
(559.06057613701,396.09915065317233) 10
(356.8335135708254,550.1481478600801) 4
(808.2729335770774,246.75745428702024) 2
(550.5132087026366,0) 6
(473.6927747054223,488.8787866205033) 9
(591.9952717425888,807.8249624679834) 6
(301.90188523493714,377.7304622145321) 5
(116.22250087842076,159.32131750882849) 2
(300.05425812153874,784.5265956736298) 2
(760.0043092355731,274.82245108850066) 7
(883.691622067412,239.6257868597133) 2
(726.2521138202459,0) 6
(201.42351396189395,872.1711489805534) 10
(427.29978422090664,617.7754326198203) 1
(891.0777149137509,1000) 4
(0,387.1668823984662) 1
(0,0) 1
(689.0752096514669,767.3797866345169) 2
(345.9958813253147,941.4071522821221) 8
(0,909.3349229510195) 3
(396.6853794733668,315.284492271191) 10
(320.6315792768388,0) 5
(356.37576246137235,226.99665562800897) 4
(1000,876.9798936403504) 8
(506.9293518289972,617.6695685809034) 3
(811.2952118743108,1000) 1
(970.1481974610545,20.854779982250307) 2
(668.190192838966,533.6495222115582) 5
(611.1269008756854,969.2121879305664) 5
(525.0575789379792,480.50475392124076) 1
(152.5685285900683,653.6846411133184) 5
(239.94002455354365,240.9934062092516) 3
(679.0688480791927,167.7517244614744) 8
(271.4479125896028,500.9919964335029) 5
(990.1123004159987,197.29119786364265) 5
(0,245.89365468087246) 2
(649.0640323127202,746.5449041207364) 5
(365.9733132599306,1000) 5
(370.25774411677514,785.7419652458304) 3
(439.0675593769311,1000) 1
(441.00002598662905,346.8193988007655) 9
(384.98360899207154,474.23731172489283) 1
(659.0579135565882,499.7965889986086) 3
(991.2507925310049,141.54069040204536) 1
(353.2046181460663,674.852991221552) 7
(397.0104125204299,545.9228952705137) 6
(163.2640207832726,386.36300212204185) 4
(302.26092619728036,976.8674813897778) 1
(618.4126313326308,692.5592867500446) 5
(481.1464661506937,814.4314588511916) 1
(0,342.05878829387296) 5
(89.60889408802387,583.4727016927463) 4
(397.98969796089074,63.45224003700429) 6
(708.2388578744595,657.7478172790495) 8
(675.4895337005449,336.8782591448148) 7
(1000,377.5748109365196) 2
(804.6400385336143,679.6313309081434) 3
(668.64955747197,372.51519333380304) 3
(223.33596768129252,725.3173355552008) 1
(351.91887295810136,415.3934346786789) 6
(471.5065744779822,0) 1
(428.90423462980095,395.0052353421679) 4
(722.2940829251593,982.699587608128) 7
(464.2582411731339,726.3788476964802) 1
(510.12837157057777,38.276450874475984) 6
(585.9939514251597,646.4915174696885) 6
(860.7021502219884,542.8264340694903) 1
(380.48450353631944,61.61121910564708) 1
(841.9713433487678,0) 1
(1000,817.8080488898187) 6
(498.61222667109786,393.1049405760978) 6
(703.1633279598907,70.1320860647512) 5
(489.5767298415984,370.62735724908634) 1
(803.1463226425018,285.00168596485) 3
(325.4654143333611,240.4692670485702) 8
(191.1259701098905,131.73074111321097) 10
(172.79902734292529,850.9551275335991) 2
(349.9819381587323,291.41220396745564) 5
(376.84933368277734,820.6923179358464) 10
(421.00574090800285,0) 8
(954.4265499083613,868.463149346646) 6
(1000,832.4074892386691) 8
(703.0585207795325,273.1630554697166) 1
(0,586.29812072966) 2
(583.1627308329863,107.8833039925529) 6
(522.8979702059704,268.17725536355283) 6
(852.6411372172104,516.7288918213048) 5
(842.1601795015802,123.63216947107196) 5
(873.252932466561,619.3802407364324) 9
(663.4549154521296,407.1019511592625) 10
(990.0052845932714,585.1121999358791) 3
(488.3806842479574,864.3783210690485) 5
(137.4356281621969,417.0499098933161) 3
(1000,0) 3
(532.2567468089667,572.957823738913) 5
(0,932.6519778568688) 5
(563.7678200797433,674.6909619371982) 7
(637.2539287536497,0) 4
(912.1139017066143,18.63965692580166) 4
(328.2588419367887,277.5420646474478) 4
(111.27116848401283,1000) 4
(325.037108311265,747.469677584761) 2
(716.5750603231952,883.3729177998775) 5
(728.0462503369193,96.19027407088771) 3
(636.587312695918,666.702063310914) 3
(384.42759816677625,788.8089710131039) 2
(690.6777709167818,741.7022682421409) 4
(694.2542738439462,496.8995094631938) 1
(419.6280975844796,659.5479400418344) 2
(233.57085548906053,325.90971083393936) 10
(247.47434901265092,900.6528328385302) 5
(625.5840431585286,715.3007689570805) 4
(485.24182403489186,0) 5
(580.4294190153047,303.9188457155617) 5
(718.4790521070956,357.1190668176086) 1
(488.8480056995776,563.1595253058933) 3
(180.33015571813513,479.17035476548097) 7
(295.6036391813557,840.6486974356224) 3
(566.8489703836705,241.29142132910596) 3
(378.7007518205936,1000) 6
(259.25841263707855,745.896855581182) 7
(614.3508868143607,479.46858646701173) 8
(919.4058610121652,1000) 1
