1000 1000
10
(0,0)
23 200
200
(393.9600518790006,706.0470898704874) 3
(1000,487.9946406894837) 1
(1000,1000) 10
(633.4244051155657,0) 2
(586.2029819341507,1.1127979566864497) 4
(367.79615206617876,648.4472619211083) 3
(0,125.35140431541072) 2
(133.41186723516904,0) 10
(0,394.5959365143424) 8
(1000,593.9086300822336) 2
(437.41375257114333,324.07278600435785) 5
(0,326.5628513491491) 4
(199.9761171010889,550.1343831693462) 4
(511.3262050939309,293.20256522307363) 7
(623.2474699375963,84.46465559720752) 3
(1000,270.93867355175087) 2
(761.3620331852271,937.7658198453618) 3
(484.497062222811,631.450164240491) 1
(605.7089177877472,536.667368303729) 10
(590.3758478987627,376.5273491298478) 6
(688.5812424005247,717.3807208759104) 9
(461.1151886996033,582.1166678421542) 7
(232.73439903227802,273.2443091301311) 4
(764.4534316405911,657.8261512563606) 10
(0,43.30560257022938) 6
(639.3198973445672,575.1435716784591) 7
(861.5057255646311,111.54098419746884) 6
(656.1747916200769,0) 2
(753.161507736158,173.8878129797277) 5
(603.9378144889474,0) 4
(40.78759658698152,403.98659776850354) 10
(997.4985673019012,505.3062300687575) 1
(517.9002430742471,1000) 1
(764.2751754745805,719.7380109006433) 9
(443.5713874117013,639.2126167107743) 6
(0,125.99136637974692) 8
(738.3178977860546,679.7941734603291) 4
(945.5651838898344,951.3621999832079) 2
(911.4382563650752,351.81845935765045) 7
(258.04244163454587,1000) 1
(500.429125161442,459.5610562079821) 5
(558.0486799413845,688.47680286981) 10
(674.5475541722299,529.0124215025434) 3
(735.3698995676231,364.2908316533887) 1
(1000,916.7926344861376) 6
(770.1111422713627,264.27907159971767) 5
(491.02371407384715,0) 10
(1000,606.5440771908454) 5
(376.25543962232643,70.55422532183542) 2
(137.1508976226209,953.7338833717008) 4
(220.21107728560833,69.77602730826277) 7
(1000,834.4493877078571) 1
(724.62849430028,898.6890437629174) 6
(661.1754671933357,469.0720278912338) 1
(975.9909870407929,477.13876252519884) 5
(0,0) 4
(498.1092217586276,794.3672222175131) 8
(526.4401922422096,175.4756783382117) 1
(940.7720894516137,233.46280390824683) 1
(374.94966729494354,691.1461947279552) 10
(522.321732840763,612.8470775677333) 2
(251.69806057185235,607.7276888176345) 1
(259.4361566196215,762.3239763970273) 4
(427.86930311823954,34.22772218002416) 1
(53.59188195740916,1000) 3
(658.021178486898,418.6145064242979) 1
(565.5161644471797,653.7214916558651) 8
(685.8217464136425,505.4496310437446) 5
(321.1531642297331,789.6817298960084) 1
(869.1671768939866,445.3864221959661) 5
(294.81471142609286,175.85928898475237) 2
(767.5488793584227,142.66201469389324) 3
(541.6000147402561,1000) 9
(1000,636.8108756652819) 7
(601.486308919357,774.6428776897313) 4
(541.7114587693724,455.94705496657286) 4
(398.87265533366406,465.91284642825997) 4
(773.5283510723302,374.2710440387598) 5
(333.42284087203893,885.8348491462132) 1
(298.2923537443304,136.15643736762712) 9
(873.4369422942153,777.3626868394279) 8
(482.78560895000567,267.08280529875947) 7
(508.76546237397963,1000) 7
(167.02490233928143,531.6575151000013) 8
(628.6242767068944,325.7611872820286) 1
(724.4791922206933,123.57796226670177) 8
(320.2725558987876,217.36029393481783) 6
(575.4956218261194,828.6831744349678) 5
(80.37797563783818,0) 1
(106.33239997013624,739.527032722598) 10
(295.6599528649259,536.925101164867) 1
(859.9315505657385,942.6434438192368) 1
(394.5229296148364,566.1775078434255) 4
(243.54671167869617,745.6746165927686) 8
(785.0170978946053,0) 6
(623.6288456257384,982.0681966067816) 3
(675.7637467551206,481.96350515486165) 7
(640.6070428975012,1000) 2
(638.6010145803452,336.6524801599853) 1
(995.8833024411363,684.8559303636101) 3
(924.2293588816599,0) 6
(639.1710803258593,147.2973448673415) 4
(500.1891665214775,504.35575932679853) 10
(391.8415541861441,688.1407870183051) 4
(1000,533.8361373087408) 2
(319.9149942852054,555.8546471741467) 5
(350.6024607704017,399.65262854766866) 3
(191.186805855996,1000) 1
(806.0056517343776,111.30856829490563) 1
(354.4183341313413,0) 8
(332.5478940663653,1000) 1
(359.6116110155216,0) 7
(507.01680488270455,309.03426596695067) 7
(828.434648676694,192.0068869312077) 3
(822.8441324839443,550.9990058737735) 6
(776.907328324776,637.8075101138548) 2
(1000,312.9945165540868) 2
(584.3562130644232,176.42285345449852) 9
(632.5473780497348,61.55705583326301) 6
(716.3648702469403,0) 1
(4.613752181237828,518.456299857792) 6
(1000,63.564791668417456) 4
(193.2630316430766,1000) 9
(0,894.7032657108277) 5
(848.6609191803766,620.0235317960319) 5
(196.78126819014363,231.9170365518409) 1
(523.8678756704674,0) 9
(1000,375.44760624780906) 1
(657.9358514704973,253.46012939419475) 10
(573.7171201845727,745.2078337370046) 9
(660.6552044018313,625.9384980910971) 4
(639.4378170069322,151.25712899383973) 2
(361.53960245525417,892.9618160314612) 7
(379.71236653322217,300.6048979125817) 1
(305.4322686222332,476.9173178347756) 6
(146.61245288217174,329.74474001237286) 4
(426.85131451832854,576.0415919341765) 1
(446.1962088022566,749.9965067893063) 2
(53.342745971936324,515.8091107396086) 1
(0,469.3335008545194) 8
(778.3705899718586,52.193530417636225) 10
(920.6295305167498,163.13144394253288) 8
(0,838.214514985463) 2
(489.7905638726941,423.2158639742087) 1
(422.0104248315511,691.4941389337207) 8
(732.8953320348063,290.2959575898052) 8
(369.82755723471126,404.89382409455607) 4
(350.06898358768024,281.02715084210547) 1
(521.101481155773,301.62671402118144) 1
(586.8601759694934,667.317113543592) 2
(176.0585037062948,850.320004884157) 6
(635.3803385817049,912.2416063964226) 8
(172.58130914413374,681.5114144178808) 1
(780.5720757930412,492.72541271666495) 1
(360.94847062217934,651.6810131721531) 10
(157.80398642412592,0) 5
(462.8785757860451,238.34156647341206) 5
(699.6551573627552,871.4693729163473) 3
(437.5374217914272,722.1601994947216) 8
(665.4861323223863,294.2365730181541) 6
(1000,428.1895174952091) 6
(233.47352733150535,672.1524468887492) 1
(163.82653258348472,539.238298777597) 9
(301.9664757048796,559.2198547026454) 6
(289.1557300208296,627.5117755045526) 1
(494.5239302729081,396.95969185292864) 6
(1000,728.1190009504132) 7
(813.8319982703586,253.0187797255011) 3
(1000,763.7022940047796) 3
(96.47356095752468,1000) 7
(504.4820656195103,263.96730712617693) 6
(334.56504936372295,526.9297296408043) 10
(854.0717044126709,689.6113539125587) 3
(1000,789.7868514685679) 8
(640.3395361181729,665.3943914914227) 7
(0,573.0021877612858) 4
(586.6151874209089,508.0374988690491) 7
(610.3131347768489,738.1189302387597) 2
(579.8318477358112,619.3568372274068) 3
(26.124029601240863,367.5103864208613) 6
(709.4393633380569,113.70482616023287) 6
(934.7447833297241,394.4967322188571) 5
(1000,4.705999734312115) 10
(74.16991292143649,232.829424151247) 8
(670.1632884400672,1000) 8
(1000,252.7769211426242) 1
(893.64514132822,403.7627233416664) 9
(0,675.8964891117305) 4
(809.0261619840967,819.0448700149011) 5
(180.06249088126555,734.6646175477827) 2
(0,116.80524605896483) 5
(1000,449.57509116997295) 6
(930.1600868566422,378.79906155118084) 7
(286.68003926326554,361.0753546507191) 4
(67.74868564148323,942.7520984269888) 8
(291.13314243342745,617.6909000540103) 5
(21.653968107035382,296.0883233312029) 10
(684.9255029636101,349.77313675494054) 1
(645.0581264233698,636.317321686809) 3
(831.7851108865063,936.8280970188049) 5
