1000 1000
10
(0,0)
23 200
200
(84.43062224817055,147.2791178159256) 7
(147.6137504696939,512.1796115767683) 1
(555.9354389084829,701.830928911665) 9
(411.8718364581889,228.3318593876594) 1
(488.73051077211454,1000) 1
(239.27523871102096,803.4193145871918) 10
(392.72467514165874,0) 3
(847.882172951755,996.286830203256) 6
(35.63640403196996,950.6103667794318) 7
(407.1407643324553,449.4786107026608) 1
(0,219.33919054059976) 7
(328.4410569173218,0) 1
(728.5166631044535,827.1346947361451) 6
(308.47512811282826,0) 4
(330.04857910333806,433.42710957518636) 5
(533.8006687371462,754.0777071698244) 4
(636.2916901555034,868.7401669507649) 7
(1000,66.94006030945343) 8
(471.5562913085519,307.99177634206126) 1
(505.54927524847756,303.05299323969047) 5
(802.6758778773501,498.4183899124481) 7
(441.7498990601833,611.3641472073107) 5
(272.85903910489856,509.3205515906578) 10
(612.8225755816462,519.4465258416417) 1
(562.558862837551,0) 2
(1000,655.6030903588601) 5
(400.7805549080697,850.7431757608791) 4
(943.0004580646366,345.17320585110866) 3
(741.5516021322795,694.505572821792) 1
(0,0) 1
(284.75962909822704,218.77927306168948) 7
(810.8150463184121,643.229903418902) 4
(451.32724903212267,85.18420493759521) 4
(562.4493825723009,1000) 1
(499.19849239533227,427.19779572255857) 4
(1000,535.4733090301094) 4
(547.8555081258226,395.31043880148707) 5
(741.1923145351946,397.316211218022) 1
(216.7249237801915,595.3312831607634) 1
(402.0521713897485,400.57152106405965) 10
(803.6921117013679,357.9089245289007) 3
(549.7615110937974,1000) 4
(379.6550241905548,773.171538781043) 8
(112.60734000918495,84.80430183727447) 7
(1000,1000) 5
(830.9014770899223,535.6408201800218) 9
(675.2585562114542,1000) 1
(0,690.4528240317493) 3
(654.4957153912624,332.4417934953751) 5
(12.596894423508843,671.716075861124) 3
(809.9645243868906,934.533084115046) 2
(674.251413295884,872.7862487988211) 4
(187.68604003121453,884.0862302409448) 5
(1000,757.9030523250542) 9
(384.215156509081,728.2245190883515) 7
(786.7441915147265,624.4591130176344) 4
(109.02717052161682,0) 1
(946.6215707533363,561.7425754863481) 10
(0,614.0664535355985) 4
(1000,0) 8
(535.4885468826751,355.6810924877631) 4
(0,346.7445280809891) 10
(826.760317910279,502.2591812963862) 4
(363.26221007172114,648.1096980597436) 1
(135.26828242718716,733.4419745563537) 4
(293.9581361326577,800.9734425914517) 3
(212.53276341903023,718.4451319470376) 4
(164.4754044028304,195.5222714656797) 3
(0,1000) 5
(512.2898443880352,351.6926689492584) 4
(610.4852632470746,109.11203733621693) 3
(0,334.2040644575287) 8
(1000,361.8664831065264) 1
(712.5618155694258,852.062356269226) 5
(899.9000535321773,500.20022412162706) 2
(427.25870843930056,443.8026410676638) 2
(431.9658058194665,1000) 10
(372.2439328153032,989.5814350795756) 10
(373.249130783741,1000) 6
(133.50520403056203,459.6965537423339) 2
(351.68437440281735,242.32570669597334) 4
(559.8683019528027,822.3695907043445) 2
(194.07048917459434,536.9435202709682) 3
(429.18095525056776,808.4401317123751) 6
(132.1011635939775,888.4655909342353) 2
(189.93119409916,506.77581104248526) 6
(585.2059672855956,667.6949663745831) 2
(267.30498574992396,160.46025895020114) 8
(242.5054230995512,390.1203059908297) 8
(288.4225203722239,178.28132684654912) 1
(625.1660975891999,429.839297849037) 1
(1000,685.9609751905758) 1
(374.771976563784,25.372455578303857) 3
(605.7530890197255,389.12553159111616) 4
(674.813341920836,0) 3
(675.2351204523957,585.6980001232614) 1
(260.9318062549413,615.1366359728715) 4
(375.24427030659876,372.079006719369) 7
(831.9426321436287,376.25888515721374) 4
(671.5672110697797,576.4464013920416) 7
(298.9982010570664,674.1668013261545) 3
(207.89245132932172,560.8320367209242) 4
(945.2991954499436,903.0175799224749) 9
(335.7538011334333,571.6229948497495) 3
(514.4889034034452,990.3966521648575) 2
(232.81412215686612,1000) 8
(533.5065613972711,1000) 6
(719.7286009467874,1000) 1
(1000,203.00825718789594) 9
(725.4583860892591,137.9878961948628) 2
(171.94959475816046,475.8476076623706) 2
(755.0544793960771,268.14964819056314) 6
(561.2090940902075,674.1678333267984) 4
(454.4159010219463,361.5973372061633) 6
(288.6721649547584,87.42215844632784) 4
(366.97507606741567,51.45589647316916) 6
(709.6063314663758,625.2172617395474) 10
(720.184561030701,509.04272024825207) 2
(236.7750551950934,607.5913688767732) 4
(219.15144701846157,0) 9
(754.9273972203806,274.7710919964506) 9
(795.8661743523945,1000) 10
(205.9388627458203,573.4382914869425) 9
(774.781993136219,989.8879741788911) 5
(548.8217040834901,960.2981384295169) 1
(0,289.2974101699608) 3
(532.5817935418477,261.56564171807304) 7
(244.6335779042992,873.8498836983916) 5
(1000,421.95898021120263) 7
(919.585169501568,565.1485739951005) 1
(858.4051726627553,479.2213542658083) 7
(195.24160585953143,0) 3
(403.1679157500541,243.56708351728048) 2
(631.2550633131689,988.2951844178749) 6
(406.486110051506,495.2825930777981) 1
(141.76485728843073,620.2939270922182) 2
(465.3228261266368,1000) 6
(812.90952522012,718.7337233305103) 3
(86.51650470303952,218.605002861012) 3
(629.0034894575463,523.4571246681475) 7
(832.9294183574139,696.3151026557133) 5
(712.6575402923252,312.4544565183636) 8
(605.3765192444653,239.78349682196216) 10
(220.83312082888614,451.34495069221936) 8
(705.6114763059337,381.66164858415385) 5
(349.7851747997652,523.4871183397996) 3
(60.59668631442128,702.7061621560771) 8
(132.90545895756026,1000) 5
(684.2542189139614,594.3292201389497) 6
(0,450.0310091526498) 4
(519.1991042766343,125.59375204541277) 3
(562.5602532478986,260.0632774615159) 4
(135.64213746353812,0) 5
(629.5369620702112,503.3249057677119) 9
(1000,476.06091186492205) 10
(1000,804.8855025425703) 10
(443.3421893926165,456.7347200284785) 9
(517.8824227667242,462.8910139342885) 6
(890.2146386251247,252.547174419112) 2
(430.1393105019258,277.8643042567056) 6
(215.02647124758397,0) 7
(330.55388616574845,607.9180125066094) 8
(593.8683945424563,168.80336334050776) 3
(384.96651465268644,1000) 7
(0,757.1887172891068) 1
(1000,33.305716561079464) 10
(276.3808851901442,764.3285385609238) 4
(32.12759239555902,422.758222314739) 7
(729.4237644487653,426.3890372949383) 5
(358.7884680633133,66.006375199177) 9
(377.9895001570526,935.8285646736333) 1
(456.12882089480485,413.5677710396257) 1
(668.414734248049,315.9345202142722) 4
(301.27319184944906,0) 4
(133.09943823462027,411.2058593110475) 6
(708.6595463171043,516.6577223887523) 2
(445.7509883631478,359.38008406728534) 9
(376.16984295882855,229.79861192086724) 5
(495.5654160987121,632.3761321917016) 1
(489.906613669812,522.6857915629772) 9
(119.17998938452627,171.95231464463097) 10
(364.27767440931825,795.1037325648931) 8
(798.3022295856526,0) 4
(419.9011267892413,543.4074642622382) 5
(782.7674058240386,243.69722653512542) 3
(0,156.56219687475811) 5
(994.0878132896997,101.47911647075836) 5
(554.5816688488285,369.54424348866314) 5
(750.0986457874196,945.4463743754939) 1
(228.74938485937946,237.03476585181636) 4
(642.8183327161121,0) 7
(874.6601195033251,744.6534520087018) 7
(577.8584946940365,739.9387332967174) 5
(202.2585727647289,592.9541486063499) 6
(804.7737661903784,817.3650004364835) 2
(415.5176679728044,148.38598291667552) 1
(612.2514375718072,351.90930707167223) 4
(45.16499810211769,582.8053101886769) 9
(776.713984327226,358.2610821849054) 3
(89.06400829294853,570.3581325270254) 6
