1000 1000
10
(0,0)
23 200
200
(104.39443414239173,215.82615538232727) 4
(526.579669010024,124.81284054293036) 3
(635.9302056557306,145.23411090332098) 1
(0.5846397152914733,852.66111144894) 10
(524.4387014425229,250.69256889267066) 4
(361.9286951140318,492.6263400154319) 4
(614.4546653250003,798.2549336286017) 3
(796.8678624308757,177.02453186349527) 5
(386.6549429503807,723.632415769217) 4
(761.3272507961311,471.6099807784881) 1
(742.0159787274149,468.2906713476618) 10
(631.5489305314053,874.578057328969) 3
(668.7117179561835,124.42498899464283) 5
(644.1488254459418,392.3354337256777) 4
(483.4663271222228,350.7233596029996) 9
(811.1930249628725,45.694373080796424) 10
(435.8526851809475,626.4152463800315) 5
(660.8158359497972,0) 10
(492.5632146816118,65.8028203888876) 1
(539.8757718415219,241.77585651984356) 5
(0,563.5985709891568) 7
(32.94161854466171,501.89622695896605) 4
(0,126.15156802377209) 8
(444.6998507624196,529.2229750896691) 6
(272.4529586576955,612.8528330987302) 10
(340.1361522712513,844.5503575210959) 3
(465.55365004388864,726.4234298074939) 7
(296.58311369607986,538.9932227991154) 3
(0,287.7658803614003) 4
(917.4098708964185,540.7234011629117) 4
(581.0098831006866,1000) 6
(651.9416232104625,330.8853534331837) 3
(707.1970411973134,965.7679339888984) 2
(0,176.82667722092464) 8
(673.2840543143867,372.0976697893831) 5
(747.1829557622951,204.61735606926214) 1
(1000,330.8105334055706) 5
(480.898397419171,571.2135409334817) 6
(708.1795063603618,0) 4
(599.5273001576458,970.4206580378678) 9
(4.899468254556268,334.9351461015729) 6
(690.3464044664644,201.39672598716174) 10
(363.9739371461592,650.9736348254705) 5
(736.7747685907901,709.3065521092276) 1
(448.57410593576975,533.6684891900493) 1
(864.3144368742801,525.7283213582956) 5
(883.2939126804217,858.4790947488536) 1
(269.99937118568164,781.8736863753815) 5
(709.8553536167876,646.57575874834) 3
(621.5315600443266,901.2409612424949) 4
(441.27902421901035,439.32434284634815) 6
(954.0985227470226,160.82597175856057) 6
(886.3491635433653,672.3980807786558) 1
(505.87461694596317,237.47174689437867) 10
(546.8464477297646,1000) 5
(8.938503717899039,467.05635819423793) 3
(280.82071003793317,1000) 1
(0,732.7430624498547) 5
(253.22899565780142,568.8085751873427) 2
(835.3823505843583,807.0927934548054) 7
(392.96269309892193,84.38781599019956) 5
(822.5131283781034,619.1479460264754) 5
(265.83339527158716,550.6294112532088) 3
(236.6190245163803,584.6322145419929) 2
(201.43887975475576,593.0997638835875) 4
(670.3266131860219,1000) 6
(1000,433.06640932673974) 7
(889.3700840214584,526.0859228094422) 7
(242.130020201719,0) 9
(1000,734.1327226554068) 1
(499.69098792198713,0) 1
(486.10006840894187,0) 3
(505.1296570784337,939.0064986203729) 8
(497.67626696140445,186.18542172041316) 7
(332.69916300338207,833.2636681077495) 4
(604.9354988799973,370.60996388445426) 3
(0,251.82084424189512) 6
(444.6547288933742,642.5607632709937) 7
(739.9186616371155,594.3504916638241) 9
(1000,581.776225553907) 6
(822.5646037283686,1000) 6
(957.0163091221134,729.938360184005) 5
(770.4874410422244,232.56119262644262) 2
(384.15841603657225,1000) 6
(352.50100890003114,809.1116551085508) 1
(951.2554980357182,0) 1
(1000,1000) 4
(551.7082561059598,329.5955105943111) 7
(651.8885871768113,721.7341056768576) 1
(663.2211991649502,437.61904468162106) 2
(373.89566918343064,94.37621388390528) 6
(329.03114684836123,249.0738539187373) 8
(687.6512355488693,470.47782845483107) 5
(600.6239531615884,138.7132704813787) 3
(636.0062942215683,747.9597204470103) 5
(387.94970298743453,126.99249978289686) 3
(224.82100058750353,986.4131399865955) 10
(361.8964521184953,243.8573163393869) 5
(692.8399935126869,743.2846732622372) 8
(855.7494702461106,476.8896632807621) 3
(0,247.48475283267626) 6
(649.2450192261063,709.6230837393184) 4
(501.4883222703408,421.3023006958905) 2
(562.9904882005712,529.6724798139119) 8
(185.41665991336458,969.8825425982619) 2
(226.63245055831493,456.3450895878169) 6
(599.2083307946498,351.25153310907683) 3
(335.29463666673036,893.2085693233314) 3
(648.3007850412589,674.6803951108648) 2
(712.1599987810188,487.3846054340704) 4
(224.3938883946371,321.94443384418616) 8
(782.0501687905619,247.54918254341894) 7
(700.1367966890846,739.7233299235833) 4
(441.62670753333447,646.033584162561) 7
(46.532241430566614,229.24124309748595) 4
(579.9190487120001,208.23565745170936) 3
(1000,417.74508851164524) 2
(483.32681343372934,782.6504914206985) 8
(144.18794619607593,1000) 7
(564.6195592405716,52.26152194850897) 7
(672.0935220150772,303.57615975846954) 7
(290.45114746661096,963.2254848273294) 1
(986.0887601385774,0) 4
(300.42308219917834,235.1210878352984) 3
(765.8994320241375,175.97421617495644) 1
(842.9679991512032,52.44887274491663) 7
(548.1366718751927,0) 6
(814.7296854047195,16.986419148090704) 7
(659.4133551184082,496.9770842164535) 2
(756.9619460022061,835.7427691952413) 8
(751.7110339230454,638.9002826470257) 10
(833.0825262723927,919.7948903945003) 1
(1000,533.1581065465944) 2
(0,689.1753479077096) 1
(342.30132774810545,153.84624596078686) 3
(305.00906247044713,616.8512118198917) 6
(438.2003769914609,494.17094802102616) 4
(792.7546046889468,547.6697386735303) 1
(1000,178.93231535454754) 3
(725.4299213847595,354.11795026942184) 1
(712.0899334191739,85.26184817203762) 5
(728.7021660285955,712.3402331517897) 5
(752.654130680946,127.79653510120312) 9
(861.7490795158635,227.69106781097548) 4
(129.53898915861305,593.528562065081) 4
(791.4057695346124,56.02470199846937) 1
(1000,111.50315916263486) 1
(326.3631699821425,0) 1
(0,150.95437635701967) 9
(1000,0) 9
(716.4017876072954,247.24616422084793) 5
(373.54590923718337,75.3909663252474) 10
(554.5438562925845,188.18484944814986) 5
(790.0757345990826,498.41570046672985) 5
(819.7325337015509,375.364541900208) 4
(515.484739018513,253.3705315530613) 9
(656.6978082697826,0) 6
(10.988634400260196,602.713655905087) 7
(0,59.94206898173553) 4
(630.8407092574987,480.27382812355967) 1
(599.7152515137313,869.0882504640197) 7
(1000,640.6674561879597) 9
(400.87082488714856,513.0554099855252) 3
(652.9919078792419,741.45754049169) 1
(554.2004318154302,109.14958466283053) 6
(746.5218555123205,401.5152700821037) 2
(884.457293732708,175.21955679606526) 10
(581.2589097700388,680.649157475806) 1
(853.4713883937443,1000) 4
(866.1434032954821,125.63464330110855) 4
(246.6125911344688,672.0916469163609) 4
(371.5147776022703,720.9023675690936) 5
(0,427.72353616171273) 7
(425.38098647672206,657.0846798813059) 7
(320.44881443812795,518.4260063839744) 5
(648.8786175710619,35.969917431588044) 1
(417.5836872702105,910.4781110304395) 4
(647.5074038746649,592.7000702292717) 4
(658.6030292456056,277.04449767600727) 5
(363.2600442905777,518.3507307413079) 10
(725.7920786012613,450.46370117108324) 1
(444.6977739703989,340.42270384298183) 2
(386.13456695626803,517.2938926935251) 5
(582.9332125660927,287.2410233827846) 8
(215.32690743957687,560.6206993181316) 1
(489.68111207767043,622.3064152437601) 3
(621.201223476284,729.302000824199) 3
(832.7603017955602,687.5663091418812) 1
(570.670109371439,892.4641478758776) 9
(658.6670227998242,687.6900615355962) 5
(281.5042607949701,0) 4
(577.9997189384451,150.74814155087876) 7
(303.0670038428782,148.1158099037055) 2
(597.2072350032644,775.144425498003) 5
(818.9793146467666,825.587006154661) 9
(577.1245945847841,593.6639026111644) 8
(484.8163534729585,928.5851597563894) 5
(1000,289.0235097319931) 6
(489.66375433142264,592.8252597758452) 1
(329.11895550073393,738.447182540414) 1
