1000 1000
10
(0,0)
23 200
200
(544.2040432818168,451.4480386455914) 1
(0,332.2396123850451) 4
(830.7930568657541,517.22684060872) 8
(764.6926426016694,897.9906067379471) 6
(450.5152215470664,935.2578182663294) 4
(1000,1.2219743332370854) 7
(132.08831760394418,943.4220761563017) 4
(782.0747072465126,720.1436073489307) 9
(595.1762372022582,664.9600850898776) 6
(304.588664729327,600.1609587645419) 1
(111.43021330208808,942.7338729634018) 5
(1000,857.6139909490553) 6
(577.2287084309576,865.4876888647877) 1
(179.04509905216537,502.2053719656109) 1
(309.8794101166477,741.2715867847608) 7
(0,0) 9
(112.66521008275089,734.4937302180764) 1
(144.02474255657825,446.1284775351855) 1
(207.8504497450001,871.6161095751697) 2
(222.4961158051487,685.4471362378454) 5
(225.7719560086415,960.4729699030095) 1
(872.5612495714862,386.93783859439) 3
(885.674655136999,830.6921866810985) 1
(636.8077653814353,142.5142381709482) 1
(729.7826261911683,565.1348295241044) 4
(390.83574615080533,529.936064596059) 6
(324.6472982142693,302.456649339863) 1
(237.44296033073186,660.7003962806396) 2
(645.2584775435413,1000) 1
(722.0592452686953,578.6872900482126) 8
(888.1536870893315,453.13644485791315) 9
(349.4790326865663,621.4394083484045) 10
(450.1055394675992,707.1787209157595) 10
(859.8524405756514,523.6118410884139) 10
(750.9446742252276,850.0065355680958) 4
(1000,324.432589845396) 3
(742.5933757157294,0) 9
(617.4061373198308,832.2965359133658) 6
(4.847724507499095,0) 3
(310.72644278507363,550.4469818166626) 3
(303.10965144624106,408.1149701839326) 5
(309.3438615931658,760.2539861598535) 3
(0,425.6728919638713) 1
(621.8085710812234,361.1517423473384) 7
(17.85117319540427,42.63768450430251) 10
(333.0671404656124,988.0700201289812) 3
(520.160861739147,76.39310113902695) 6
(889.4312929612174,530.1622573151606) 9
(21.43687503486052,157.58671772136103) 4
(571.6219624441209,658.5246607675676) 1
(467.68992023188713,405.3687296030345) 6
(693.9012037122009,255.03626447403258) 1
(361.4680382815988,389.9944316180798) 2
(191.76920935099326,320.89452044728756) 7
(872.9216207517698,0) 1
(121.81690805924137,1000) 5
(347.21751259541605,690.9634567712488) 10
(67.04239950662765,475.11679823672796) 10
(436.58076087510756,455.85142644948604) 3
(493.5623407577684,322.60332399125514) 4
(286.82592742809277,650.8542978949861) 3
(979.6775333818666,394.25320725020947) 5
(631.7415921371409,1000) 5
(0,300.63426336813137) 10
(551.0358529996914,946.0195474776434) 2
(1000,526.882730296901) 2
(1000,246.3122311059849) 7
(685.012593055335,333.2856467351919) 6
(324.91020322267536,540.3011252274712) 10
(654.3087927817942,124.99985308257715) 3
(1000,1000) 2
(756.9637335374211,675.1348528912954) 9
(43.055642683543795,696.1111315582942) 2
(282.24828165153275,619.2657250500113) 3
(260.8853631620369,84.44692991922699) 1
(771.78246445536,514.1054616034581) 4
(299.5117088640657,828.9315441265492) 5
(645.8712908009077,483.44427236765193) 3
(0,235.9224516348831) 1
(394.2985275882537,428.7243016746942) 4
(444.04433650850643,229.89908707435137) 6
(220.28401943039506,385.0285744029266) 3
(1000,746.7133896761409) 2
(249.1645451398034,537.6104968162422) 2
(279.78947380764134,0.4290721343007249) 9
(471.67795963917683,0) 5
(701.359437201228,726.9218119803439) 1
(208.50274563368635,298.7806119462729) 8
(1000,918.7702109052689) 2
(602.4095415816156,550.206791532594) 4
(317.53244634511077,168.73570000168718) 7
(708.4531713194053,179.76506966094308) 3
(127.41593930928553,0) 6
(0,771.0678442272713) 7
(204.2997358977658,120.04768517832088) 8
(1000,568.2270659385503) 4
(659.6403320421159,361.0485987310466) 3
(380.98036578012295,1000) 7
(319.2860195266556,562.3033501316321) 5
(490.54721605339347,622.7207148173453) 1
(790.6401556857123,223.1054213124931) 4
(699.7967366011379,454.39578303803125) 6
(1000,0) 1
(948.5047852567604,746.1294946803885) 8
(101.58295088116995,140.54578226647436) 5
(282.6340629408777,695.1526822715705) 1
(128.68513708007708,447.90248465310964) 1
(681.209674961555,314.24956627209275) 7
(625.3955503988659,858.4352863761533) 1
(605.9313388733678,773.6259548934747) 6
(699.3859925080249,124.26637932390224) 6
(368.7615393851477,846.1046088806363) 1
(115.21254672166242,235.7207380329345) 7
(660.865170254145,573.4780652473474) 9
(0,808.2767296034244) 6
(114.44958878015177,1000) 1
(531.0392723414459,717.3186892675963) 2
(327.42880618236916,44.74212361609159) 4
(739.6956107046537,1000) 3
(273.8378143157569,201.71411513907208) 5
(334.44341885760684,602.590809069156) 6
(976.7698059669506,822.9017265277855) 1
(792.2452334235406,401.3238907427742) 9
(0,103.09698287615612) 4
(91.66606717713222,540.3652214135599) 5
(841.4182028838977,261.5482242312632) 5
(315.84070229097136,49.3502861852258) 6
(823.2152219942554,984.1901946886106) 7
(434.87027861764125,836.0550894000157) 1
(382.2891464280445,379.7187335672552) 6
(339.7099831814618,205.6319215507334) 2
(795.0494315432729,682.0754402176069) 2
(797.2186922848007,674.3940673272476) 3
(100.42133390042278,40.78617399098266) 10
(272.1431459958144,645.6997941034267) 2
(295.34348081702666,50.60463545034918) 8
(1000,433.1566279260919) 1
(0,592.5883534142885) 7
(434.7234223280749,1000) 4
(77.41832028586066,768.3262553787251) 2
(705.0477511394345,1000) 6
(40.23245674886118,376.7085681166417) 1
(451.37141048596357,0) 4
(870.3976548663416,1000) 7
(1000,452.6451567569412) 5
(861.1259364591043,90.69794932496796) 1
(250.2765314219586,1000) 7
(200.83412779368996,1000) 3
(219.74255258397704,1000) 2
(0,863.7823252645444) 9
(1000,758.7186914677178) 6
(854.7742246109417,0) 2
(926.5489511599519,0) 8
(0,605.2634466554001) 10
(990.0969985565785,752.92429511155) 4
(941.5192008472984,0) 7
(309.42832728720396,732.0017233566905) 3
(0,641.668530160515) 5
(377.1319401356196,605.5055187882604) 1
(105.28077390469366,298.55521994767236) 3
(1000,435.25956667422963) 6
(384.5559220024543,661.2741746669312) 3
(649.286035630003,724.8101958223209) 2
(853.8495117849161,551.4536523497802) 3
(480.1470573009493,629.9245899729135) 6
(706.9273418351663,3.718253211610545) 3
(921.1715139025207,644.815266095008) 1
(150.15235317316126,697.1336747037706) 6
(911.2404956414248,516.824699293907) 5
(854.7051246480194,317.5535914573974) 6
(658.5147152380697,274.71179172279926) 4
(420.365684878879,493.04176777237956) 6
(960.5752985786356,0) 2
(0,837.6641301658137) 2
(407.90493484150545,163.512666567392) 5
(1000,830.2250506490998) 10
(382.6982226616086,778.66870706875) 3
(59.375697696066084,451.738369164969) 8
(928.2180481788225,680.2589799978689) 9
(310.0728668814683,528.7917026560408) 5
(623.7856715143013,115.69640744234198) 3
(733.5018738618547,1000) 5
(308.3272059155222,281.36915006653624) 3
(822.8506009049308,404.68491263306333) 10
(1000,610.9741958727759) 5
(205.78883087562656,280.8317402507496) 6
(0,647.1254251626009) 3
(619.0345289486431,517.2222291356072) 3
(941.5284593426554,1000) 10
(733.9620226614015,362.36752594840743) 10
(991.0299978442157,0) 3
(769.4444415195438,389.1225618846052) 6
(764.044095754083,123.73709484190096) 1
(451.1425493703815,290.2026069480611) 4
(931.7110628690479,437.5843282292413) 7
(726.3346985611778,0) 1
(929.0181935384517,355.12479975656083) 10
(156.42841314611115,327.6516750606968) 1
(519.7397318972971,543.6343134405506) 2
(230.42792751655577,791.9148766858502) 3
