1000 1000
10
(0,0)
23 200
200
(498.6186050994369,336.87783812900466) 10
(1000,193.97544944696756) 4
(660.4758141424895,731.1302156303042) 5
(0,234.93388258720574) 9
(116.14285722254289,197.98850151331771) 3
(216.12405530853403,619.3685052862251) 7
(490.60635288949004,103.32805855822198) 4
(331.81631874513516,228.076239273772) 8
(787.1789954080948,110.91552942857709) 6
(0,421.2645636902863) 6
(303.71743049174137,808.5852497726057) 5
(924.5239899593688,183.22917052512855) 2
(349.84355978825965,0) 9
(637.3244722567126,425.7632135120943) 5
(607.6629442108406,663.8431708726839) 5
(335.9860191664536,390.2921271683154) 5
(981.6160928090817,535.6546257631126) 1
(569.2722010346727,327.1801382941163) 7
(0,19.759940810952855) 4
(296.6692131569776,195.11538548102106) 1
(1000,281.6823382425542) 2
(147.01314508749675,225.86931929877466) 2
(637.9655674118306,460.06105285213016) 8
(195.9181911933352,453.501675979218) 3
(615.3834189615415,1000) 4
(1000,81.91807251568781) 10
(357.31554835575315,703.3514325138179) 2
(338.6534367821263,1000) 1
(118.58468721875778,559.171211747379) 7
(962.5400797679451,180.37696463752098) 8
(498.2645247793735,444.85388598107403) 1
(332.7792507682499,283.6644852104928) 6
(718.4741062369789,549.8481970684851) 8
(18.73576025243733,421.09523856270727) 1
(553.6503102562207,1000) 5
(549.2090421526246,425.5102806688375) 3
(349.3010455969228,213.20432965338262) 3
(323.5162909376115,0) 4
(192.61693780995319,652.1727048007879) 9
(888.3296818792137,420.6091650705857) 4
(606.1137041744862,743.9699549592772) 7
(879.859104169858,86.35734278211851) 3
(709.620074748138,376.07577281309307) 9
(396.92407028452834,252.79998029218655) 6
(442.8402687034876,349.842358689172) 3
(755.2717365285946,198.76664105988277) 4
(95.76175552614393,1000) 9
(772.6478309577313,478.63231154617773) 1
(566.0145676317627,783.6708663934257) 6
(475.1810394880893,464.8123694054725) 6
(110.08301196962805,328.7414026325091) 2
(0,638.3748441385095) 8
(584.4311210037899,719.615899597129) 7
(412.76468555626275,361.3128885139227) 1
(313.74135730904214,569.4575517449675) 2
(82.3041245734671,320.7862675420391) 2
(457.83156263691575,923.9475299757622) 7
(563.6311732384514,755.224824921826) 5
(307.024747172082,721.6494612037511) 3
(180.34802443738772,0) 7
(354.60600006463994,669.5781118515691) 9
(536.2964137937081,193.0145733272064) 2
(36.689261417197656,627.9636597518105) 4
(882.0926264450347,635.489837465349) 3
(322.77123833715893,563.8848004690905) 4
(822.8333978061308,853.3043429941745) 7
(580.144511537196,392.0022580232875) 6
(401.55321111768774,1000) 3
(644.1425904710057,1000) 7
(431.14798581752956,279.89623775414645) 3
(506.0583009844085,179.6817429820727) 4
(734.3620251941576,567.0314308017993) 6
(17.41115196593529,464.54189472495847) 1
(816.5770441278619,142.36513673033602) 4
(252.60895580294888,807.7085467411085) 1
(315.63138068599085,694.7959005539811) 5
(52.018984447743776,359.7222667827217) 1
(1000,698.9139053210636) 9
(309.26845990072377,933.2319685517712) 4
(348.34152032508223,610.0316523219767) 1
(97.6446439101353,125.80375415459719) 8
(984.5245503542448,208.5459009909672) 3
(72.14417644952886,304.85932201339295) 2
(595.6299211615137,333.89642872153956) 4
(200.2983675457893,620.2785262694475) 5
(419.581336513583,610.4682043504295) 10
(539.8160498501669,632.0339007566947) 6
(471.6237759177744,444.5990191189167) 7
(1000,325.6765835541946) 4
(123.88106550936988,554.226199839459) 9
(890.7006511571287,0) 8
(600.2608892497854,277.61213752983974) 7
(858.9066993468638,545.4770882981569) 1
(729.4635391141164,303.10599085802676) 8
(449.66495297034277,347.62312580650047) 2
(713.6829389329572,79.50542027156428) 5
(323.99530621407496,471.68927689841) 7
(735.7116207635598,606.6849632919295) 3
(485.93504710916307,1000) 1
(270.6239598875048,548.6732819285616) 1
(585.9102237084428,876.0351380389031) 8
(778.3356385692948,617.2324807693971) 4
(444.7647348150493,997.9562297369129) 8
(651.3753653002616,118.82835312202974) 10
(505.4448716167525,487.8053371898155) 2
(171.70651443982507,257.10131604538947) 9
(893.6612938720305,184.7233926693038) 2
(0,774.4821909933518) 4
(844.7782829900816,383.57655937857936) 10
(713.3571033383502,517.6127331612997) 1
(39.52992950353615,0) 2
(1000,413.2220422017803) 8
(639.9677942907842,225.27786081166192) 1
(884.6192398625819,579.4318782336103) 2
(0,166.1460390740237) 4
(7.724280548884167,515.8852145099223) 2
(345.77775470595475,669.8163686113575) 7
(534.6536535344931,509.94374247599865) 7
(658.2656423892561,758.3273614666364) 3
(139.89235597468178,187.89940368960492) 1
(458.765393548686,547.5464454132112) 8
(675.8951199664814,488.17253638818033) 5
(676.7145793252911,452.88841279371366) 5
(65.42256381563823,4.152774341916711) 2
(0,301.43319485586926) 3
(774.9709220149516,731.2033679187808) 10
(705.8619926648295,272.4840080384789) 10
(310.91885195898953,341.0762365717234) 6
(433.58836150331433,986.7488420002787) 2
(168.37049368586798,588.1907010340926) 6
(520.9454793591589,660.7202674761731) 2
(686.6295435020494,831.6729087150658) 5
(229.9072132567399,116.1133352974644) 7
(506.1154277176079,185.5275321179372) 9
(1000,388.2166536542869) 2
(816.1286129924149,758.434396172737) 7
(455.979967434848,546.3426663050391) 10
(465.51416843864905,783.2850954426091) 4
(0,1000) 4
(258.71409222820625,154.8491916446365) 1
(164.27404979559327,710.1117970597819) 7
(660.4850629441164,394.5835563410395) 7
(554.002632714504,156.5043018177961) 3
(230.60850021116352,442.6561562415249) 3
(573.7458156897783,636.5243541441264) 6
(178.34739088022303,751.9143678486562) 1
(427.03935321895443,782.5282818261333) 5
(739.0498145767114,331.78553557002465) 1
(590.1193261928317,407.6551920277808) 4
(360.4705823377241,815.7538783088271) 4
(158.4294056065076,902.6949549204409) 2
(677.7562279040301,369.94511063376495) 10
(591.0140524024257,664.5713845103737) 6
(660.054563257714,659.0888553843689) 9
(836.4523885948392,0) 5
(307.69247601101847,691.369902570661) 3
(330.39483854943626,0.9257624461136515) 4
(408.48347821378763,71.41375903262463) 7
(263.0037984877024,1000) 1
(629.5751341265775,1000) 2
(467.97527201042334,470.2095017375947) 7
(387.54900915348423,827.3669601046979) 4
(559.5171444345447,428.71806780650843) 7
(170.6572390664893,657.6261938646899) 3
(776.4424989946474,695.4973558452106) 6
(504.6372814800746,693.5151040474175) 1
(615.554494222414,0) 2
(488.72548722816094,203.3409754992959) 2
(706.3022939611591,687.7076969088599) 9
(1000,894.2607434918873) 3
(549.548853117397,321.89106170731776) 2
(375.4064155053191,423.69782582910824) 3
(337.31578725745936,987.3827112764814) 2
(687.8010104136854,569.3752908819534) 7
(662.6119043481842,0) 8
(1000,664.3053333515732) 5
(568.8122320055503,164.94657029030896) 4
(759.5670298186708,1000) 4
(1000,463.80642312750285) 1
(601.5974786475551,121.1930164075618) 5
(357.6460067077503,1000) 4
(0,250.129342713308) 2
(1000,950.1792451664207) 7
(505.2154338340724,129.55293281724823) 1
(491.45533128031286,598.4654528794402) 2
(188.90533792506568,487.0815789638083) 4
(945.5907241211007,680.1808955512258) 5
(99.09037151899446,752.4308869684854) 5
(164.6781916719881,287.8849462993329) 6
(758.1421160084934,378.3903195598104) 6
(767.2995012062727,594.4031456355522) 1
(875.4675673853699,793.0210425983498) 1
(51.487719219506175,694.6113297433304) 9
(300.70121714453103,244.68590563976693) 5
(106.89616045094641,519.1413207897023) 5
(851.1676004607388,671.5337587212155) 6
(431.27429242212816,661.7189863754982) 1
(61.14649523832827,750.4134364632615) 1
(787.3337567944554,369.8466205055514) 5
(0,58.68100909026953) 4
