1000 1000
10
(0,0)
23 200
200
(690.4419456930978,788.1369363286328) 3
(232.9859912552044,312.6681976141855) 9
(0,326.9085945327937) 1
(650.0414931964809,28.23239152534717) 7
(548.2542484943257,120.2020280965308) 8
(844.4417802489559,420.09943585983945) 5
(669.7695637465303,938.2739888427407) 10
(814.7355322110471,456.27148838493105) 10
(462.1111638998076,807.9639117990816) 9
(408.2931090896619,341.3293675043712) 10
(384.174239553161,1000) 5
(313.79411137807836,144.2087451277518) 4
(0,35.51488226966052) 5
(552.4360402655481,687.2746588046189) 1
(760.5356292989263,167.85685547459894) 8
(1000,172.34249555379057) 10
(169.31150699349627,802.0713860643602) 6
(721.8491963620912,730.9686251088444) 1
(364.1843545237207,674.8003114475723) 7
(546.8817763049457,889.4931479621107) 9
(532.5144830820716,679.7338722203534) 6
(404.38263681504486,957.9854038005019) 10
(178.07152954956825,285.82796616262306) 6
(524.1428164349452,423.22953839322844) 5
(474.31953175611096,138.3746148836358) 1
(588.6865834320406,799.7560154952687) 7
(0,516.6861153438415) 10
(764.1291988289146,951.9601611755975) 5
(685.5938015328212,807.6632880370516) 2
(528.052554730577,870.6797024008712) 6
(531.6620732867925,569.1370929024199) 1
(657.3661057701818,815.3856216862441) 2
(0,40.31242042896537) 9
(1000,389.9169685931255) 4
(0,854.0957956213537) 6
(56.889613977406896,0) 6
(997.3780726954283,729.458544265633) 5
(278.266763650409,764.6891675129102) 7
(343.6837346343385,534.5487065753413) 5
(439.7322701798863,524.4903036459291) 3
(240.95461345718138,503.17871412723986) 3
(213.97887992575477,805.9689396126083) 7
(126.99035624456491,549.7078198580537) 8
(329.7039368756977,0) 9
(38.86037548371513,136.32280218388917) 3
(493.19375110393634,253.67012727179602) 5
(631.993900995405,404.39218063577204) 5
(331.7019576340007,762.1693196127508) 9
(1000,677.6362565053752) 4
(0,48.8839531949485) 4
(1000,454.8009329685276) 10
(366.1224985955083,887.382467136031) 1
(379.23287310880323,382.7163409899274) 8
(590.1231980545017,126.18344799102312) 7
(1000,526.5512116033377) 7
(990.3248567507403,742.9098120748889) 4
(279.3256219154344,690.8904240249069) 1
(652.759551071518,555.7274190268556) 3
(749.5080187708569,1000) 1
(292.70561646537095,846.9301961738608) 5
(281.23523505575974,436.95002144501746) 4
(0,285.71905449999167) 6
(131.47106485412257,544.3200462945713) 5
(0,339.68577830914643) 2
(220.48587015120643,907.4591775616245) 3
(373.9616058643455,706.8876868901051) 6
(346.1954798819661,575.6742840293496) 9
(970.2468472768139,0) 5
(441.67054665585596,777.8380926218299) 5
(15.6515615084287,129.12382340754363) 3
(658.9700824066979,369.34523702516236) 4
(805.809361965682,488.543787356445) 8
(570.3439966557582,975.6656587739737) 1
(231.81227541784023,278.29999857096215) 3
(1000,420.1371118627588) 7
(188.24956425705358,0) 5
(495.1251687191633,576.9973962492268) 1
(608.1579378403552,598.0419009631214) 8
(117.75323545558462,533.2803275523852) 4
(511.3392879425176,695.4571286505299) 7
(523.703846356813,592.2394071907398) 1
(855.0981060790507,207.78709618561498) 1
(902.2049759512031,883.9771158838104) 5
(468.433516041878,405.44533586616103) 1
(679.3284339844777,400.12645111617815) 8
(933.3100316591515,630.1632691481984) 3
(430.40967914181834,10.98017442723443) 7
(508.2807433078796,776.5421951830463) 3
(9.946899277509317,278.4207714040287) 2
(0,709.5540068726642) 10
(285.014120469302,383.3929898368156) 4
(0,760.8007936975614) 1
(1000,440.8019742898532) 5
(0,0) 5
(1000,865.1826499745921) 6
(960.9201299211302,85.61301579733384) 4
(492.3004126423511,625.7145806831905) 5
(291.37882419925876,691.9510158353341) 7
(719.2608332629951,465.6739796642154) 3
(368.38518279322625,448.97005809637784) 10
(192.51124240503708,634.3871438605456) 10
(616.0383358313695,393.3438616800321) 5
(278.65289226810387,362.7420401528923) 5
(149.27108523472873,422.45762319477285) 1
(368.5734515469418,434.1700515698337) 1
(234.92793740654423,159.9489319061459) 10
(422.0576975241083,97.40461652918458) 1
(474.17215358774365,821.045588841561) 5
(808.3558861481206,478.54107177487725) 1
(264.55540947257555,564.9655796454775) 10
(553.8879122870221,967.729623021222) 4
(123.94790659966145,228.54346192063224) 3
(60.88975413522411,603.641506900828) 9
(657.5001291143595,0) 3
(0,108.31158699584535) 1
(556.3156529544776,335.21244648101447) 8
(669.2045995946887,738.4410633896124) 3
(306.5625393807849,404.4071801871417) 5
(1000,590.226063982944) 3
(190.5727795813866,197.64012986499597) 9
(329.67714604732464,277.54833073863745) 6
(677.1418133497932,568.3894396395492) 6
(882.1744061240349,1000) 1
(0,545.8095174055228) 4
(434.2585573574883,466.7471815092409) 10
(523.7162322584271,599.3438871084732) 1
(341.9319278068893,970.9581376438812) 6
(0,472.9901619255177) 1
(731.4757276553294,659.4512334719443) 2
(250.7510961584482,456.8167047514915) 3
(695.4136644145602,73.23397338704177) 1
(495.61978988348415,588.8869390794778) 8
(462.5374314348355,138.35666405393647) 1
(111.61229097541701,18.73682989843047) 10
(204.83999680452632,831.5030102950341) 9
(311.619160268486,941.9256994608118) 5
(22.49526575443622,461.57649198352374) 1
(484.310903845522,735.771767193444) 10
(1000,942.4136135827631) 1
(295.5377208124629,705.2036410031255) 2
(556.9210853625461,0) 1
(205.92755477523815,1000) 1
(438.5880757197216,756.083331918621) 4
(814.1488144741078,830.8174433255633) 2
(481.83562955294167,276.9644974721555) 9
(33.47223419719677,389.2951023861467) 4
(298.6026286326454,583.2997342211789) 5
(0,182.4591305943037) 2
(103.59981077010292,464.47956671233953) 1
(958.2476036587946,395.994674089174) 8
(404.804721188406,839.9478037369928) 6
(674.1454512077036,680.2523307960023) 10
(58.81165131808359,457.03744685775916) 2
(870.9547923289309,608.4536796794459) 1
(13.857620121547484,1000) 4
(558.3011976351787,308.8723409301974) 8
(246.03817153282765,944.7016585938823) 5
(1000,248.85567528755422) 1
(590.7314477468065,307.5903535085216) 9
(564.3569708653968,780.2182705940477) 6
(1000,302.21584635737634) 5
(1000,471.9102442282052) 3
(585.0999438321574,600.5246391357666) 5
(295.7129288799558,310.0634428157024) 2
(435.4245760704206,742.4643962803254) 9
(90.31157959185538,689.4860583983414) 10
(198.86151515214652,1000) 8
(1000,363.4811418931099) 10
(503.98737817346847,159.13325463402902) 4
(588.3236002736963,810.739172678151) 2
(66.91240000425006,0) 2
(373.86986522043816,676.4004619250059) 7
(609.082760474992,448.9551438663057) 1
(388.85204600729094,309.5107508517353) 6
(929.8276354756865,1000) 7
(578.0719119635745,710.2497159681349) 6
(155.15625390205042,804.2387624137782) 1
(254.36854429011885,478.33921306401726) 4
(0,234.17714921398095) 8
(114.05964859050073,333.454079791692) 3
(0,255.3211077062626) 7
(506.2743866282518,561.8380927283104) 8
(535.4238944102283,672.1207866450959) 4
(290.8412494076964,1000) 5
(837.6108051828571,719.765338899983) 6
(338.2300079537906,118.26997464637338) 4
(815.7109554359187,576.718234767271) 1
(153.50932189431586,393.60756750967846) 1
(483.02863463224577,957.8446728733634) 2
(638.8615850904475,683.1553210680313) 1
(570.3281220468311,1000) 1
(690.5983096227401,166.27372910954904) 1
(502.1064785345559,681.2719797260147) 9
(265.79390875393824,737.8470911324273) 8
(256.3354793154799,740.7870590671132) 4
(681.016242105769,984.3260765335422) 7
(0,470.3544611066654) 10
(332.21300349901423,508.3028864988147) 7
(611.7115605286293,410.02379023263086) 8
(0,753.7028284977371) 3
