1000 1000
10
(0,0)
23 200
200
(445.1635768577149,0) 7
(359.0025224639358,528.636740155197) 1
(871.7869487558986,0) 3
(424.8991495575903,0) 5
(1000,360.1832171692876) 10
(780.1273679756596,612.2068722985077) 5
(541.6081231759597,0) 7
(1000,711.0746093256059) 9
(868.7786987324639,105.0481343809393) 1
(124.08329978376179,83.0801098664391) 7
(706.6206102335157,4.271618377893958) 1
(623.9905912540904,540.4311443187837) 3
(1000,496.9681549755218) 4
(558.7326811766724,200.83061141435678) 5
(553.8114539139171,755.8987008294516) 4
(518.9634993211823,221.03446144337568) 1
(57.41559426688178,640.5869360024507) 4
(679.4060146472774,281.51169972966943) 1
(975.6523708147367,254.20810893274827) 4
(682.6452399785185,774.3870010249977) 4
(426.6887757383632,494.54038604005433) 10
(396.96028153326847,638.9639539685941) 5
(552.3191379818684,195.33133701793145) 1
(161.20391348696654,518.2029685035324) 2
(141.13916197091692,94.82051506761758) 2
(840.4707716885705,916.3393703855152) 5
(712.5370401936959,376.717826051745) 6
(1000,645.3959378396823) 7
(952.1413475256566,0) 5
(0,0) 4
(900.7860184666722,694.1681484072199) 9
(5.345560843639703,883.3873687801643) 3
(0,595.8773865851839) 1
(73.7739354358406,223.29507856081062) 1
(137.09581664108708,777.0773352754543) 1
(1000,723.7013065884028) 2
(673.6091801284606,608.7982367571703) 9
(651.4382462590592,360.1689875187674) 7
(765.5980792624105,490.47818088078327) 1
(771.166829813855,870.2193269606794) 4
(398.81523138686305,276.4794758075903) 4
(842.5011691304096,392.63757462788885) 8
(361.1562566602284,789.9954940128698) 10
(509.7414758900506,1000) 3
(0,163.27293124870988) 8
(238.08153135988516,811.7474073999392) 2
(334.9643466768264,66.55924400272971) 1
(872.9920201614664,1000) 5
(2.2371812913029885,164.33486326567504) 1
(507.0831306978518,596.7559277607728) 1
(394.92563057470545,145.8861537290844) 7
(399.783289479453,410.8757662682403) 1
(566.9871634009747,521.2079777561755) 7
(618.4819800723161,953.4501731218709) 5
(153.08256248084763,189.40374752593902) 3
(663.2617613763316,0) 2
(753.0508078574494,920.002527611349) 1
(465.21186443854515,734.5316482685681) 5
(332.1384065643902,1000) 7
(0,138.65446162561972) 10
(456.1913249313515,715.9847878170378) 1
(444.23687707412205,0) 7
(614.6070068262167,725.3060988109454) 3
(697.8375082219354,633.9352669777562) 1
(318.3442532616199,483.0760001615126) 6
(457.48835388012753,623.2018200141144) 7
(184.74045752326998,862.1870949107015) 2
(680.7964657348388,715.600868710491) 9
(555.9573943719301,324.5558431002793) 5
(0,783.250284549431) 3
(695.6053854246411,418.7227622097948) 6
(627.9014486305172,234.32149029050316) 1
(430.73357272009275,287.4039364921347) 6
(750.2931586039375,740.7313897172288) 10
(757.2371432001324,555.7104441433833) 4
(401.06377972635573,380.80778986903385) 7
(908.8685664550899,321.9463435102307) 7
(1000,527.2135800887827) 3
(883.5440524408607,333.9864449557447) 1
(132.52790220365995,281.9422446878227) 5
(548.7200318088744,670.7102351226758) 1
(699.8862452003689,772.3614057607406) 2
(562.7347311936607,858.6562821756206) 10
(295.8975276675901,422.05436604302116) 7
(569.3163913357942,504.0601161387647) 1
(129.91077210991898,817.8065606304986) 1
(395.4539518707719,745.625608051291) 6
(308.8293604678711,517.5434556195373) 7
(356.70176887099575,675.2125914134281) 5
(879.7491780331311,202.80062104208537) 2
(0,570.6976385791306) 4
(401.6678836312034,159.7838331961318) 4
(0,1000) 5
(487.7983155217393,355.62867295123226) 6
(623.5728019398189,405.2931198688785) 4
(648.1552953222975,192.31912831775435) 5
(375.92985020713184,538.285305210695) 7
(742.78207490772,413.2782441417988) 6
(839.044716855897,180.66714137955796) 7
(542.9789270012528,0) 6
(480.8746056834839,0) 1
(340.765209798279,826.2019310773871) 8
(430.8259137454647,905.6520070648887) 3
(539.0184103491583,427.4634849690881) 3
(576.3787239272107,208.16412422893177) 4
(1000,1000) 7
(655.7953146003271,476.3519386425766) 8
(696.759423614245,371.37522535252793) 2
(645.8642220823103,560.3518776153363) 10
(0,616.1878659971843) 6
(296.1405832727462,402.5884680646408) 1
(673.1746899995185,105.25369087310173) 3
(431.9426843344339,618.9279038964196) 10
(0,425.8818471381323) 5
(533.3021453998367,335.3924336044904) 4
(623.114520970541,554.9488754546893) 5
(350.76957514019364,84.99486426498561) 2
(713.0360330648207,1000) 2
(928.8285079701668,848.5048985857685) 7
(674.0023379869092,706.5354253638337) 3
(497.72660169738555,619.9220167397293) 4
(454.8367782898647,254.54381309696404) 6
(974.6021664934409,447.3813887291205) 4
(0,28.371007842470533) 6
(1000,628.8289072489188) 1
(898.3477100257679,356.3155478113669) 1
(1000,604.0462780606796) 5
(293.16923407603934,134.52751293572783) 9
(644.6384213066071,424.016894731529) 3
(753.1284991522461,682.1854317486442) 10
(623.1144565250796,17.358300960669737) 6
(359.06049008523655,424.95297577463407) 5
(732.1683141797522,620.9593039798802) 2
(291.3007116228174,233.81819940139263) 8
(901.4146964337152,690.9482600046027) 1
(683.0788262442354,571.9775977207929) 8
(183.454731200131,74.24056146282516) 7
(307.3851251241133,844.7052407176634) 3
(806.544753001457,264.43008244544365) 6
(726.0252506073878,703.5312308033679) 9
(775.904182010792,535.6480672119121) 1
(138.70697960854847,0) 3
(572.350595130712,357.45280937886173) 4
(207.81675049346643,0) 1
(855.6159355946105,540.8659427842715) 4
(525.8919142901759,877.35151665021) 1
(1000,448.73626005215823) 5
(437.0829797717697,677.454751840028) 1
(364.09480053854827,179.1252673232592) 7
(1000,112.13596711462606) 10
(838.6939004922589,1000) 7
(609.9502792922152,233.3892402263399) 8
(165.59555952658167,442.99925038790593) 6
(361.3955056518836,189.120087454601) 4
(173.92809074874555,338.74216927881605) 10
(0,324.05860034698344) 7
(564.612054652664,201.9334636814378) 1
(1000,608.4469603595257) 3
(753.1880727760765,0) 3
(313.99700551474916,952.8791507501426) 7
(772.0246293130592,347.4360143848445) 6
(819.5896767513257,266.70779664206805) 5
(560.6454816810141,437.3937247990092) 10
(279.02921712361547,677.3702285375232) 4
(253.3255765139588,353.70880286640204) 5
(462.72759130824824,243.770722270784) 6
(868.9657621370831,463.86251841976974) 1
(160.91223050644203,289.96174696973867) 3
(236.67808753835675,1000) 5
(525.0640229965404,105.23515281465137) 9
(311.0631918786613,989.2905912530427) 10
(181.20777953333447,820.5538989230208) 3
(353.48941878148344,315.2154195699168) 10
(259.3881004891473,432.0848486957125) 10
(852.1913937302577,364.31380284791453) 2
(1000,593.5240795566597) 5
(487.77463656538674,0) 2
(859.3676133389995,833.8006067669166) 3
(303.003690305925,134.01320514772675) 8
(424.54534436912587,250.52686564885977) 4
(1000,767.5454856531691) 8
(626.1784352957942,491.07376604535887) 5
(537.681555766607,601.579876692508) 4
(529.5708714418985,925.3243870718384) 1
(809.4594693667535,705.2490682275682) 1
(892.7298223803168,68.36827648934491) 3
(1000,888.7868548701384) 1
(485.8492347620686,1000) 1
(305.1660807361017,387.6075360511458) 8
(104.5798448620601,1000) 7
(758.8142956041954,248.60881502957716) 6
(0,266.4782585466719) 5
(0,594.3477923370099) 5
(364.2355145843345,498.1623831448858) 6
(709.1087455438508,821.6465903553219) 6
(1000,621.137680692307) 2
(735.4263373321352,241.51945730176698) 5
(923.568017672708,1000) 3
(319.012394430928,673.1191640853157) 4
(649.0867461398425,777.5189568977775) 5
