1000 1000
10
(0,0)
23 200
200
(200.6934717739079,164.1139406120451) 4
(98.58177913357667,612.5455110284884) 1
(809.868560190466,490.60865270910875) 4
(486.612822501934,601.7165549675707) 1
(248.81575552234838,486.64359378016877) 4
(580.0434143051733,745.4769088684508) 10
(395.4176957444886,475.3073218139945) 3
(434.87858801468667,512.5038885868678) 7
(451.16770724271373,770.5203378805177) 9
(511.43070554120624,251.56904298380192) 5
(658.9544268706845,0) 1
(455.60363690537775,556.1583522077303) 3
(768.0930148758398,259.50202030801756) 6
(106.61897825823633,384.4257889350404) 9
(720.6981833958214,357.8849040610721) 5
(279.15001869788466,1000) 2
(889.5124312885893,676.7229093163944) 5
(450.9738609686241,0) 8
(635.7972174532226,929.6830511960154) 6
(0,1000) 2
(326.3695242658515,0) 10
(411.12526438561724,525.4984545190165) 4
(0,356.9974835448792) 4
(395.4046968614938,470.0965465975462) 1
(0,301.5796624729552) 6
(887.7379141605658,924.5184601987555) 4
(1000,882.3868482322696) 3
(165.23320639623807,294.2789497581919) 4
(272.4178348052534,521.4224170630134) 4
(259.35347689249215,273.74418704623804) 6
(396.8670143989374,698.4069494729737) 1
(254.16169337855305,524.2433826791238) 3
(0,932.2841258927835) 4
(1000,248.82278073294844) 3
(717.8720099305666,594.9648304281934) 5
(28.403460162338718,687.8484090778612) 3
(534.8582922928038,513.9783630468266) 4
(356.30142560387424,177.9326662451037) 5
(151.0347652123986,373.0458562980879) 7
(236.03070842769188,232.76907201954003) 7
(903.9664749210041,850.2472255646624) 5
(652.2005713854924,895.4098992180079) 8
(1000,187.73113888045475) 1
(816.3188324590217,0) 3
(0,387.70031399507326) 4
(251.93777544111956,479.82670101492647) 10
(281.28023618308725,1000) 8
(527.8815874272249,0) 6
(153.00789038437557,394.9433002007297) 2
(876.3605722107468,583.1005283207795) 2
(933.5551939437964,638.6331149695002) 2
(381.4490071982676,453.26851471295737) 10
(554.4610120082872,568.2700988905332) 2
(543.8711785964238,922.1381906933256) 6
(367.81229141435244,36.239333856025894) 7
(189.95604922010955,493.9357040803229) 5
(368.8819072497128,0) 1
(947.9487990090424,139.1511889532137) 6
(652.7519534021304,296.55602612193286) 8
(616.1010290278585,683.3297910792731) 3
(387.9664449726287,657.0343617538244) 5
(0,430.76476285065866) 1
(822.4386304463719,210.43455068433326) 3
(1000,757.650774739249) 7
(675.510927403273,239.83590332459005) 3
(287.1088535920235,577.6315416348111) 4
(299.784350356524,265.16656643348614) 8
(450.13884654567073,759.9216884213272) 4
(408.7245658713921,26.939966309227543) 3
(120.26504746201817,2.2666766597473043) 8
(1000,1000) 9
(553.0812643446542,586.4149786692213) 1
(138.5859000626744,731.0788851440863) 10
(713.4619855741804,434.93407353635223) 9
(879.5345884440322,642.8790686581812) 3
(407.2952070282446,775.0379823626879) 10
(358.2547423438507,251.6847570989622) 8
(893.3911666591332,702.5228143326528) 6
(58.92265073800564,0) 1
(406.64149209357777,717.5737892580523) 1
(215.75973141632568,1000) 6
(390.94687695877144,613.3012074050134) 3
(732.6715491953545,265.81730866946145) 10
(378.10697991229995,654.0184935194064) 8
(0,833.3773049558898) 7
(927.0277921426821,776.3840937586006) 6
(0,341.8333381414602) 6
(1000,659.8983477312867) 6
(575.0349201122059,895.2806374991608) 10
(0,630.6863868891171) 3
(716.9385341933798,267.9068900771388) 6
(578.2880769371156,296.05375649527855) 4
(391.09701304140356,793.0196665539858) 6
(550.3303229270317,766.9625427682893) 2
(106.338753843257,383.9011846966073) 2
(1000,933.866973106931) 6
(287.97262911066184,283.25742717415085) 10
(208.4759455359075,604.5815272030715) 3
(872.5981603120608,468.6337556729539) 1
(43.108419824060206,76.53604501412286) 4
(587.2018996562704,867.4576700065963) 5
(425.95132834765485,0.28443505572852246) 4
(776.3335868753131,372.09294524563194) 8
(1000,186.90891338534857) 1
(128.95350250060937,615.9015477396811) 5
(1000,582.9497693018462) 8
(850.0112046206281,275.6057151945183) 4
(187.17717081226033,666.5059808776413) 10
(851.40265503363,442.30219810979213) 1
(186.1772578575068,1000) 3
(612.9278231531297,31.659605533049444) 1
(446.0260055460388,344.42858221299844) 5
(772.090547946071,0) 3
(384.1683865706906,721.6332179525687) 1
(223.44660878185852,716.9936825087385) 1
(481.13410953845084,0) 1
(612.4936355280282,909.8213534148898) 9
(244.45863297969018,512.7005851401532) 5
(886.3688835830678,583.4601235365632) 7
(1000,559.1595780082683) 10
(146.55361666367037,704.6576871103483) 9
(444.45202452540434,532.4024475362489) 1
(609.9081524664675,682.6165342989892) 2
(215.94850504253128,186.17114084605214) 10
(878.8977571679097,424.8683689006567) 5
(208.89587519581352,909.1182096853609) 1
(0,716.3770754669602) 7
(454.2236823680289,290.04180218416025) 1
(735.7311487662681,801.2805086116011) 8
(953.9105144352018,602.9764592713161) 5
(419.4845116492021,179.47874269615602) 2
(542.5087083877944,816.9413091982324) 3
(7.841089921949617,423.20952582718303) 7
(644.6554878490922,0) 10
(644.5888661885524,354.13882203420576) 8
(37.84032956455968,0) 6
(820.5808325112869,0) 1
(244.2867104139121,398.9795058803997) 6
(1000,304.29129372547294) 7
(397.05723761209236,755.091590927067) 7
(655.8343249278633,618.06927536273) 4
(468.5553914709712,803.7193745676008) 3
(511.64194875410385,923.5723575213408) 3
(163.97652563716173,523.4679598877811) 1
(675.9505352426286,307.2816864661281) 6
(502.8951849205263,816.1844749991446) 8
(589.2492059882549,705.7054787104157) 1
(777.7418072633368,1000) 4
(63.98145677807821,586.8810222830821) 10
(0,663.2864644378252) 1
(461.65499379667153,361.7344321034019) 7
(609.9672996371788,698.7931346763103) 1
(373.9839169013828,312.6010810190379) 7
(0,104.01456516765921) 2
(335.3570934068522,762.9418931050545) 10
(0,982.053924891447) 6
(0,657.4489325917576) 9
(123.57385764469194,920.4429350478134) 4
(420.83349504835013,972.7297421279483) 6
(770.9693237437614,0) 5
(0,711.5375055371557) 9
(353.56579722442643,587.2227853492998) 9
(626.394342806323,855.1974400056678) 3
(179.10356977501033,583.2486828880859) 4
(385.5843316366885,447.6350146592806) 5
(825.3307592443591,0) 5
(149.8290496614082,685.3313600344023) 3
(416.5565725837055,387.2299393706692) 6
(125.90012637699328,196.16895926544078) 1
(144.9490867384323,439.6988545552396) 4
(383.29248105395885,912.2980526427002) 6
(790.2428647237899,293.03024666634417) 8
(0,128.89584358743576) 3
(592.1411962966531,593.138275582937) 10
(624.7399715242103,495.38607890336124) 1
(745.6190299097466,555.4760386941059) 8
(813.152681523375,126.10107509928793) 6
(95.16927909603942,573.7019129615644) 4
(147.48945762060015,0) 5
(433.191531102054,574.2722344200373) 5
(695.19754473372,52.287907185990605) 3
(414.8073667314452,598.6255137185207) 1
(548.2740852037077,1000) 1
(550.302902796021,240.23594380356286) 3
(391.6250396221692,672.6322058940056) 7
(886.7120341893501,565.3384080255869) 10
(621.0356645737713,443.340873608837) 7
(323.44608416496567,577.4306285736601) 6
(1000,0) 5
(745.0186147903053,320.443635635164) 8
(270.27793587963214,307.85892528927195) 3
(488.4582150805284,295.7894340140035) 10
(926.5164251307272,447.8196280592253) 5
(412.3494786954778,1000) 6
(775.549372570588,34.17292154017008) 1
(74.00554096149574,487.6824663236384) 1
(48.507179653190406,431.64742277713106) 4
(1000,784.1487833049293) 1
(110.60694349667921,944.8084895013939) 5
(213.59008839333598,619.3546516072371) 7
